mean_fit_time,std_fit_time,mean_score_time,std_score_time,param_balance,param_classify__C,param_classify__max_iter,param_classify__n_jobs,param_classify__penalty,param_classify__random_state,param_classify__solver,param_classify__tol,param_impute,param_select,param_select__k,param_transform,params,split0_test_f1_weighted_scorer,split1_test_f1_weighted_scorer,split2_test_f1_weighted_scorer,mean_test_f1_weighted_scorer,std_test_f1_weighted_scorer,rank_test_f1_weighted_scorer,split0_test_roc_auc_scorer,split1_test_roc_auc_scorer,split2_test_roc_auc_scorer,mean_test_roc_auc_scorer,std_test_roc_auc_scorer,rank_test_roc_auc_scorer,split0_test_accuracy_scorer,split1_test_accuracy_scorer,split2_test_accuracy_scorer,mean_test_accuracy_scorer,std_test_accuracy_scorer,rank_test_accuracy_scorer
0.09372838338216145,0.03132056294917781,0.013423760732014975,0.003109157941589351,,0.1,100,2,l2,42,lbfgs,1e-08,SimpleImputer(strategy='median'),SelectKBest(score_func=<function mutual_info_classif at 0x766691e17420>),7,,"{'balance': None, 'classify__C': 0.1, 'classify__max_iter': 100, 'classify__n_jobs': 2, 'classify__penalty': 'l2', 'classify__random_state': 42, 'classify__solver': 'lbfgs', 'classify__tol': 1e-08, 'impute': SimpleImputer(strategy='median'), 'select': SelectKBest(score_func=<function mutual_info_classif at 0x766691e17420>), 'select__k': 7, 'transform': None}",0.7005494505494505,0.8564890487087284,0.6651411136536994,0.7407265376372928,0.08312302852841663,1,0.7181818181818181,0.8272727272727273,0.7636363636363637,0.7696969696969697,0.04474188806131335,162,0.7142857142857143,0.8571428571428571,0.6666666666666666,0.746031746031746,0.08093681767607594,1
0.15802454948425293,0.03475961154263345,0.025644222895304363,0.011775230826384951,,0.1,100,2,l2,42,lbfgs,1e-06,,SelectKBest(score_func=<function mutual_info_classif at 0x766691e17420>),7,,"{'balance': None, 'classify__C': 0.1, 'classify__max_iter': 100, 'classify__n_jobs': 2, 'classify__penalty': 'l2', 'classify__random_state': 42, 'classify__solver': 'lbfgs', 'classify__tol': 1e-06, 'impute': None, 'select': SelectKBest(score_func=<function mutual_info_classif at 0x766691e17420>), 'select__k': 7, 'transform': None}",0.7005494505494505,0.8564890487087284,0.6651411136536994,0.7407265376372928,0.08312302852841663,1,0.7181818181818181,0.8272727272727273,0.7636363636363637,0.7696969696969697,0.04474188806131335,162,0.7142857142857143,0.8571428571428571,0.6666666666666666,0.746031746031746,0.08093681767607594,1
0.13471587498982748,0.036638828581498986,0.0281522274017334,0.0066769118636220304,,0.1,500,2,l2,42,lbfgs,1e-08,SimpleImputer(strategy='median'),SelectKBest(score_func=<function mutual_info_classif at 0x766691e17420>),7,,"{'balance': None, 'classify__C': 0.1, 'classify__max_iter': 500, 'classify__n_jobs': 2, 'classify__penalty': 'l2', 'classify__random_state': 42, 'classify__solver': 'lbfgs', 'classify__tol': 1e-08, 'impute': SimpleImputer(strategy='median'), 'select': SelectKBest(score_func=<function mutual_info_classif at 0x766691e17420>), 'select__k': 7, 'transform': None}",0.7005494505494505,0.8564890487087284,0.6651411136536994,0.7407265376372928,0.08312302852841663,1,0.7181818181818181,0.8272727272727273,0.7636363636363637,0.7696969696969697,0.04474188806131335,162,0.7142857142857143,0.8571428571428571,0.6666666666666666,0.746031746031746,0.08093681767607594,1
0.7455910046895345,0.16781599091985008,0.0383607546488444,0.007608681328075381,,100.0,2000,2,l2,42,lbfgs,1e-08,,SelectKBest(score_func=<function mutual_info_classif at 0x766691e17420>),9,,"{'balance': None, 'classify__C': 100.0, 'classify__max_iter': 2000, 'classify__n_jobs': 2, 'classify__penalty': 'l2', 'classify__random_state': 42, 'classify__solver': 'lbfgs', 'classify__tol': 1e-08, 'impute': None, 'select': SelectKBest(score_func=<function mutual_info_classif at 0x766691e17420>), 'select__k': 9, 'transform': None}",0.7619047619047619,0.6936813186813188,0.712987012987013,0.7228576978576978,0.028713322879549218,4,0.7727272727272727,0.8090909090909091,0.7636363636363637,0.7818181818181819,0.019638608176993505,125,0.7619047619047619,0.7142857142857143,0.7142857142857143,0.7301587301587302,0.022447834323382435,4
0.6262962818145752,0.13173228036960097,0.03488477071126302,0.006348834897446654,,100.0,1000,2,l2,42,lbfgs,1e-08,,SelectKBest(score_func=<function mutual_info_classif at 0x766691e17420>),9,,"{'balance': None, 'classify__C': 100.0, 'classify__max_iter': 1000, 'classify__n_jobs': 2, 'classify__penalty': 'l2', 'classify__random_state': 42, 'classify__solver': 'lbfgs', 'classify__tol': 1e-08, 'impute': None, 'select': SelectKBest(score_func=<function mutual_info_classif at 0x766691e17420>), 'select__k': 9, 'transform': None}",0.7619047619047619,0.6936813186813188,0.712987012987013,0.7228576978576978,0.028713322879549218,4,0.7727272727272727,0.8090909090909091,0.7636363636363637,0.7818181818181819,0.019638608176993505,125,0.7619047619047619,0.7142857142857143,0.7142857142857143,0.7301587301587302,0.022447834323382435,4
0.6626316706339518,0.06621981448014858,0.03961960474650065,0.018066272178206482,,100.0,1000,2,l2,42,lbfgs,1e-08,SimpleImputer(strategy='median'),SelectKBest(score_func=<function mutual_info_classif at 0x766691e17420>),9,,"{'balance': None, 'classify__C': 100.0, 'classify__max_iter': 1000, 'classify__n_jobs': 2, 'classify__penalty': 'l2', 'classify__random_state': 42, 'classify__solver': 'lbfgs', 'classify__tol': 1e-08, 'impute': SimpleImputer(strategy='median'), 'select': SelectKBest(score_func=<function mutual_info_classif at 0x766691e17420>), 'select__k': 9, 'transform': None}",0.7619047619047619,0.6936813186813188,0.712987012987013,0.7228576978576978,0.028713322879549218,4,0.7727272727272727,0.8090909090909091,0.7636363636363637,0.7818181818181819,0.019638608176993505,125,0.7619047619047619,0.7142857142857143,0.7142857142857143,0.7301587301587302,0.022447834323382435,4
0.4447091420491536,0.15924681406777386,0.020203272501627605,0.008080328097299855,,100.0,2000,2,l2,42,lbfgs,1e-06,,SelectKBest(score_func=<function mutual_info_classif at 0x766691e17420>),9,,"{'balance': None, 'classify__C': 100.0, 'classify__max_iter': 2000, 'classify__n_jobs': 2, 'classify__penalty': 'l2', 'classify__random_state': 42, 'classify__solver': 'lbfgs', 'classify__tol': 1e-06, 'impute': None, 'select': SelectKBest(score_func=<function mutual_info_classif at 0x766691e17420>), 'select__k': 9, 'transform': None}",0.7619047619047619,0.6936813186813188,0.712987012987013,0.7228576978576978,0.028713322879549218,4,0.7727272727272727,0.8090909090909091,0.7636363636363637,0.7818181818181819,0.019638608176993505,125,0.7619047619047619,0.7142857142857143,0.7142857142857143,0.7301587301587302,0.022447834323382435,4
0.6449642976125082,0.10741350539660593,0.03010400136311849,0.011546670172502133,,100.0,2000,2,l2,42,lbfgs,1e-08,SimpleImputer(strategy='median'),SelectKBest(score_func=<function mutual_info_classif at 0x766691e17420>),9,,"{'balance': None, 'classify__C': 100.0, 'classify__max_iter': 2000, 'classify__n_jobs': 2, 'classify__penalty': 'l2', 'classify__random_state': 42, 'classify__solver': 'lbfgs', 'classify__tol': 1e-08, 'impute': SimpleImputer(strategy='median'), 'select': SelectKBest(score_func=<function mutual_info_classif at 0x766691e17420>), 'select__k': 9, 'transform': None}",0.7619047619047619,0.6936813186813188,0.712987012987013,0.7228576978576978,0.028713322879549218,4,0.7727272727272727,0.8090909090909091,0.7636363636363637,0.7818181818181819,0.019638608176993505,125,0.7619047619047619,0.7142857142857143,0.7142857142857143,0.7301587301587302,0.022447834323382435,4
0.33445580800374347,0.07560488262261136,0.02322252591451009,0.010969093981095019,,100.0,1000,2,l2,42,lbfgs,0.0001,,SelectKBest(score_func=<function mutual_info_classif at 0x766691e17420>),9,,"{'balance': None, 'classify__C': 100.0, 'classify__max_iter': 1000, 'classify__n_jobs': 2, 'classify__penalty': 'l2', 'classify__random_state': 42, 'classify__solver': 'lbfgs', 'classify__tol': 0.0001, 'impute': None, 'select': SelectKBest(score_func=<function mutual_info_classif at 0x766691e17420>), 'select__k': 9, 'transform': None}",0.7619047619047619,0.6936813186813188,0.712987012987013,0.7228576978576978,0.028713322879549218,4,0.7727272727272727,0.8090909090909091,0.7636363636363637,0.7818181818181819,0.019638608176993505,125,0.7619047619047619,0.7142857142857143,0.7142857142857143,0.7301587301587302,0.022447834323382435,4
0.47085078557332355,0.12029784981460324,0.020045995712280273,0.008946044145006236,,100.0,500,2,l2,42,lbfgs,1e-08,SimpleImputer(strategy='median'),SelectKBest(score_func=<function mutual_info_classif at 0x766691e17420>),9,,"{'balance': None, 'classify__C': 100.0, 'classify__max_iter': 500, 'classify__n_jobs': 2, 'classify__penalty': 'l2', 'classify__random_state': 42, 'classify__solver': 'lbfgs', 'classify__tol': 1e-08, 'impute': SimpleImputer(strategy='median'), 'select': SelectKBest(score_func=<function mutual_info_classif at 0x766691e17420>), 'select__k': 9, 'transform': None}",0.7619047619047619,0.6936813186813188,0.712987012987013,0.7228576978576978,0.028713322879549218,4,0.7727272727272727,0.8090909090909091,0.7636363636363637,0.7818181818181819,0.019638608176993505,125,0.7619047619047619,0.7142857142857143,0.7142857142857143,0.7301587301587302,0.022447834323382435,4
0.5066595077514648,0.16676641197856504,0.01927940050760905,0.013209553987880327,,100.0,500,2,l2,42,lbfgs,1e-06,SimpleImputer(strategy='median'),SelectKBest(score_func=<function mutual_info_classif at 0x766691e17420>),9,,"{'balance': None, 'classify__C': 100.0, 'classify__max_iter': 500, 'classify__n_jobs': 2, 'classify__penalty': 'l2', 'classify__random_state': 42, 'classify__solver': 'lbfgs', 'classify__tol': 1e-06, 'impute': SimpleImputer(strategy='median'), 'select': SelectKBest(score_func=<function mutual_info_classif at 0x766691e17420>), 'select__k': 9, 'transform': None}",0.7619047619047619,0.6936813186813188,0.712987012987013,0.7228576978576978,0.028713322879549218,4,0.7727272727272727,0.8090909090909091,0.7636363636363637,0.7818181818181819,0.019638608176993505,125,0.7619047619047619,0.7142857142857143,0.7142857142857143,0.7301587301587302,0.022447834323382435,4
0.2770699659983317,0.054458968249183524,0.008679628372192383,0.0002631171279337732,,100.0,500,2,l2,42,lbfgs,1e-06,,SelectKBest(score_func=<function mutual_info_classif at 0x766691e17420>),9,,"{'balance': None, 'classify__C': 100.0, 'classify__max_iter': 500, 'classify__n_jobs': 2, 'classify__penalty': 'l2', 'classify__random_state': 42, 'classify__solver': 'lbfgs', 'classify__tol': 1e-06, 'impute': None, 'select': SelectKBest(score_func=<function mutual_info_classif at 0x766691e17420>), 'select__k': 9, 'transform': None}",0.7619047619047619,0.6936813186813188,0.712987012987013,0.7228576978576978,0.028713322879549218,4,0.7727272727272727,0.8090909090909091,0.7636363636363637,0.7818181818181819,0.019638608176993505,125,0.7619047619047619,0.7142857142857143,0.7142857142857143,0.7301587301587302,0.022447834323382435,4
0.5387270450592041,0.09219728917483169,0.04698300361633301,0.010313552023707902,,100.0,1000,2,l2,42,lbfgs,1e-06,SimpleImputer(strategy='median'),SelectKBest(score_func=<function mutual_info_classif at 0x766691e17420>),9,,"{'balance': None, 'classify__C': 100.0, 'classify__max_iter': 1000, 'classify__n_jobs': 2, 'classify__penalty': 'l2', 'classify__random_state': 42, 'classify__solver': 'lbfgs', 'classify__tol': 1e-06, 'impute': SimpleImputer(strategy='median'), 'select': SelectKBest(score_func=<function mutual_info_classif at 0x766691e17420>), 'select__k': 9, 'transform': None}",0.7619047619047619,0.6936813186813188,0.712987012987013,0.7228576978576978,0.028713322879549218,4,0.7727272727272727,0.8090909090909091,0.7636363636363637,0.7818181818181819,0.019638608176993505,125,0.7619047619047619,0.7142857142857143,0.7142857142857143,0.7301587301587302,0.022447834323382435,4
0.3560813268025716,0.011610105430855373,0.032401482264200844,0.003842254406114299,,100.0,1000,2,l2,42,lbfgs,0.0001,SimpleImputer(strategy='median'),SelectKBest(score_func=<function mutual_info_classif at 0x766691e17420>),9,,"{'balance': None, 'classify__C': 100.0, 'classify__max_iter': 1000, 'classify__n_jobs': 2, 'classify__penalty': 'l2', 'classify__random_state': 42, 'classify__solver': 'lbfgs', 'classify__tol': 0.0001, 'impute': SimpleImputer(strategy='median'), 'select': SelectKBest(score_func=<function mutual_info_classif at 0x766691e17420>), 'select__k': 9, 'transform': None}",0.7619047619047619,0.6936813186813188,0.712987012987013,0.7228576978576978,0.028713322879549218,4,0.7727272727272727,0.8090909090909091,0.7636363636363637,0.7818181818181819,0.019638608176993505,125,0.7619047619047619,0.7142857142857143,0.7142857142857143,0.7301587301587302,0.022447834323382435,4
0.3324015140533447,0.16558825496100318,0.018343448638916016,0.013517155841273826,,100.0,2000,2,l2,42,lbfgs,0.0001,,SelectKBest(score_func=<function mutual_info_classif at 0x766691e17420>),9,,"{'balance': None, 'classify__C': 100.0, 'classify__max_iter': 2000, 'classify__n_jobs': 2, 'classify__penalty': 'l2', 'classify__random_state': 42, 'classify__solver': 'lbfgs', 'classify__tol': 0.0001, 'impute': None, 'select': SelectKBest(score_func=<function mutual_info_classif at 0x766691e17420>), 'select__k': 9, 'transform': None}",0.7619047619047619,0.6936813186813188,0.712987012987013,0.7228576978576978,0.028713322879549218,4,0.7727272727272727,0.8090909090909091,0.7636363636363637,0.7818181818181819,0.019638608176993505,125,0.7619047619047619,0.7142857142857143,0.7142857142857143,0.7301587301587302,0.022447834323382435,4
0.39352965354919434,0.12294464916328873,0.030918677647908527,0.010527498174856821,,100.0,2000,2,l2,42,lbfgs,1e-06,SimpleImputer(strategy='median'),SelectKBest(score_func=<function mutual_info_classif at 0x766691e17420>),9,,"{'balance': None, 'classify__C': 100.0, 'classify__max_iter': 2000, 'classify__n_jobs': 2, 'classify__penalty': 'l2', 'classify__random_state': 42, 'classify__solver': 'lbfgs', 'classify__tol': 1e-06, 'impute': SimpleImputer(strategy='median'), 'select': SelectKBest(score_func=<function mutual_info_classif at 0x766691e17420>), 'select__k': 9, 'transform': None}",0.7619047619047619,0.6936813186813188,0.712987012987013,0.7228576978576978,0.028713322879549218,4,0.7727272727272727,0.8090909090909091,0.7636363636363637,0.7818181818181819,0.019638608176993505,125,0.7619047619047619,0.7142857142857143,0.7142857142857143,0.7301587301587302,0.022447834323382435,4
0.29464300473531085,0.03965348547110961,0.008667866388956705,0.0002063034310237291,,100.0,100,2,l2,42,lbfgs,1e-06,,SelectKBest(score_func=<function mutual_info_classif at 0x766691e17420>),9,,"{'balance': None, 'classify__C': 100.0, 'classify__max_iter': 100, 'classify__n_jobs': 2, 'classify__penalty': 'l2', 'classify__random_state': 42, 'classify__solver': 'lbfgs', 'classify__tol': 1e-06, 'impute': None, 'select': SelectKBest(score_func=<function mutual_info_classif at 0x766691e17420>), 'select__k': 9, 'transform': None}",0.7619047619047619,0.6936813186813188,0.712987012987013,0.7228576978576978,0.028713322879549218,4,0.7727272727272727,0.8090909090909091,0.7636363636363637,0.7818181818181819,0.019638608176993505,125,0.7619047619047619,0.7142857142857143,0.7142857142857143,0.7301587301587302,0.022447834323382435,4
0.29932109514872235,0.035195826822673526,0.019930680592854817,0.008138695415090153,,100.0,200,2,l2,42,lbfgs,0.0001,,SelectKBest(score_func=<function mutual_info_classif at 0x766691e17420>),9,,"{'balance': None, 'classify__C': 100.0, 'classify__max_iter': 200, 'classify__n_jobs': 2, 'classify__penalty': 'l2', 'classify__random_state': 42, 'classify__solver': 'lbfgs', 'classify__tol': 0.0001, 'impute': None, 'select': SelectKBest(score_func=<function mutual_info_classif at 0x766691e17420>), 'select__k': 9, 'transform': None}",0.7619047619047619,0.6936813186813188,0.712987012987013,0.7228576978576978,0.028713322879549218,4,0.7727272727272727,0.8090909090909091,0.7636363636363637,0.7818181818181819,0.019638608176993505,125,0.7619047619047619,0.7142857142857143,0.7142857142857143,0.7301587301587302,0.022447834323382435,4
0.2918854554494222,0.06998394321492676,0.012937545776367188,0.005122426632403639,,100.0,200,2,l2,42,lbfgs,1e-06,SimpleImputer(strategy='median'),SelectKBest(score_func=<function mutual_info_classif at 0x766691e17420>),9,,"{'balance': None, 'classify__C': 100.0, 'classify__max_iter': 200, 'classify__n_jobs': 2, 'classify__penalty': 'l2', 'classify__random_state': 42, 'classify__solver': 'lbfgs', 'classify__tol': 1e-06, 'impute': SimpleImputer(strategy='median'), 'select': SelectKBest(score_func=<function mutual_info_classif at 0x766691e17420>), 'select__k': 9, 'transform': None}",0.7619047619047619,0.6936813186813188,0.712987012987013,0.7228576978576978,0.028713322879549218,4,0.7727272727272727,0.8090909090909091,0.7636363636363637,0.7818181818181819,0.019638608176993505,125,0.7619047619047619,0.7142857142857143,0.7142857142857143,0.7301587301587302,0.022447834323382435,4
0.2254342238108317,0.07619923504206984,0.013353427251180014,0.006431088045839018,,100.0,100,2,l2,42,lbfgs,1e-06,SimpleImputer(strategy='median'),SelectKBest(score_func=<function mutual_info_classif at 0x766691e17420>),9,,"{'balance': None, 'classify__C': 100.0, 'classify__max_iter': 100, 'classify__n_jobs': 2, 'classify__penalty': 'l2', 'classify__random_state': 42, 'classify__solver': 'lbfgs', 'classify__tol': 1e-06, 'impute': SimpleImputer(strategy='median'), 'select': SelectKBest(score_func=<function mutual_info_classif at 0x766691e17420>), 'select__k': 9, 'transform': None}",0.7619047619047619,0.6936813186813188,0.712987012987013,0.7228576978576978,0.028713322879549218,4,0.7727272727272727,0.8090909090909091,0.7636363636363637,0.7818181818181819,0.019638608176993505,125,0.7619047619047619,0.7142857142857143,0.7142857142857143,0.7301587301587302,0.022447834323382435,4
0.35565940539042157,0.0455450149034746,0.009680350621541342,0.00025517786062402543,,100.0,200,2,l2,42,lbfgs,1e-08,SimpleImputer(strategy='median'),SelectKBest(score_func=<function mutual_info_classif at 0x766691e17420>),9,,"{'balance': None, 'classify__C': 100.0, 'classify__max_iter': 200, 'classify__n_jobs': 2, 'classify__penalty': 'l2', 'classify__random_state': 42, 'classify__solver': 'lbfgs', 'classify__tol': 1e-08, 'impute': SimpleImputer(strategy='median'), 'select': SelectKBest(score_func=<function mutual_info_classif at 0x766691e17420>), 'select__k': 9, 'transform': None}",0.7619047619047619,0.6936813186813188,0.712987012987013,0.7228576978576978,0.028713322879549218,4,0.7727272727272727,0.8090909090909091,0.7636363636363637,0.7818181818181819,0.019638608176993505,125,0.7619047619047619,0.7142857142857143,0.7142857142857143,0.7301587301587302,0.022447834323382435,4
0.48714176813761395,0.06807004798716952,0.0338435967763265,0.016127421426741412,,100.0,100,2,l2,42,lbfgs,0.0001,SimpleImputer(strategy='median'),SelectKBest(score_func=<function mutual_info_classif at 0x766691e17420>),9,,"{'balance': None, 'classify__C': 100.0, 'classify__max_iter': 100, 'classify__n_jobs': 2, 'classify__penalty': 'l2', 'classify__random_state': 42, 'classify__solver': 'lbfgs', 'classify__tol': 0.0001, 'impute': SimpleImputer(strategy='median'), 'select': SelectKBest(score_func=<function mutual_info_classif at 0x766691e17420>), 'select__k': 9, 'transform': None}",0.7619047619047619,0.6936813186813188,0.712987012987013,0.7228576978576978,0.028713322879549218,4,0.7727272727272727,0.8090909090909091,0.7636363636363637,0.7818181818181819,0.019638608176993505,125,0.7619047619047619,0.7142857142857143,0.7142857142857143,0.7301587301587302,0.022447834323382435,4
0.4825979868570964,0.1109506299010653,0.018791039784749348,0.007467990432696282,,100.0,200,2,l2,42,lbfgs,1e-08,,SelectKBest(score_func=<function mutual_info_classif at 0x766691e17420>),9,,"{'balance': None, 'classify__C': 100.0, 'classify__max_iter': 200, 'classify__n_jobs': 2, 'classify__penalty': 'l2', 'classify__random_state': 42, 'classify__solver': 'lbfgs', 'classify__tol': 1e-08, 'impute': None, 'select': SelectKBest(score_func=<function mutual_info_classif at 0x766691e17420>), 'select__k': 9, 'transform': None}",0.7619047619047619,0.6936813186813188,0.712987012987013,0.7228576978576978,0.028713322879549218,4,0.7727272727272727,0.8090909090909091,0.7636363636363637,0.7818181818181819,0.019638608176993505,125,0.7619047619047619,0.7142857142857143,0.7142857142857143,0.7301587301587302,0.022447834323382435,4
0.3609108130137126,0.042266461481990356,0.03644291559855143,0.004193124179641215,,100.0,100,2,l2,42,lbfgs,0.0001,,SelectKBest(score_func=<function mutual_info_classif at 0x766691e17420>),9,,"{'balance': None, 'classify__C': 100.0, 'classify__max_iter': 100, 'classify__n_jobs': 2, 'classify__penalty': 'l2', 'classify__random_state': 42, 'classify__solver': 'lbfgs', 'classify__tol': 0.0001, 'impute': None, 'select': SelectKBest(score_func=<function mutual_info_classif at 0x766691e17420>), 'select__k': 9, 'transform': None}",0.7619047619047619,0.6936813186813188,0.712987012987013,0.7228576978576978,0.028713322879549218,4,0.7727272727272727,0.8090909090909091,0.7636363636363637,0.7818181818181819,0.019638608176993505,125,0.7619047619047619,0.7142857142857143,0.7142857142857143,0.7301587301587302,0.022447834323382435,4
0.3807493845621745,0.04846655442223653,0.031692107518514,0.01450059602115104,,100.0,500,2,l2,42,lbfgs,0.0001,SimpleImputer(strategy='median'),SelectKBest(score_func=<function mutual_info_classif at 0x766691e17420>),9,,"{'balance': None, 'classify__C': 100.0, 'classify__max_iter': 500, 'classify__n_jobs': 2, 'classify__penalty': 'l2', 'classify__random_state': 42, 'classify__solver': 'lbfgs', 'classify__tol': 0.0001, 'impute': SimpleImputer(strategy='median'), 'select': SelectKBest(score_func=<function mutual_info_classif at 0x766691e17420>), 'select__k': 9, 'transform': None}",0.7619047619047619,0.6936813186813188,0.712987012987013,0.7228576978576978,0.028713322879549218,4,0.7727272727272727,0.8090909090909091,0.7636363636363637,0.7818181818181819,0.019638608176993505,125,0.7619047619047619,0.7142857142857143,0.7142857142857143,0.7301587301587302,0.022447834323382435,4
0.36793041229248047,0.1444789372583595,0.013939698537190756,0.007112639323638312,,100.0,200,2,l2,42,lbfgs,1e-06,,SelectKBest(score_func=<function mutual_info_classif at 0x766691e17420>),9,,"{'balance': None, 'classify__C': 100.0, 'classify__max_iter': 200, 'classify__n_jobs': 2, 'classify__penalty': 'l2', 'classify__random_state': 42, 'classify__solver': 'lbfgs', 'classify__tol': 1e-06, 'impute': None, 'select': SelectKBest(score_func=<function mutual_info_classif at 0x766691e17420>), 'select__k': 9, 'transform': None}",0.7619047619047619,0.6936813186813188,0.712987012987013,0.7228576978576978,0.028713322879549218,4,0.7727272727272727,0.8090909090909091,0.7636363636363637,0.7818181818181819,0.019638608176993505,125,0.7619047619047619,0.7142857142857143,0.7142857142857143,0.7301587301587302,0.022447834323382435,4
0.4522871176401774,0.12779960516236571,0.01446986198425293,0.00791590294839781,,100.0,500,2,l2,42,lbfgs,1e-08,,SelectKBest(score_func=<function mutual_info_classif at 0x766691e17420>),9,,"{'balance': None, 'classify__C': 100.0, 'classify__max_iter': 500, 'classify__n_jobs': 2, 'classify__penalty': 'l2', 'classify__random_state': 42, 'classify__solver': 'lbfgs', 'classify__tol': 1e-08, 'impute': None, 'select': SelectKBest(score_func=<function mutual_info_classif at 0x766691e17420>), 'select__k': 9, 'transform': None}",0.7619047619047619,0.6936813186813188,0.712987012987013,0.7228576978576978,0.028713322879549218,4,0.7727272727272727,0.8090909090909091,0.7636363636363637,0.7818181818181819,0.019638608176993505,125,0.7619047619047619,0.7142857142857143,0.7142857142857143,0.7301587301587302,0.022447834323382435,4
0.3681063652038574,0.12201374377185366,0.031113386154174805,0.015839390750306374,,100.0,200,2,l2,42,lbfgs,0.0001,SimpleImputer(strategy='median'),SelectKBest(score_func=<function mutual_info_classif at 0x766691e17420>),9,,"{'balance': None, 'classify__C': 100.0, 'classify__max_iter': 200, 'classify__n_jobs': 2, 'classify__penalty': 'l2', 'classify__random_state': 42, 'classify__solver': 'lbfgs', 'classify__tol': 0.0001, 'impute': SimpleImputer(strategy='median'), 'select': SelectKBest(score_func=<function mutual_info_classif at 0x766691e17420>), 'select__k': 9, 'transform': None}",0.7619047619047619,0.6936813186813188,0.712987012987013,0.7228576978576978,0.028713322879549218,4,0.7727272727272727,0.8090909090909091,0.7636363636363637,0.7818181818181819,0.019638608176993505,125,0.7619047619047619,0.7142857142857143,0.7142857142857143,0.7301587301587302,0.022447834323382435,4
0.3600587844848633,0.036826576130291735,0.028150081634521484,0.002314177765707199,,100.0,500,2,l2,42,lbfgs,0.0001,,SelectKBest(score_func=<function mutual_info_classif at 0x766691e17420>),9,,"{'balance': None, 'classify__C': 100.0, 'classify__max_iter': 500, 'classify__n_jobs': 2, 'classify__penalty': 'l2', 'classify__random_state': 42, 'classify__solver': 'lbfgs', 'classify__tol': 0.0001, 'impute': None, 'select': SelectKBest(score_func=<function mutual_info_classif at 0x766691e17420>), 'select__k': 9, 'transform': None}",0.7619047619047619,0.6936813186813188,0.712987012987013,0.7228576978576978,0.028713322879549218,4,0.7727272727272727,0.8090909090909091,0.7636363636363637,0.7818181818181819,0.019638608176993505,125,0.7619047619047619,0.7142857142857143,0.7142857142857143,0.7301587301587302,0.022447834323382435,4
0.5219515164693197,0.07672830963515218,0.027539968490600586,0.0026034476542880717,,100.0,1000,2,l2,42,lbfgs,1e-06,,SelectKBest(score_func=<function mutual_info_classif at 0x766691e17420>),9,,"{'balance': None, 'classify__C': 100.0, 'classify__max_iter': 1000, 'classify__n_jobs': 2, 'classify__penalty': 'l2', 'classify__random_state': 42, 'classify__solver': 'lbfgs', 'classify__tol': 1e-06, 'impute': None, 'select': SelectKBest(score_func=<function mutual_info_classif at 0x766691e17420>), 'select__k': 9, 'transform': None}",0.7619047619047619,0.6936813186813188,0.712987012987013,0.7228576978576978,0.028713322879549218,4,0.7727272727272727,0.8090909090909091,0.7636363636363637,0.7818181818181819,0.019638608176993505,125,0.7619047619047619,0.7142857142857143,0.7142857142857143,0.7301587301587302,0.022447834323382435,4
0.28433656692504883,0.06438564431549135,0.012918551762898764,0.005858730390151893,,100.0,100,2,l2,42,lbfgs,1e-08,,SelectKBest(score_func=<function mutual_info_classif at 0x766691e17420>),9,,"{'balance': None, 'classify__C': 100.0, 'classify__max_iter': 100, 'classify__n_jobs': 2, 'classify__penalty': 'l2', 'classify__random_state': 42, 'classify__solver': 'lbfgs', 'classify__tol': 1e-08, 'impute': None, 'select': SelectKBest(score_func=<function mutual_info_classif at 0x766691e17420>), 'select__k': 9, 'transform': None}",0.7619047619047619,0.6936813186813188,0.712987012987013,0.7228576978576978,0.028713322879549218,4,0.7727272727272727,0.8090909090909091,0.7636363636363637,0.7818181818181819,0.019638608176993505,125,0.7619047619047619,0.7142857142857143,0.7142857142857143,0.7301587301587302,0.022447834323382435,4
0.30975961685180664,0.02921288058540958,0.009714126586914062,0.00018716460823683937,,100.0,100,2,l2,42,lbfgs,1e-08,SimpleImputer(strategy='median'),SelectKBest(score_func=<function mutual_info_classif at 0x766691e17420>),9,,"{'balance': None, 'classify__C': 100.0, 'classify__max_iter': 100, 'classify__n_jobs': 2, 'classify__penalty': 'l2', 'classify__random_state': 42, 'classify__solver': 'lbfgs', 'classify__tol': 1e-08, 'impute': SimpleImputer(strategy='median'), 'select': SelectKBest(score_func=<function mutual_info_classif at 0x766691e17420>), 'select__k': 9, 'transform': None}",0.7619047619047619,0.6936813186813188,0.712987012987013,0.7228576978576978,0.028713322879549218,4,0.7727272727272727,0.8090909090909091,0.7636363636363637,0.7818181818181819,0.019638608176993505,125,0.7619047619047619,0.7142857142857143,0.7142857142857143,0.7301587301587302,0.022447834323382435,4
0.3354017734527588,0.12367252393646333,0.017224470774332683,0.010679565895027342,,100.0,2000,2,l2,42,lbfgs,0.0001,SimpleImputer(strategy='median'),SelectKBest(score_func=<function mutual_info_classif at 0x766691e17420>),9,,"{'balance': None, 'classify__C': 100.0, 'classify__max_iter': 2000, 'classify__n_jobs': 2, 'classify__penalty': 'l2', 'classify__random_state': 42, 'classify__solver': 'lbfgs', 'classify__tol': 0.0001, 'impute': SimpleImputer(strategy='median'), 'select': SelectKBest(score_func=<function mutual_info_classif at 0x766691e17420>), 'select__k': 9, 'transform': None}",0.7619047619047619,0.6936813186813188,0.712987012987013,0.7228576978576978,0.028713322879549218,4,0.7727272727272727,0.8090909090909091,0.7636363636363637,0.7818181818181819,0.019638608176993505,125,0.7619047619047619,0.7142857142857143,0.7142857142857143,0.7301587301587302,0.022447834323382435,4
0.10046164194742839,0.047609157345208195,0.010257085164388021,0.000621156261779152,,1.0,200,2,l2,42,lbfgs,0.0001,,SelectKBest(score_func=<function mutual_info_classif at 0x766691e17420>),5,,"{'balance': None, 'classify__C': 1.0, 'classify__max_iter': 200, 'classify__n_jobs': 2, 'classify__penalty': 'l2', 'classify__random_state': 42, 'classify__solver': 'lbfgs', 'classify__tol': 0.0001, 'impute': None, 'select': SelectKBest(score_func=<function mutual_info_classif at 0x766691e17420>), 'select__k': 5, 'transform': None}",0.6572549019607843,0.806878306878307,0.6666666666666666,0.710266625168586,0.06842274529621006,34,0.7181818181818183,0.7090909090909092,0.7818181818181819,0.7363636363636364,0.03235478258191303,336,0.6666666666666666,0.8095238095238095,0.6666666666666666,0.7142857142857143,0.0673435029701474,34
0.10735829671223958,0.05574442768245553,0.019957542419433594,0.01259380056230274,,1.0,500,2,l2,42,lbfgs,0.0001,SimpleImputer(strategy='median'),SelectKBest(score_func=<function mutual_info_classif at 0x766691e17420>),5,,"{'balance': None, 'classify__C': 1.0, 'classify__max_iter': 500, 'classify__n_jobs': 2, 'classify__penalty': 'l2', 'classify__random_state': 42, 'classify__solver': 'lbfgs', 'classify__tol': 0.0001, 'impute': SimpleImputer(strategy='median'), 'select': SelectKBest(score_func=<function mutual_info_classif at 0x766691e17420>), 'select__k': 5, 'transform': None}",0.6572549019607843,0.806878306878307,0.6666666666666666,0.710266625168586,0.06842274529621006,34,0.7181818181818183,0.7090909090909092,0.7818181818181819,0.7363636363636364,0.03235478258191303,336,0.6666666666666666,0.8095238095238095,0.6666666666666666,0.7142857142857143,0.0673435029701474,34
0.0789027214050293,0.026066792619087387,0.010257641474405924,0.0004881614568740734,,1.0,500,2,l2,42,lbfgs,1e-06,SimpleImputer(strategy='median'),SelectKBest(score_func=<function mutual_info_classif at 0x766691e17420>),5,,"{'balance': None, 'classify__C': 1.0, 'classify__max_iter': 500, 'classify__n_jobs': 2, 'classify__penalty': 'l2', 'classify__random_state': 42, 'classify__solver': 'lbfgs', 'classify__tol': 1e-06, 'impute': SimpleImputer(strategy='median'), 'select': SelectKBest(score_func=<function mutual_info_classif at 0x766691e17420>), 'select__k': 5, 'transform': None}",0.6572549019607843,0.806878306878307,0.6666666666666666,0.710266625168586,0.06842274529621006,34,0.7181818181818183,0.7090909090909092,0.7818181818181819,0.7363636363636364,0.03235478258191303,336,0.6666666666666666,0.8095238095238095,0.6666666666666666,0.7142857142857143,0.0673435029701474,34
0.11088005701700847,0.014714802804223603,0.016127268473307293,0.005425771125200512,,1.0,100,2,l2,42,lbfgs,0.0001,,SelectKBest(score_func=<function mutual_info_classif at 0x766691e17420>),5,,"{'balance': None, 'classify__C': 1.0, 'classify__max_iter': 100, 'classify__n_jobs': 2, 'classify__penalty': 'l2', 'classify__random_state': 42, 'classify__solver': 'lbfgs', 'classify__tol': 0.0001, 'impute': None, 'select': SelectKBest(score_func=<function mutual_info_classif at 0x766691e17420>), 'select__k': 5, 'transform': None}",0.6572549019607843,0.806878306878307,0.6666666666666666,0.710266625168586,0.06842274529621006,34,0.7181818181818183,0.7090909090909092,0.7818181818181819,0.7363636363636364,0.03235478258191303,336,0.6666666666666666,0.8095238095238095,0.6666666666666666,0.7142857142857143,0.0673435029701474,34
0.07381796836853027,0.021038582417271873,0.008734862009684244,0.00010710494528887452,,1.0,200,2,l2,42,lbfgs,1e-08,,SelectKBest(score_func=<function mutual_info_classif at 0x766691e17420>),5,,"{'balance': None, 'classify__C': 1.0, 'classify__max_iter': 200, 'classify__n_jobs': 2, 'classify__penalty': 'l2', 'classify__random_state': 42, 'classify__solver': 'lbfgs', 'classify__tol': 1e-08, 'impute': None, 'select': SelectKBest(score_func=<function mutual_info_classif at 0x766691e17420>), 'select__k': 5, 'transform': None}",0.6572549019607843,0.806878306878307,0.6666666666666666,0.710266625168586,0.06842274529621006,34,0.7181818181818183,0.7090909090909092,0.7818181818181819,0.7363636363636364,0.03235478258191303,336,0.6666666666666666,0.8095238095238095,0.6666666666666666,0.7142857142857143,0.0673435029701474,34
0.1694632371266683,0.009269131677905731,0.018778244654337566,0.00692987150092907,,1.0,1000,2,l2,42,lbfgs,1e-08,SimpleImputer(strategy='median'),SelectKBest(score_func=<function mutual_info_classif at 0x766691e17420>),5,,"{'balance': None, 'classify__C': 1.0, 'classify__max_iter': 1000, 'classify__n_jobs': 2, 'classify__penalty': 'l2', 'classify__random_state': 42, 'classify__solver': 'lbfgs', 'classify__tol': 1e-08, 'impute': SimpleImputer(strategy='median'), 'select': SelectKBest(score_func=<function mutual_info_classif at 0x766691e17420>), 'select__k': 5, 'transform': None}",0.6572549019607843,0.806878306878307,0.6666666666666666,0.710266625168586,0.06842274529621006,34,0.7181818181818183,0.7090909090909092,0.7818181818181819,0.7363636363636364,0.03235478258191303,336,0.6666666666666666,0.8095238095238095,0.6666666666666666,0.7142857142857143,0.0673435029701474,34
0.06712579727172852,0.009537334352289048,0.008445660273234049,0.0001029983592017411,,1.0,500,2,l2,42,lbfgs,0.0001,,SelectKBest(score_func=<function mutual_info_classif at 0x766691e17420>),5,,"{'balance': None, 'classify__C': 1.0, 'classify__max_iter': 500, 'classify__n_jobs': 2, 'classify__penalty': 'l2', 'classify__random_state': 42, 'classify__solver': 'lbfgs', 'classify__tol': 0.0001, 'impute': None, 'select': SelectKBest(score_func=<function mutual_info_classif at 0x766691e17420>), 'select__k': 5, 'transform': None}",0.6572549019607843,0.806878306878307,0.6666666666666666,0.710266625168586,0.06842274529621006,34,0.7181818181818183,0.7090909090909092,0.7818181818181819,0.7363636363636364,0.03235478258191303,336,0.6666666666666666,0.8095238095238095,0.6666666666666666,0.7142857142857143,0.0673435029701474,34
0.16225171089172363,0.03643747728317431,0.0244139830271403,0.010548270635697528,,1.0,1000,2,l2,42,lbfgs,0.0001,SimpleImputer(strategy='median'),SelectKBest(score_func=<function mutual_info_classif at 0x766691e17420>),5,,"{'balance': None, 'classify__C': 1.0, 'classify__max_iter': 1000, 'classify__n_jobs': 2, 'classify__penalty': 'l2', 'classify__random_state': 42, 'classify__solver': 'lbfgs', 'classify__tol': 0.0001, 'impute': SimpleImputer(strategy='median'), 'select': SelectKBest(score_func=<function mutual_info_classif at 0x766691e17420>), 'select__k': 5, 'transform': None}",0.6572549019607843,0.806878306878307,0.6666666666666666,0.710266625168586,0.06842274529621006,34,0.7181818181818183,0.7090909090909092,0.7818181818181819,0.7363636363636364,0.03235478258191303,336,0.6666666666666666,0.8095238095238095,0.6666666666666666,0.7142857142857143,0.0673435029701474,34
0.2812550862630208,0.04900503711144023,0.026082356770833332,0.010935460459006613,,1.0,2000,2,l2,42,lbfgs,1e-08,,SelectKBest(score_func=<function mutual_info_classif at 0x766691e17420>),5,,"{'balance': None, 'classify__C': 1.0, 'classify__max_iter': 2000, 'classify__n_jobs': 2, 'classify__penalty': 'l2', 'classify__random_state': 42, 'classify__solver': 'lbfgs', 'classify__tol': 1e-08, 'impute': None, 'select': SelectKBest(score_func=<function mutual_info_classif at 0x766691e17420>), 'select__k': 5, 'transform': None}",0.6572549019607843,0.806878306878307,0.6666666666666666,0.710266625168586,0.06842274529621006,34,0.7181818181818183,0.7090909090909092,0.7818181818181819,0.7363636363636364,0.03235478258191303,336,0.6666666666666666,0.8095238095238095,0.6666666666666666,0.7142857142857143,0.0673435029701474,34
0.13008403778076172,0.009913962801186029,0.028637091318766277,0.007071690199611593,,1.0,1000,2,l2,42,lbfgs,0.0001,,SelectKBest(score_func=<function mutual_info_classif at 0x766691e17420>),5,,"{'balance': None, 'classify__C': 1.0, 'classify__max_iter': 1000, 'classify__n_jobs': 2, 'classify__penalty': 'l2', 'classify__random_state': 42, 'classify__solver': 'lbfgs', 'classify__tol': 0.0001, 'impute': None, 'select': SelectKBest(score_func=<function mutual_info_classif at 0x766691e17420>), 'select__k': 5, 'transform': None}",0.6572549019607843,0.806878306878307,0.6666666666666666,0.710266625168586,0.06842274529621006,34,0.7181818181818183,0.7090909090909092,0.7818181818181819,0.7363636363636364,0.03235478258191303,336,0.6666666666666666,0.8095238095238095,0.6666666666666666,0.7142857142857143,0.0673435029701474,34
0.13284850120544434,0.05204091866582405,0.019559065500895183,0.0077388030482645085,,1.0,1000,2,l2,42,lbfgs,1e-08,,SelectKBest(score_func=<function mutual_info_classif at 0x766691e17420>),5,,"{'balance': None, 'classify__C': 1.0, 'classify__max_iter': 1000, 'classify__n_jobs': 2, 'classify__penalty': 'l2', 'classify__random_state': 42, 'classify__solver': 'lbfgs', 'classify__tol': 1e-08, 'impute': None, 'select': SelectKBest(score_func=<function mutual_info_classif at 0x766691e17420>), 'select__k': 5, 'transform': None}",0.6572549019607843,0.806878306878307,0.6666666666666666,0.710266625168586,0.06842274529621006,34,0.7181818181818183,0.7090909090909092,0.7818181818181819,0.7363636363636364,0.03235478258191303,336,0.6666666666666666,0.8095238095238095,0.6666666666666666,0.7142857142857143,0.0673435029701474,34
0.19144082069396973,0.094500972079275,0.01806028683980306,0.006871952447216228,,1.0,1000,2,l2,42,lbfgs,1e-06,,SelectKBest(score_func=<function mutual_info_classif at 0x766691e17420>),5,,"{'balance': None, 'classify__C': 1.0, 'classify__max_iter': 1000, 'classify__n_jobs': 2, 'classify__penalty': 'l2', 'classify__random_state': 42, 'classify__solver': 'lbfgs', 'classify__tol': 1e-06, 'impute': None, 'select': SelectKBest(score_func=<function mutual_info_classif at 0x766691e17420>), 'select__k': 5, 'transform': None}",0.6572549019607843,0.806878306878307,0.6666666666666666,0.710266625168586,0.06842274529621006,34,0.7181818181818183,0.7090909090909092,0.7818181818181819,0.7363636363636364,0.03235478258191303,336,0.6666666666666666,0.8095238095238095,0.6666666666666666,0.7142857142857143,0.0673435029701474,34
0.07886465390523274,0.028287506094736393,0.008846521377563477,0.00017754560579759764,,1.0,500,2,l2,42,lbfgs,1e-06,,SelectKBest(score_func=<function mutual_info_classif at 0x766691e17420>),5,,"{'balance': None, 'classify__C': 1.0, 'classify__max_iter': 500, 'classify__n_jobs': 2, 'classify__penalty': 'l2', 'classify__random_state': 42, 'classify__solver': 'lbfgs', 'classify__tol': 1e-06, 'impute': None, 'select': SelectKBest(score_func=<function mutual_info_classif at 0x766691e17420>), 'select__k': 5, 'transform': None}",0.6572549019607843,0.806878306878307,0.6666666666666666,0.710266625168586,0.06842274529621006,34,0.7181818181818183,0.7090909090909092,0.7818181818181819,0.7363636363636364,0.03235478258191303,336,0.6666666666666666,0.8095238095238095,0.6666666666666666,0.7142857142857143,0.0673435029701474,34
0.1469271183013916,0.08550007436494642,0.019957860310872395,0.013134711357133082,,1.0,500,2,l2,42,lbfgs,1e-08,SimpleImputer(strategy='median'),SelectKBest(score_func=<function mutual_info_classif at 0x766691e17420>),5,,"{'balance': None, 'classify__C': 1.0, 'classify__max_iter': 500, 'classify__n_jobs': 2, 'classify__penalty': 'l2', 'classify__random_state': 42, 'classify__solver': 'lbfgs', 'classify__tol': 1e-08, 'impute': SimpleImputer(strategy='median'), 'select': SelectKBest(score_func=<function mutual_info_classif at 0x766691e17420>), 'select__k': 5, 'transform': None}",0.6572549019607843,0.806878306878307,0.6666666666666666,0.710266625168586,0.06842274529621006,34,0.7181818181818183,0.7090909090909092,0.7818181818181819,0.7363636363636364,0.03235478258191303,336,0.6666666666666666,0.8095238095238095,0.6666666666666666,0.7142857142857143,0.0673435029701474,34
0.10431170463562012,0.012600510045648257,0.019388755162556965,0.013842052477832361,,1.0,500,2,l2,42,lbfgs,1e-08,,SelectKBest(score_func=<function mutual_info_classif at 0x766691e17420>),5,,"{'balance': None, 'classify__C': 1.0, 'classify__max_iter': 500, 'classify__n_jobs': 2, 'classify__penalty': 'l2', 'classify__random_state': 42, 'classify__solver': 'lbfgs', 'classify__tol': 1e-08, 'impute': None, 'select': SelectKBest(score_func=<function mutual_info_classif at 0x766691e17420>), 'select__k': 5, 'transform': None}",0.6572549019607843,0.806878306878307,0.6666666666666666,0.710266625168586,0.06842274529621006,34,0.7181818181818183,0.7090909090909092,0.7818181818181819,0.7363636363636364,0.03235478258191303,336,0.6666666666666666,0.8095238095238095,0.6666666666666666,0.7142857142857143,0.0673435029701474,34
0.21011900901794434,0.036276253115764406,0.022063493728637695,0.0041407213410585295,,1.0,100,2,l2,42,lbfgs,1e-08,SimpleImputer(strategy='median'),SelectKBest(score_func=<function mutual_info_classif at 0x766691e17420>),5,,"{'balance': None, 'classify__C': 1.0, 'classify__max_iter': 100, 'classify__n_jobs': 2, 'classify__penalty': 'l2', 'classify__random_state': 42, 'classify__solver': 'lbfgs', 'classify__tol': 1e-08, 'impute': SimpleImputer(strategy='median'), 'select': SelectKBest(score_func=<function mutual_info_classif at 0x766691e17420>), 'select__k': 5, 'transform': None}",0.6572549019607843,0.806878306878307,0.6666666666666666,0.710266625168586,0.06842274529621006,34,0.7181818181818183,0.7090909090909092,0.7818181818181819,0.7363636363636364,0.03235478258191303,336,0.6666666666666666,0.8095238095238095,0.6666666666666666,0.7142857142857143,0.0673435029701474,34
0.0703428586324056,0.006239753826546758,0.00928060213724772,6.931090493023475e-05,,1.0,200,2,l2,42,lbfgs,0.0001,SimpleImputer(strategy='median'),SelectKBest(score_func=<function mutual_info_classif at 0x766691e17420>),5,,"{'balance': None, 'classify__C': 1.0, 'classify__max_iter': 200, 'classify__n_jobs': 2, 'classify__penalty': 'l2', 'classify__random_state': 42, 'classify__solver': 'lbfgs', 'classify__tol': 0.0001, 'impute': SimpleImputer(strategy='median'), 'select': SelectKBest(score_func=<function mutual_info_classif at 0x766691e17420>), 'select__k': 5, 'transform': None}",0.6572549019607843,0.806878306878307,0.6666666666666666,0.710266625168586,0.06842274529621006,34,0.7181818181818183,0.7090909090909092,0.7818181818181819,0.7363636363636364,0.03235478258191303,336,0.6666666666666666,0.8095238095238095,0.6666666666666666,0.7142857142857143,0.0673435029701474,34
0.2064668337504069,0.05727673654170174,0.029413859049479168,0.013357308112145702,,1.0,200,2,l2,42,lbfgs,1e-08,SimpleImputer(strategy='median'),SelectKBest(score_func=<function mutual_info_classif at 0x766691e17420>),5,,"{'balance': None, 'classify__C': 1.0, 'classify__max_iter': 200, 'classify__n_jobs': 2, 'classify__penalty': 'l2', 'classify__random_state': 42, 'classify__solver': 'lbfgs', 'classify__tol': 1e-08, 'impute': SimpleImputer(strategy='median'), 'select': SelectKBest(score_func=<function mutual_info_classif at 0x766691e17420>), 'select__k': 5, 'transform': None}",0.6572549019607843,0.806878306878307,0.6666666666666666,0.710266625168586,0.06842274529621006,34,0.7181818181818183,0.7090909090909092,0.7818181818181819,0.7363636363636364,0.03235478258191303,336,0.6666666666666666,0.8095238095238095,0.6666666666666666,0.7142857142857143,0.0673435029701474,34
0.10222411155700684,0.007755928795472623,0.008619070053100586,0.0004999621496931068,,1.0,200,2,l2,42,lbfgs,1e-06,,SelectKBest(score_func=<function mutual_info_classif at 0x766691e17420>),5,,"{'balance': None, 'classify__C': 1.0, 'classify__max_iter': 200, 'classify__n_jobs': 2, 'classify__penalty': 'l2', 'classify__random_state': 42, 'classify__solver': 'lbfgs', 'classify__tol': 1e-06, 'impute': None, 'select': SelectKBest(score_func=<function mutual_info_classif at 0x766691e17420>), 'select__k': 5, 'transform': None}",0.6572549019607843,0.806878306878307,0.6666666666666666,0.710266625168586,0.06842274529621006,34,0.7181818181818183,0.7090909090909092,0.7818181818181819,0.7363636363636364,0.03235478258191303,336,0.6666666666666666,0.8095238095238095,0.6666666666666666,0.7142857142857143,0.0673435029701474,34
0.08353877067565918,0.012634401039579187,0.010482072830200195,0.0004648974406692576,,1.0,200,2,l2,42,lbfgs,1e-06,SimpleImputer(strategy='median'),SelectKBest(score_func=<function mutual_info_classif at 0x766691e17420>),5,,"{'balance': None, 'classify__C': 1.0, 'classify__max_iter': 200, 'classify__n_jobs': 2, 'classify__penalty': 'l2', 'classify__random_state': 42, 'classify__solver': 'lbfgs', 'classify__tol': 1e-06, 'impute': SimpleImputer(strategy='median'), 'select': SelectKBest(score_func=<function mutual_info_classif at 0x766691e17420>), 'select__k': 5, 'transform': None}",0.6572549019607843,0.806878306878307,0.6666666666666666,0.710266625168586,0.06842274529621006,34,0.7181818181818183,0.7090909090909092,0.7818181818181819,0.7363636363636364,0.03235478258191303,336,0.6666666666666666,0.8095238095238095,0.6666666666666666,0.7142857142857143,0.0673435029701474,34
0.23847063382466635,0.018193116986716086,0.024506568908691406,0.003614344764758737,,1.0,2000,2,l2,42,lbfgs,1e-06,,SelectKBest(score_func=<function mutual_info_classif at 0x766691e17420>),5,,"{'balance': None, 'classify__C': 1.0, 'classify__max_iter': 2000, 'classify__n_jobs': 2, 'classify__penalty': 'l2', 'classify__random_state': 42, 'classify__solver': 'lbfgs', 'classify__tol': 1e-06, 'impute': None, 'select': SelectKBest(score_func=<function mutual_info_classif at 0x766691e17420>), 'select__k': 5, 'transform': None}",0.6572549019607843,0.806878306878307,0.6666666666666666,0.710266625168586,0.06842274529621006,34,0.7181818181818183,0.7090909090909092,0.7818181818181819,0.7363636363636364,0.03235478258191303,336,0.6666666666666666,0.8095238095238095,0.6666666666666666,0.7142857142857143,0.0673435029701474,34
0.11004924774169922,0.014896996916955976,0.011789719263712565,0.0006493097709415747,,1.0,2000,2,l2,42,lbfgs,0.0001,,SelectKBest(score_func=<function mutual_info_classif at 0x766691e17420>),5,,"{'balance': None, 'classify__C': 1.0, 'classify__max_iter': 2000, 'classify__n_jobs': 2, 'classify__penalty': 'l2', 'classify__random_state': 42, 'classify__solver': 'lbfgs', 'classify__tol': 0.0001, 'impute': None, 'select': SelectKBest(score_func=<function mutual_info_classif at 0x766691e17420>), 'select__k': 5, 'transform': None}",0.6572549019607843,0.806878306878307,0.6666666666666666,0.710266625168586,0.06842274529621006,34,0.7181818181818183,0.7090909090909092,0.7818181818181819,0.7363636363636364,0.03235478258191303,336,0.6666666666666666,0.8095238095238095,0.6666666666666666,0.7142857142857143,0.0673435029701474,34
0.1751533349355062,0.04442822802734631,0.020954211552937824,0.008408282483510257,,1.0,2000,2,l2,42,lbfgs,1e-06,SimpleImputer(strategy='median'),SelectKBest(score_func=<function mutual_info_classif at 0x766691e17420>),5,,"{'balance': None, 'classify__C': 1.0, 'classify__max_iter': 2000, 'classify__n_jobs': 2, 'classify__penalty': 'l2', 'classify__random_state': 42, 'classify__solver': 'lbfgs', 'classify__tol': 1e-06, 'impute': SimpleImputer(strategy='median'), 'select': SelectKBest(score_func=<function mutual_info_classif at 0x766691e17420>), 'select__k': 5, 'transform': None}",0.6572549019607843,0.806878306878307,0.6666666666666666,0.710266625168586,0.06842274529621006,34,0.7181818181818183,0.7090909090909092,0.7818181818181819,0.7363636363636364,0.03235478258191303,336,0.6666666666666666,0.8095238095238095,0.6666666666666666,0.7142857142857143,0.0673435029701474,34
0.21240727106730142,0.009549973561840407,0.023585796356201172,0.0033188280529143593,,1.0,100,2,l2,42,lbfgs,1e-08,,SelectKBest(score_func=<function mutual_info_classif at 0x766691e17420>),5,,"{'balance': None, 'classify__C': 1.0, 'classify__max_iter': 100, 'classify__n_jobs': 2, 'classify__penalty': 'l2', 'classify__random_state': 42, 'classify__solver': 'lbfgs', 'classify__tol': 1e-08, 'impute': None, 'select': SelectKBest(score_func=<function mutual_info_classif at 0x766691e17420>), 'select__k': 5, 'transform': None}",0.6572549019607843,0.806878306878307,0.6666666666666666,0.710266625168586,0.06842274529621006,34,0.7181818181818183,0.7090909090909092,0.7818181818181819,0.7363636363636364,0.03235478258191303,336,0.6666666666666666,0.8095238095238095,0.6666666666666666,0.7142857142857143,0.0673435029701474,34
0.20615228017171225,0.03268912404483794,0.033657471338907875,0.006876049475612594,,1.0,1000,2,l2,42,lbfgs,1e-06,SimpleImputer(strategy='median'),SelectKBest(score_func=<function mutual_info_classif at 0x766691e17420>),5,,"{'balance': None, 'classify__C': 1.0, 'classify__max_iter': 1000, 'classify__n_jobs': 2, 'classify__penalty': 'l2', 'classify__random_state': 42, 'classify__solver': 'lbfgs', 'classify__tol': 1e-06, 'impute': SimpleImputer(strategy='median'), 'select': SelectKBest(score_func=<function mutual_info_classif at 0x766691e17420>), 'select__k': 5, 'transform': None}",0.6572549019607843,0.806878306878307,0.6666666666666666,0.710266625168586,0.06842274529621006,34,0.7181818181818183,0.7090909090909092,0.7818181818181819,0.7363636363636364,0.03235478258191303,336,0.6666666666666666,0.8095238095238095,0.6666666666666666,0.7142857142857143,0.0673435029701474,34
0.1702874501546224,0.00788043884267969,0.015446742375691732,0.0027909696824311835,,1.0,100,2,l2,42,lbfgs,1e-06,SimpleImputer(strategy='median'),SelectKBest(score_func=<function mutual_info_classif at 0x766691e17420>),5,,"{'balance': None, 'classify__C': 1.0, 'classify__max_iter': 100, 'classify__n_jobs': 2, 'classify__penalty': 'l2', 'classify__random_state': 42, 'classify__solver': 'lbfgs', 'classify__tol': 1e-06, 'impute': SimpleImputer(strategy='median'), 'select': SelectKBest(score_func=<function mutual_info_classif at 0x766691e17420>), 'select__k': 5, 'transform': None}",0.6572549019607843,0.806878306878307,0.6666666666666666,0.710266625168586,0.06842274529621006,34,0.7181818181818183,0.7090909090909092,0.7818181818181819,0.7363636363636364,0.03235478258191303,336,0.6666666666666666,0.8095238095238095,0.6666666666666666,0.7142857142857143,0.0673435029701474,34
0.1796576976776123,0.010682134077603867,0.02373226483662923,0.0019370683978494334,,1.0,100,2,l2,42,lbfgs,1e-06,,SelectKBest(score_func=<function mutual_info_classif at 0x766691e17420>),5,,"{'balance': None, 'classify__C': 1.0, 'classify__max_iter': 100, 'classify__n_jobs': 2, 'classify__penalty': 'l2', 'classify__random_state': 42, 'classify__solver': 'lbfgs', 'classify__tol': 1e-06, 'impute': None, 'select': SelectKBest(score_func=<function mutual_info_classif at 0x766691e17420>), 'select__k': 5, 'transform': None}",0.6572549019607843,0.806878306878307,0.6666666666666666,0.710266625168586,0.06842274529621006,34,0.7181818181818183,0.7090909090909092,0.7818181818181819,0.7363636363636364,0.03235478258191303,336,0.6666666666666666,0.8095238095238095,0.6666666666666666,0.7142857142857143,0.0673435029701474,34
0.19827644030253092,0.020382547620046345,0.033289035161336265,0.015010519026851259,,0.1,200,2,l2,42,lbfgs,1e-08,SimpleImputer(strategy='median'),SelectKBest(score_func=<function mutual_info_classif at 0x766691e17420>),9,,"{'balance': None, 'classify__C': 0.1, 'classify__max_iter': 200, 'classify__n_jobs': 2, 'classify__penalty': 'l2', 'classify__random_state': 42, 'classify__solver': 'lbfgs', 'classify__tol': 1e-08, 'impute': SimpleImputer(strategy='median'), 'select': SelectKBest(score_func=<function mutual_info_classif at 0x766691e17420>), 'select__k': 9, 'transform': None}",0.7005494505494505,0.7551820728291316,0.6651411136536994,0.7069575456774272,0.037037290619814166,61,0.7545454545454545,0.8363636363636364,0.8090909090909091,0.7999999999999999,0.034015067152490405,61,0.7142857142857143,0.7619047619047619,0.6666666666666666,0.7142857142857143,0.038880789567986955,34
0.10993138949076335,0.011866476034968518,0.011862754821777344,0.0041470831165238906,,0.1,500,2,l2,42,lbfgs,1e-08,,SelectKBest(score_func=<function mutual_info_classif at 0x766691e17420>),9,,"{'balance': None, 'classify__C': 0.1, 'classify__max_iter': 500, 'classify__n_jobs': 2, 'classify__penalty': 'l2', 'classify__random_state': 42, 'classify__solver': 'lbfgs', 'classify__tol': 1e-08, 'impute': None, 'select': SelectKBest(score_func=<function mutual_info_classif at 0x766691e17420>), 'select__k': 9, 'transform': None}",0.7005494505494505,0.7551820728291316,0.6651411136536994,0.7069575456774272,0.037037290619814166,61,0.7545454545454545,0.8363636363636364,0.8090909090909091,0.7999999999999999,0.034015067152490405,61,0.7142857142857143,0.7619047619047619,0.6666666666666666,0.7142857142857143,0.038880789567986955,34
0.07571840286254883,0.012934133302382559,0.015283902486165365,0.004230492631398037,,0.1,100,2,l2,42,lbfgs,1e-08,SimpleImputer(strategy='median'),SelectKBest(score_func=<function mutual_info_classif at 0x766691e17420>),9,,"{'balance': None, 'classify__C': 0.1, 'classify__max_iter': 100, 'classify__n_jobs': 2, 'classify__penalty': 'l2', 'classify__random_state': 42, 'classify__solver': 'lbfgs', 'classify__tol': 1e-08, 'impute': SimpleImputer(strategy='median'), 'select': SelectKBest(score_func=<function mutual_info_classif at 0x766691e17420>), 'select__k': 9, 'transform': None}",0.7005494505494505,0.7551820728291316,0.6651411136536994,0.7069575456774272,0.037037290619814166,61,0.7545454545454545,0.8363636363636364,0.8090909090909091,0.7999999999999999,0.034015067152490405,61,0.7142857142857143,0.7619047619047619,0.6666666666666666,0.7142857142857143,0.038880789567986955,34
0.11036372184753418,0.035819810865332015,0.013482491175333658,0.004334543474793387,,0.1,100,2,l2,42,lbfgs,1e-08,,SelectKBest(score_func=<function mutual_info_classif at 0x766691e17420>),9,,"{'balance': None, 'classify__C': 0.1, 'classify__max_iter': 100, 'classify__n_jobs': 2, 'classify__penalty': 'l2', 'classify__random_state': 42, 'classify__solver': 'lbfgs', 'classify__tol': 1e-08, 'impute': None, 'select': SelectKBest(score_func=<function mutual_info_classif at 0x766691e17420>), 'select__k': 9, 'transform': None}",0.7005494505494505,0.7551820728291316,0.6651411136536994,0.7069575456774272,0.037037290619814166,61,0.7545454545454545,0.8363636363636364,0.8090909090909091,0.7999999999999999,0.034015067152490405,61,0.7142857142857143,0.7619047619047619,0.6666666666666666,0.7142857142857143,0.038880789567986955,34
0.13498608271280924,0.02277979489659005,0.02140220006306966,0.0039579624877110675,,0.1,2000,2,l2,42,lbfgs,1e-06,,SelectKBest(score_func=<function mutual_info_classif at 0x766691e17420>),9,,"{'balance': None, 'classify__C': 0.1, 'classify__max_iter': 2000, 'classify__n_jobs': 2, 'classify__penalty': 'l2', 'classify__random_state': 42, 'classify__solver': 'lbfgs', 'classify__tol': 1e-06, 'impute': None, 'select': SelectKBest(score_func=<function mutual_info_classif at 0x766691e17420>), 'select__k': 9, 'transform': None}",0.7005494505494505,0.7551820728291316,0.6651411136536994,0.7069575456774272,0.037037290619814166,61,0.7545454545454545,0.8363636363636364,0.8090909090909091,0.7999999999999999,0.034015067152490405,61,0.7142857142857143,0.7619047619047619,0.6666666666666666,0.7142857142857143,0.038880789567986955,34
0.22332104047139487,0.07099214062274622,0.03425248463948568,0.004936494141728527,,0.1,2000,2,l2,42,lbfgs,1e-08,SimpleImputer(strategy='median'),SelectKBest(score_func=<function mutual_info_classif at 0x766691e17420>),9,,"{'balance': None, 'classify__C': 0.1, 'classify__max_iter': 2000, 'classify__n_jobs': 2, 'classify__penalty': 'l2', 'classify__random_state': 42, 'classify__solver': 'lbfgs', 'classify__tol': 1e-08, 'impute': SimpleImputer(strategy='median'), 'select': SelectKBest(score_func=<function mutual_info_classif at 0x766691e17420>), 'select__k': 9, 'transform': None}",0.7005494505494505,0.7551820728291316,0.6651411136536994,0.7069575456774272,0.037037290619814166,61,0.7545454545454545,0.8363636363636364,0.8090909090909091,0.7999999999999999,0.034015067152490405,61,0.7142857142857143,0.7619047619047619,0.6666666666666666,0.7142857142857143,0.038880789567986955,34
0.25720993677775067,0.036293682167569494,0.03619607289632162,0.0016481329933236537,,0.1,500,2,l2,42,lbfgs,1e-08,SimpleImputer(strategy='median'),SelectKBest(score_func=<function mutual_info_classif at 0x766691e17420>),9,,"{'balance': None, 'classify__C': 0.1, 'classify__max_iter': 500, 'classify__n_jobs': 2, 'classify__penalty': 'l2', 'classify__random_state': 42, 'classify__solver': 'lbfgs', 'classify__tol': 1e-08, 'impute': SimpleImputer(strategy='median'), 'select': SelectKBest(score_func=<function mutual_info_classif at 0x766691e17420>), 'select__k': 9, 'transform': None}",0.7005494505494505,0.7551820728291316,0.6651411136536994,0.7069575456774272,0.037037290619814166,61,0.7545454545454545,0.8363636363636364,0.8090909090909091,0.7999999999999999,0.034015067152490405,61,0.7142857142857143,0.7619047619047619,0.6666666666666666,0.7142857142857143,0.038880789567986955,34
0.16048932075500488,0.02774532248097359,0.03575674692789713,0.013184369487742107,,0.1,500,2,l2,42,lbfgs,1e-06,,SelectKBest(score_func=<function mutual_info_classif at 0x766691e17420>),9,,"{'balance': None, 'classify__C': 0.1, 'classify__max_iter': 500, 'classify__n_jobs': 2, 'classify__penalty': 'l2', 'classify__random_state': 42, 'classify__solver': 'lbfgs', 'classify__tol': 1e-06, 'impute': None, 'select': SelectKBest(score_func=<function mutual_info_classif at 0x766691e17420>), 'select__k': 9, 'transform': None}",0.7005494505494505,0.7551820728291316,0.6651411136536994,0.7069575456774272,0.037037290619814166,61,0.7545454545454545,0.8363636363636364,0.8090909090909091,0.7999999999999999,0.034015067152490405,61,0.7142857142857143,0.7619047619047619,0.6666666666666666,0.7142857142857143,0.038880789567986955,34
0.08176732063293457,0.029869433432282103,0.019591728846232098,0.013502363455372672,,0.1,500,2,l2,42,lbfgs,0.0001,,SelectKBest(score_func=<function mutual_info_classif at 0x766691e17420>),9,,"{'balance': None, 'classify__C': 0.1, 'classify__max_iter': 500, 'classify__n_jobs': 2, 'classify__penalty': 'l2', 'classify__random_state': 42, 'classify__solver': 'lbfgs', 'classify__tol': 0.0001, 'impute': None, 'select': SelectKBest(score_func=<function mutual_info_classif at 0x766691e17420>), 'select__k': 9, 'transform': None}",0.7005494505494505,0.7551820728291316,0.6651411136536994,0.7069575456774272,0.037037290619814166,61,0.7545454545454545,0.8363636363636364,0.8090909090909091,0.7999999999999999,0.034015067152490405,61,0.7142857142857143,0.7619047619047619,0.6666666666666666,0.7142857142857143,0.038880789567986955,34
0.11329150199890137,0.05371433832026661,0.022295633951822918,0.01770171108356391,,0.1,200,2,l2,42,lbfgs,0.0001,SimpleImputer(strategy='median'),SelectKBest(score_func=<function mutual_info_classif at 0x766691e17420>),9,,"{'balance': None, 'classify__C': 0.1, 'classify__max_iter': 200, 'classify__n_jobs': 2, 'classify__penalty': 'l2', 'classify__random_state': 42, 'classify__solver': 'lbfgs', 'classify__tol': 0.0001, 'impute': SimpleImputer(strategy='median'), 'select': SelectKBest(score_func=<function mutual_info_classif at 0x766691e17420>), 'select__k': 9, 'transform': None}",0.7005494505494505,0.7551820728291316,0.6651411136536994,0.7069575456774272,0.037037290619814166,61,0.7545454545454545,0.8363636363636364,0.8090909090909091,0.7999999999999999,0.034015067152490405,61,0.7142857142857143,0.7619047619047619,0.6666666666666666,0.7142857142857143,0.038880789567986955,34
0.10363046328226726,0.044148560206064426,0.014367103576660156,0.0028279180606007206,,0.1,200,2,l2,42,lbfgs,1e-06,SimpleImputer(strategy='median'),SelectKBest(score_func=<function mutual_info_classif at 0x766691e17420>),9,,"{'balance': None, 'classify__C': 0.1, 'classify__max_iter': 200, 'classify__n_jobs': 2, 'classify__penalty': 'l2', 'classify__random_state': 42, 'classify__solver': 'lbfgs', 'classify__tol': 1e-06, 'impute': SimpleImputer(strategy='median'), 'select': SelectKBest(score_func=<function mutual_info_classif at 0x766691e17420>), 'select__k': 9, 'transform': None}",0.7005494505494505,0.7551820728291316,0.6651411136536994,0.7069575456774272,0.037037290619814166,61,0.7545454545454545,0.8363636363636364,0.8090909090909091,0.7999999999999999,0.034015067152490405,61,0.7142857142857143,0.7619047619047619,0.6666666666666666,0.7142857142857143,0.038880789567986955,34
0.08518266677856445,0.03976400537479742,0.017728090286254883,0.012497335567823575,,0.1,200,2,l2,42,lbfgs,0.0001,,SelectKBest(score_func=<function mutual_info_classif at 0x766691e17420>),9,,"{'balance': None, 'classify__C': 0.1, 'classify__max_iter': 200, 'classify__n_jobs': 2, 'classify__penalty': 'l2', 'classify__random_state': 42, 'classify__solver': 'lbfgs', 'classify__tol': 0.0001, 'impute': None, 'select': SelectKBest(score_func=<function mutual_info_classif at 0x766691e17420>), 'select__k': 9, 'transform': None}",0.7005494505494505,0.7551820728291316,0.6651411136536994,0.7069575456774272,0.037037290619814166,61,0.7545454545454545,0.8363636363636364,0.8090909090909091,0.7999999999999999,0.034015067152490405,61,0.7142857142857143,0.7619047619047619,0.6666666666666666,0.7142857142857143,0.038880789567986955,34
0.06925559043884277,0.032391339720271535,0.021036068598429363,0.01735595058598188,,0.1,100,2,l2,42,lbfgs,0.0001,,SelectKBest(score_func=<function mutual_info_classif at 0x766691e17420>),9,,"{'balance': None, 'classify__C': 0.1, 'classify__max_iter': 100, 'classify__n_jobs': 2, 'classify__penalty': 'l2', 'classify__random_state': 42, 'classify__solver': 'lbfgs', 'classify__tol': 0.0001, 'impute': None, 'select': SelectKBest(score_func=<function mutual_info_classif at 0x766691e17420>), 'select__k': 9, 'transform': None}",0.7005494505494505,0.7551820728291316,0.6651411136536994,0.7069575456774272,0.037037290619814166,61,0.7545454545454545,0.8363636363636364,0.8090909090909091,0.7999999999999999,0.034015067152490405,61,0.7142857142857143,0.7619047619047619,0.6666666666666666,0.7142857142857143,0.038880789567986955,34
0.11525313059488933,0.026599895885128733,0.018996795018513996,0.0015345683921030148,,0.1,1000,2,l2,42,lbfgs,1e-06,SimpleImputer(strategy='median'),SelectKBest(score_func=<function mutual_info_classif at 0x766691e17420>),9,,"{'balance': None, 'classify__C': 0.1, 'classify__max_iter': 1000, 'classify__n_jobs': 2, 'classify__penalty': 'l2', 'classify__random_state': 42, 'classify__solver': 'lbfgs', 'classify__tol': 1e-06, 'impute': SimpleImputer(strategy='median'), 'select': SelectKBest(score_func=<function mutual_info_classif at 0x766691e17420>), 'select__k': 9, 'transform': None}",0.7005494505494505,0.7551820728291316,0.6651411136536994,0.7069575456774272,0.037037290619814166,61,0.7545454545454545,0.8363636363636364,0.8090909090909091,0.7999999999999999,0.034015067152490405,61,0.7142857142857143,0.7619047619047619,0.6666666666666666,0.7142857142857143,0.038880789567986955,34
0.11428141593933105,0.04775194189663919,0.0162204106648763,0.006932171174144662,,0.1,1000,2,l2,42,lbfgs,1e-08,SimpleImputer(strategy='median'),SelectKBest(score_func=<function mutual_info_classif at 0x766691e17420>),9,,"{'balance': None, 'classify__C': 0.1, 'classify__max_iter': 1000, 'classify__n_jobs': 2, 'classify__penalty': 'l2', 'classify__random_state': 42, 'classify__solver': 'lbfgs', 'classify__tol': 1e-08, 'impute': SimpleImputer(strategy='median'), 'select': SelectKBest(score_func=<function mutual_info_classif at 0x766691e17420>), 'select__k': 9, 'transform': None}",0.7005494505494505,0.7551820728291316,0.6651411136536994,0.7069575456774272,0.037037290619814166,61,0.7545454545454545,0.8363636363636364,0.8090909090909091,0.7999999999999999,0.034015067152490405,61,0.7142857142857143,0.7619047619047619,0.6666666666666666,0.7142857142857143,0.038880789567986955,34
0.10235937436421712,0.03761621255792669,0.028266112009684246,0.006411947429928082,,0.1,1000,2,l2,42,lbfgs,0.0001,,SelectKBest(score_func=<function mutual_info_classif at 0x766691e17420>),9,,"{'balance': None, 'classify__C': 0.1, 'classify__max_iter': 1000, 'classify__n_jobs': 2, 'classify__penalty': 'l2', 'classify__random_state': 42, 'classify__solver': 'lbfgs', 'classify__tol': 0.0001, 'impute': None, 'select': SelectKBest(score_func=<function mutual_info_classif at 0x766691e17420>), 'select__k': 9, 'transform': None}",0.7005494505494505,0.7551820728291316,0.6651411136536994,0.7069575456774272,0.037037290619814166,61,0.7545454545454545,0.8363636363636364,0.8090909090909091,0.7999999999999999,0.034015067152490405,61,0.7142857142857143,0.7619047619047619,0.6666666666666666,0.7142857142857143,0.038880789567986955,34
0.17209784189860025,0.035339353234183406,0.01864941914876302,0.007377804033170311,,0.1,1000,2,l2,42,lbfgs,1e-06,,SelectKBest(score_func=<function mutual_info_classif at 0x766691e17420>),9,,"{'balance': None, 'classify__C': 0.1, 'classify__max_iter': 1000, 'classify__n_jobs': 2, 'classify__penalty': 'l2', 'classify__random_state': 42, 'classify__solver': 'lbfgs', 'classify__tol': 1e-06, 'impute': None, 'select': SelectKBest(score_func=<function mutual_info_classif at 0x766691e17420>), 'select__k': 9, 'transform': None}",0.7005494505494505,0.7551820728291316,0.6651411136536994,0.7069575456774272,0.037037290619814166,61,0.7545454545454545,0.8363636363636364,0.8090909090909091,0.7999999999999999,0.034015067152490405,61,0.7142857142857143,0.7619047619047619,0.6666666666666666,0.7142857142857143,0.038880789567986955,34
0.13433663050333658,0.05649502843188755,0.03409473101298014,0.006585001743956417,,0.1,500,2,l2,42,lbfgs,0.0001,SimpleImputer(strategy='median'),SelectKBest(score_func=<function mutual_info_classif at 0x766691e17420>),9,,"{'balance': None, 'classify__C': 0.1, 'classify__max_iter': 500, 'classify__n_jobs': 2, 'classify__penalty': 'l2', 'classify__random_state': 42, 'classify__solver': 'lbfgs', 'classify__tol': 0.0001, 'impute': SimpleImputer(strategy='median'), 'select': SelectKBest(score_func=<function mutual_info_classif at 0x766691e17420>), 'select__k': 9, 'transform': None}",0.7005494505494505,0.7551820728291316,0.6651411136536994,0.7069575456774272,0.037037290619814166,61,0.7545454545454545,0.8363636363636364,0.8090909090909091,0.7999999999999999,0.034015067152490405,61,0.7142857142857143,0.7619047619047619,0.6666666666666666,0.7142857142857143,0.038880789567986955,34
0.10162655512491862,0.0112934020947853,0.010245879491170248,0.000496864331559246,,0.1,500,2,l2,42,lbfgs,1e-06,SimpleImputer(strategy='median'),SelectKBest(score_func=<function mutual_info_classif at 0x766691e17420>),9,,"{'balance': None, 'classify__C': 0.1, 'classify__max_iter': 500, 'classify__n_jobs': 2, 'classify__penalty': 'l2', 'classify__random_state': 42, 'classify__solver': 'lbfgs', 'classify__tol': 1e-06, 'impute': SimpleImputer(strategy='median'), 'select': SelectKBest(score_func=<function mutual_info_classif at 0x766691e17420>), 'select__k': 9, 'transform': None}",0.7005494505494505,0.7551820728291316,0.6651411136536994,0.7069575456774272,0.037037290619814166,61,0.7545454545454545,0.8363636363636364,0.8090909090909091,0.7999999999999999,0.034015067152490405,61,0.7142857142857143,0.7619047619047619,0.6666666666666666,0.7142857142857143,0.038880789567986955,34
0.09218668937683105,0.019969087263957117,0.009583393732706705,0.00046185054638159717,,0.1,1000,2,l2,42,lbfgs,1e-08,,SelectKBest(score_func=<function mutual_info_classif at 0x766691e17420>),9,,"{'balance': None, 'classify__C': 0.1, 'classify__max_iter': 1000, 'classify__n_jobs': 2, 'classify__penalty': 'l2', 'classify__random_state': 42, 'classify__solver': 'lbfgs', 'classify__tol': 1e-08, 'impute': None, 'select': SelectKBest(score_func=<function mutual_info_classif at 0x766691e17420>), 'select__k': 9, 'transform': None}",0.7005494505494505,0.7551820728291316,0.6651411136536994,0.7069575456774272,0.037037290619814166,61,0.7545454545454545,0.8363636363636364,0.8090909090909091,0.7999999999999999,0.034015067152490405,61,0.7142857142857143,0.7619047619047619,0.6666666666666666,0.7142857142857143,0.038880789567986955,34
0.13411498069763184,0.015053319027450685,0.01985327402750651,0.004542660975966951,,0.1,100,2,l2,42,lbfgs,1e-06,,SelectKBest(score_func=<function mutual_info_classif at 0x766691e17420>),9,,"{'balance': None, 'classify__C': 0.1, 'classify__max_iter': 100, 'classify__n_jobs': 2, 'classify__penalty': 'l2', 'classify__random_state': 42, 'classify__solver': 'lbfgs', 'classify__tol': 1e-06, 'impute': None, 'select': SelectKBest(score_func=<function mutual_info_classif at 0x766691e17420>), 'select__k': 9, 'transform': None}",0.7005494505494505,0.7551820728291316,0.6651411136536994,0.7069575456774272,0.037037290619814166,61,0.7545454545454545,0.8363636363636364,0.8090909090909091,0.7999999999999999,0.034015067152490405,61,0.7142857142857143,0.7619047619047619,0.6666666666666666,0.7142857142857143,0.038880789567986955,34
0.13137261072794595,0.06162498595389658,0.02274179458618164,0.010543275725309345,,0.1,200,2,l2,42,lbfgs,1e-06,,SelectKBest(score_func=<function mutual_info_classif at 0x766691e17420>),9,,"{'balance': None, 'classify__C': 0.1, 'classify__max_iter': 200, 'classify__n_jobs': 2, 'classify__penalty': 'l2', 'classify__random_state': 42, 'classify__solver': 'lbfgs', 'classify__tol': 1e-06, 'impute': None, 'select': SelectKBest(score_func=<function mutual_info_classif at 0x766691e17420>), 'select__k': 9, 'transform': None}",0.7005494505494505,0.7551820728291316,0.6651411136536994,0.7069575456774272,0.037037290619814166,61,0.7545454545454545,0.8363636363636364,0.8090909090909091,0.7999999999999999,0.034015067152490405,61,0.7142857142857143,0.7619047619047619,0.6666666666666666,0.7142857142857143,0.038880789567986955,34
0.12098415692647298,0.01518964267533306,0.020941734313964844,0.00395104124792693,,0.1,200,2,l2,42,lbfgs,1e-08,,SelectKBest(score_func=<function mutual_info_classif at 0x766691e17420>),9,,"{'balance': None, 'classify__C': 0.1, 'classify__max_iter': 200, 'classify__n_jobs': 2, 'classify__penalty': 'l2', 'classify__random_state': 42, 'classify__solver': 'lbfgs', 'classify__tol': 1e-08, 'impute': None, 'select': SelectKBest(score_func=<function mutual_info_classif at 0x766691e17420>), 'select__k': 9, 'transform': None}",0.7005494505494505,0.7551820728291316,0.6651411136536994,0.7069575456774272,0.037037290619814166,61,0.7545454545454545,0.8363636363636364,0.8090909090909091,0.7999999999999999,0.034015067152490405,61,0.7142857142857143,0.7619047619047619,0.6666666666666666,0.7142857142857143,0.038880789567986955,34
0.08929729461669922,0.023991994387158967,0.01873048146565755,0.007344874322372004,,0.1,100,2,l2,42,lbfgs,0.0001,SimpleImputer(strategy='median'),SelectKBest(score_func=<function mutual_info_classif at 0x766691e17420>),9,,"{'balance': None, 'classify__C': 0.1, 'classify__max_iter': 100, 'classify__n_jobs': 2, 'classify__penalty': 'l2', 'classify__random_state': 42, 'classify__solver': 'lbfgs', 'classify__tol': 0.0001, 'impute': SimpleImputer(strategy='median'), 'select': SelectKBest(score_func=<function mutual_info_classif at 0x766691e17420>), 'select__k': 9, 'transform': None}",0.7005494505494505,0.7551820728291316,0.6651411136536994,0.7069575456774272,0.037037290619814166,61,0.7545454545454545,0.8363636363636364,0.8090909090909091,0.7999999999999999,0.034015067152490405,61,0.7142857142857143,0.7619047619047619,0.6666666666666666,0.7142857142857143,0.038880789567986955,34
0.09826985994974773,0.04045553486661321,0.01755666732788086,0.009072402732394538,,0.1,100,2,l2,42,lbfgs,1e-06,SimpleImputer(strategy='median'),SelectKBest(score_func=<function mutual_info_classif at 0x766691e17420>),9,,"{'balance': None, 'classify__C': 0.1, 'classify__max_iter': 100, 'classify__n_jobs': 2, 'classify__penalty': 'l2', 'classify__random_state': 42, 'classify__solver': 'lbfgs', 'classify__tol': 1e-06, 'impute': SimpleImputer(strategy='median'), 'select': SelectKBest(score_func=<function mutual_info_classif at 0x766691e17420>), 'select__k': 9, 'transform': None}",0.7005494505494505,0.7551820728291316,0.6651411136536994,0.7069575456774272,0.037037290619814166,61,0.7545454545454545,0.8363636363636364,0.8090909090909091,0.7999999999999999,0.034015067152490405,61,0.7142857142857143,0.7619047619047619,0.6666666666666666,0.7142857142857143,0.038880789567986955,34
0.12310544649759929,0.024243645107387798,0.025977452596028645,0.00955703769890824,,0.1,1000,2,l2,42,lbfgs,0.0001,SimpleImputer(strategy='median'),SelectKBest(score_func=<function mutual_info_classif at 0x766691e17420>),9,,"{'balance': None, 'classify__C': 0.1, 'classify__max_iter': 1000, 'classify__n_jobs': 2, 'classify__penalty': 'l2', 'classify__random_state': 42, 'classify__solver': 'lbfgs', 'classify__tol': 0.0001, 'impute': SimpleImputer(strategy='median'), 'select': SelectKBest(score_func=<function mutual_info_classif at 0x766691e17420>), 'select__k': 9, 'transform': None}",0.7005494505494505,0.7551820728291316,0.6651411136536994,0.7069575456774272,0.037037290619814166,61,0.7545454545454545,0.8363636363636364,0.8090909090909091,0.7999999999999999,0.034015067152490405,61,0.7142857142857143,0.7619047619047619,0.6666666666666666,0.7142857142857143,0.038880789567986955,34
0.0889116923014323,0.013454827381972104,0.01652042071024577,0.0028731096474012945,,0.1,2000,2,l2,42,lbfgs,0.0001,,SelectKBest(score_func=<function mutual_info_classif at 0x766691e17420>),9,,"{'balance': None, 'classify__C': 0.1, 'classify__max_iter': 2000, 'classify__n_jobs': 2, 'classify__penalty': 'l2', 'classify__random_state': 42, 'classify__solver': 'lbfgs', 'classify__tol': 0.0001, 'impute': None, 'select': SelectKBest(score_func=<function mutual_info_classif at 0x766691e17420>), 'select__k': 9, 'transform': None}",0.7005494505494505,0.7551820728291316,0.6651411136536994,0.7069575456774272,0.037037290619814166,61,0.7545454545454545,0.8363636363636364,0.8090909090909091,0.7999999999999999,0.034015067152490405,61,0.7142857142857143,0.7619047619047619,0.6666666666666666,0.7142857142857143,0.038880789567986955,34
0.14713493982950845,0.030435451800271292,0.02218937873840332,0.005822565251343148,,0.1,2000,2,l2,42,lbfgs,1e-06,SimpleImputer(strategy='median'),SelectKBest(score_func=<function mutual_info_classif at 0x766691e17420>),9,,"{'balance': None, 'classify__C': 0.1, 'classify__max_iter': 2000, 'classify__n_jobs': 2, 'classify__penalty': 'l2', 'classify__random_state': 42, 'classify__solver': 'lbfgs', 'classify__tol': 1e-06, 'impute': SimpleImputer(strategy='median'), 'select': SelectKBest(score_func=<function mutual_info_classif at 0x766691e17420>), 'select__k': 9, 'transform': None}",0.7005494505494505,0.7551820728291316,0.6651411136536994,0.7069575456774272,0.037037290619814166,61,0.7545454545454545,0.8363636363636364,0.8090909090909091,0.7999999999999999,0.034015067152490405,61,0.7142857142857143,0.7619047619047619,0.6666666666666666,0.7142857142857143,0.038880789567986955,34
0.21679226557413736,0.02018688398744464,0.029212792714436848,0.011072191130224696,,0.1,2000,2,l2,42,lbfgs,1e-08,,SelectKBest(score_func=<function mutual_info_classif at 0x766691e17420>),9,,"{'balance': None, 'classify__C': 0.1, 'classify__max_iter': 2000, 'classify__n_jobs': 2, 'classify__penalty': 'l2', 'classify__random_state': 42, 'classify__solver': 'lbfgs', 'classify__tol': 1e-08, 'impute': None, 'select': SelectKBest(score_func=<function mutual_info_classif at 0x766691e17420>), 'select__k': 9, 'transform': None}",0.7005494505494505,0.7551820728291316,0.6651411136536994,0.7069575456774272,0.037037290619814166,61,0.7545454545454545,0.8363636363636364,0.8090909090909091,0.7999999999999999,0.034015067152490405,61,0.7142857142857143,0.7619047619047619,0.6666666666666666,0.7142857142857143,0.038880789567986955,34
0.11804795265197754,0.03718069176501877,0.021477540334065754,0.005511358899231873,,0.1,2000,2,l2,42,lbfgs,0.0001,SimpleImputer(strategy='median'),SelectKBest(score_func=<function mutual_info_classif at 0x766691e17420>),9,,"{'balance': None, 'classify__C': 0.1, 'classify__max_iter': 2000, 'classify__n_jobs': 2, 'classify__penalty': 'l2', 'classify__random_state': 42, 'classify__solver': 'lbfgs', 'classify__tol': 0.0001, 'impute': SimpleImputer(strategy='median'), 'select': SelectKBest(score_func=<function mutual_info_classif at 0x766691e17420>), 'select__k': 9, 'transform': None}",0.7005494505494505,0.7551820728291316,0.6651411136536994,0.7069575456774272,0.037037290619814166,61,0.7545454545454545,0.8363636363636364,0.8090909090909091,0.7999999999999999,0.034015067152490405,61,0.7142857142857143,0.7619047619047619,0.6666666666666666,0.7142857142857143,0.038880789567986955,34
0.3726969559987386,0.10183144844871998,0.032239039738972984,0.008504306146344811,,100.0,1000,2,l2,42,lbfgs,1e-06,,SelectKBest(score_func=<function mutual_info_classif at 0x766691e17420>),5,,"{'balance': None, 'classify__C': 100.0, 'classify__max_iter': 1000, 'classify__n_jobs': 2, 'classify__penalty': 'l2', 'classify__random_state': 42, 'classify__solver': 'lbfgs', 'classify__tol': 1e-06, 'impute': None, 'select': SelectKBest(score_func=<function mutual_info_classif at 0x766691e17420>), 'select__k': 5, 'transform': None}",0.6666666666666666,0.7551820728291316,0.6666666666666666,0.6961718020541549,0.04172656262464035,91,0.7363636363636363,0.7090909090909091,0.7363636363636363,0.7272727272727272,0.012856486930664478,365,0.6666666666666666,0.7619047619047619,0.6666666666666666,0.6984126984126983,0.04489566864676491,150
0.15799625714619955,0.10909193615950145,0.01767253875732422,0.010537745408989635,,100.0,2000,2,l2,42,lbfgs,0.0001,SimpleImputer(strategy='median'),SelectKBest(score_func=<function mutual_info_classif at 0x766691e17420>),5,,"{'balance': None, 'classify__C': 100.0, 'classify__max_iter': 2000, 'classify__n_jobs': 2, 'classify__penalty': 'l2', 'classify__random_state': 42, 'classify__solver': 'lbfgs', 'classify__tol': 0.0001, 'impute': SimpleImputer(strategy='median'), 'select': SelectKBest(score_func=<function mutual_info_classif at 0x766691e17420>), 'select__k': 5, 'transform': None}",0.6666666666666666,0.7551820728291316,0.6666666666666666,0.6961718020541549,0.04172656262464035,91,0.7363636363636363,0.7090909090909091,0.7363636363636363,0.7272727272727272,0.012856486930664478,365,0.6666666666666666,0.7619047619047619,0.6666666666666666,0.6984126984126983,0.04489566864676491,150
0.12097684542338054,0.0090422296256328,0.008979558944702148,0.00023108291587143397,,100.0,500,2,l2,42,lbfgs,0.0001,,SelectKBest(score_func=<function mutual_info_classif at 0x766691e17420>),5,,"{'balance': None, 'classify__C': 100.0, 'classify__max_iter': 500, 'classify__n_jobs': 2, 'classify__penalty': 'l2', 'classify__random_state': 42, 'classify__solver': 'lbfgs', 'classify__tol': 0.0001, 'impute': None, 'select': SelectKBest(score_func=<function mutual_info_classif at 0x766691e17420>), 'select__k': 5, 'transform': None}",0.6666666666666666,0.7551820728291316,0.6666666666666666,0.6961718020541549,0.04172656262464035,91,0.7363636363636363,0.7090909090909091,0.7363636363636363,0.7272727272727272,0.012856486930664478,365,0.6666666666666666,0.7619047619047619,0.6666666666666666,0.6984126984126983,0.04489566864676491,150
0.13083934783935547,0.009036661887801426,0.012825886408487955,0.006013756896524498,,100.0,500,2,l2,42,lbfgs,1e-06,,SelectKBest(score_func=<function mutual_info_classif at 0x766691e17420>),5,,"{'balance': None, 'classify__C': 100.0, 'classify__max_iter': 500, 'classify__n_jobs': 2, 'classify__penalty': 'l2', 'classify__random_state': 42, 'classify__solver': 'lbfgs', 'classify__tol': 1e-06, 'impute': None, 'select': SelectKBest(score_func=<function mutual_info_classif at 0x766691e17420>), 'select__k': 5, 'transform': None}",0.6666666666666666,0.7551820728291316,0.6666666666666666,0.6961718020541549,0.04172656262464035,91,0.7363636363636363,0.7090909090909091,0.7363636363636363,0.7272727272727272,0.012856486930664478,365,0.6666666666666666,0.7619047619047619,0.6666666666666666,0.6984126984126983,0.04489566864676491,150
0.31780211130777997,0.03300663853954025,0.04332868258158366,0.008605323920709274,,100.0,2000,2,l2,42,lbfgs,1e-06,SimpleImputer(strategy='median'),SelectKBest(score_func=<function mutual_info_classif at 0x766691e17420>),5,,"{'balance': None, 'classify__C': 100.0, 'classify__max_iter': 2000, 'classify__n_jobs': 2, 'classify__penalty': 'l2', 'classify__random_state': 42, 'classify__solver': 'lbfgs', 'classify__tol': 1e-06, 'impute': SimpleImputer(strategy='median'), 'select': SelectKBest(score_func=<function mutual_info_classif at 0x766691e17420>), 'select__k': 5, 'transform': None}",0.6666666666666666,0.7551820728291316,0.6666666666666666,0.6961718020541549,0.04172656262464035,91,0.7363636363636363,0.7090909090909091,0.7363636363636363,0.7272727272727272,0.012856486930664478,365,0.6666666666666666,0.7619047619047619,0.6666666666666666,0.6984126984126983,0.04489566864676491,150
0.2672022183736165,0.08114682789091524,0.04323967297871908,0.009558853292897065,,10.0,2000,2,l2,42,lbfgs,1e-06,SimpleImputer(strategy='median'),SelectKBest(score_func=<function mutual_info_classif at 0x766691e17420>),5,,"{'balance': None, 'classify__C': 10.0, 'classify__max_iter': 2000, 'classify__n_jobs': 2, 'classify__penalty': 'l2', 'classify__random_state': 42, 'classify__solver': 'lbfgs', 'classify__tol': 1e-06, 'impute': SimpleImputer(strategy='median'), 'select': SelectKBest(score_func=<function mutual_info_classif at 0x766691e17420>), 'select__k': 5, 'transform': None}",0.6651411136536994,0.7551820728291316,0.6666666666666666,0.6956632843831659,0.04209074689727393,96,0.7272727272727273,0.7090909090909091,0.7545454545454545,0.7303030303030303,0.018680042433239306,363,0.6666666666666666,0.7619047619047619,0.6666666666666666,0.6984126984126983,0.04489566864676491,150
0.190079927444458,0.026864287691589536,0.02578592300415039,0.004499786431684668,,10.0,100,2,l2,42,lbfgs,1e-06,SimpleImputer(strategy='median'),SelectKBest(score_func=<function mutual_info_classif at 0x766691e17420>),5,,"{'balance': None, 'classify__C': 10.0, 'classify__max_iter': 100, 'classify__n_jobs': 2, 'classify__penalty': 'l2', 'classify__random_state': 42, 'classify__solver': 'lbfgs', 'classify__tol': 1e-06, 'impute': SimpleImputer(strategy='median'), 'select': SelectKBest(score_func=<function mutual_info_classif at 0x766691e17420>), 'select__k': 5, 'transform': None}",0.6651411136536994,0.7551820728291316,0.6666666666666666,0.6956632843831659,0.04209074689727393,96,0.7272727272727273,0.7090909090909091,0.7545454545454545,0.7303030303030303,0.018680042433239306,363,0.6666666666666666,0.7619047619047619,0.6666666666666666,0.6984126984126983,0.04489566864676491,150
0.10506057739257812,0.03245552500667464,0.022870222727457683,0.010149593273347243,,0.1,1000,2,l2,42,lbfgs,0.0001,,SelectKBest(score_func=<function mutual_info_classif at 0x766691e17420>),7,,"{'balance': None, 'classify__C': 0.1, 'classify__max_iter': 1000, 'classify__n_jobs': 2, 'classify__penalty': 'l2', 'classify__random_state': 42, 'classify__solver': 'lbfgs', 'classify__tol': 0.0001, 'impute': None, 'select': SelectKBest(score_func=<function mutual_info_classif at 0x766691e17420>), 'select__k': 7, 'transform': None}",0.7005494505494505,0.7142857142857143,0.6651411136536994,0.6933254261629548,0.02070326607200859,98,0.7181818181818181,0.7363636363636364,0.7636363636363637,0.7393939393939394,0.018680042433239348,309,0.7142857142857143,0.7142857142857143,0.6666666666666666,0.6984126984126985,0.022447834323382487,91
0.08365464210510254,0.028089217570309622,0.014067729314168295,0.006119712329812376,,0.1,1000,2,l2,42,lbfgs,1e-08,SimpleImputer(strategy='median'),SelectKBest(score_func=<function mutual_info_classif at 0x766691e17420>),7,,"{'balance': None, 'classify__C': 0.1, 'classify__max_iter': 1000, 'classify__n_jobs': 2, 'classify__penalty': 'l2', 'classify__random_state': 42, 'classify__solver': 'lbfgs', 'classify__tol': 1e-08, 'impute': SimpleImputer(strategy='median'), 'select': SelectKBest(score_func=<function mutual_info_classif at 0x766691e17420>), 'select__k': 7, 'transform': None}",0.7005494505494505,0.7142857142857143,0.6651411136536994,0.6933254261629548,0.02070326607200859,98,0.7181818181818181,0.7363636363636364,0.7636363636363637,0.7393939393939394,0.018680042433239348,309,0.7142857142857143,0.7142857142857143,0.6666666666666666,0.6984126984126985,0.022447834323382487,91
0.22830692927042642,0.01793908984821598,0.03209686279296875,0.006476500288943069,,0.1,1000,2,l2,42,lbfgs,1e-08,,SelectKBest(score_func=<function mutual_info_classif at 0x766691e17420>),7,,"{'balance': None, 'classify__C': 0.1, 'classify__max_iter': 1000, 'classify__n_jobs': 2, 'classify__penalty': 'l2', 'classify__random_state': 42, 'classify__solver': 'lbfgs', 'classify__tol': 1e-08, 'impute': None, 'select': SelectKBest(score_func=<function mutual_info_classif at 0x766691e17420>), 'select__k': 7, 'transform': None}",0.7005494505494505,0.7142857142857143,0.6651411136536994,0.6933254261629548,0.02070326607200859,98,0.7181818181818181,0.7363636363636364,0.7636363636363637,0.7393939393939394,0.018680042433239348,309,0.7142857142857143,0.7142857142857143,0.6666666666666666,0.6984126984126985,0.022447834323382487,91
0.1350235939025879,0.022570732429456977,0.021135568618774414,0.007232516698580277,,0.1,1000,2,l2,42,lbfgs,1e-06,,SelectKBest(score_func=<function mutual_info_classif at 0x766691e17420>),7,,"{'balance': None, 'classify__C': 0.1, 'classify__max_iter': 1000, 'classify__n_jobs': 2, 'classify__penalty': 'l2', 'classify__random_state': 42, 'classify__solver': 'lbfgs', 'classify__tol': 1e-06, 'impute': None, 'select': SelectKBest(score_func=<function mutual_info_classif at 0x766691e17420>), 'select__k': 7, 'transform': None}",0.7005494505494505,0.7142857142857143,0.6651411136536994,0.6933254261629548,0.02070326607200859,98,0.7181818181818181,0.7363636363636364,0.7636363636363637,0.7393939393939394,0.018680042433239348,309,0.7142857142857143,0.7142857142857143,0.6666666666666666,0.6984126984126985,0.022447834323382487,91
0.11648257573445638,0.047023244386866996,0.022275845209757488,0.014389283460952418,,0.1,500,2,l2,42,lbfgs,0.0001,,SelectKBest(score_func=<function mutual_info_classif at 0x766691e17420>),7,,"{'balance': None, 'classify__C': 0.1, 'classify__max_iter': 500, 'classify__n_jobs': 2, 'classify__penalty': 'l2', 'classify__random_state': 42, 'classify__solver': 'lbfgs', 'classify__tol': 0.0001, 'impute': None, 'select': SelectKBest(score_func=<function mutual_info_classif at 0x766691e17420>), 'select__k': 7, 'transform': None}",0.7005494505494505,0.7142857142857143,0.6651411136536994,0.6933254261629548,0.02070326607200859,98,0.7181818181818181,0.7363636363636364,0.7636363636363637,0.7393939393939394,0.018680042433239348,309,0.7142857142857143,0.7142857142857143,0.6666666666666666,0.6984126984126985,0.022447834323382487,91
0.1808168888092041,0.059137723393477185,0.0262301762898763,0.016836117210164283,,0.1,500,2,l2,42,lbfgs,1e-06,SimpleImputer(strategy='median'),SelectKBest(score_func=<function mutual_info_classif at 0x766691e17420>),7,,"{'balance': None, 'classify__C': 0.1, 'classify__max_iter': 500, 'classify__n_jobs': 2, 'classify__penalty': 'l2', 'classify__random_state': 42, 'classify__solver': 'lbfgs', 'classify__tol': 1e-06, 'impute': SimpleImputer(strategy='median'), 'select': SelectKBest(score_func=<function mutual_info_classif at 0x766691e17420>), 'select__k': 7, 'transform': None}",0.7005494505494505,0.7142857142857143,0.6651411136536994,0.6933254261629548,0.02070326607200859,98,0.7181818181818181,0.7363636363636364,0.7636363636363637,0.7393939393939394,0.018680042433239348,309,0.7142857142857143,0.7142857142857143,0.6666666666666666,0.6984126984126985,0.022447834323382487,91
0.17411438624064127,0.016788693662709464,0.02607862154642741,0.009455058197757141,,0.1,500,2,l2,42,lbfgs,1e-06,,SelectKBest(score_func=<function mutual_info_classif at 0x766691e17420>),7,,"{'balance': None, 'classify__C': 0.1, 'classify__max_iter': 500, 'classify__n_jobs': 2, 'classify__penalty': 'l2', 'classify__random_state': 42, 'classify__solver': 'lbfgs', 'classify__tol': 1e-06, 'impute': None, 'select': SelectKBest(score_func=<function mutual_info_classif at 0x766691e17420>), 'select__k': 7, 'transform': None}",0.7005494505494505,0.7142857142857143,0.6651411136536994,0.6933254261629548,0.02070326607200859,98,0.7181818181818181,0.7363636363636364,0.7636363636363637,0.7393939393939394,0.018680042433239348,309,0.7142857142857143,0.7142857142857143,0.6666666666666666,0.6984126984126985,0.022447834323382487,91
0.14032634099324545,0.027057604905142776,0.029102325439453125,0.004335890601473886,,0.1,500,2,l2,42,lbfgs,0.0001,SimpleImputer(strategy='median'),SelectKBest(score_func=<function mutual_info_classif at 0x766691e17420>),7,,"{'balance': None, 'classify__C': 0.1, 'classify__max_iter': 500, 'classify__n_jobs': 2, 'classify__penalty': 'l2', 'classify__random_state': 42, 'classify__solver': 'lbfgs', 'classify__tol': 0.0001, 'impute': SimpleImputer(strategy='median'), 'select': SelectKBest(score_func=<function mutual_info_classif at 0x766691e17420>), 'select__k': 7, 'transform': None}",0.7005494505494505,0.7142857142857143,0.6651411136536994,0.6933254261629548,0.02070326607200859,98,0.7181818181818181,0.7363636363636364,0.7636363636363637,0.7393939393939394,0.018680042433239348,309,0.7142857142857143,0.7142857142857143,0.6666666666666666,0.6984126984126985,0.022447834323382487,91
0.09694925944010417,0.02871273098812099,0.021589279174804688,0.00969647635651989,,0.1,1000,2,l2,42,lbfgs,1e-06,SimpleImputer(strategy='median'),SelectKBest(score_func=<function mutual_info_classif at 0x766691e17420>),7,,"{'balance': None, 'classify__C': 0.1, 'classify__max_iter': 1000, 'classify__n_jobs': 2, 'classify__penalty': 'l2', 'classify__random_state': 42, 'classify__solver': 'lbfgs', 'classify__tol': 1e-06, 'impute': SimpleImputer(strategy='median'), 'select': SelectKBest(score_func=<function mutual_info_classif at 0x766691e17420>), 'select__k': 7, 'transform': None}",0.7005494505494505,0.7142857142857143,0.6651411136536994,0.6933254261629548,0.02070326607200859,98,0.7181818181818181,0.7363636363636364,0.7636363636363637,0.7393939393939394,0.018680042433239348,309,0.7142857142857143,0.7142857142857143,0.6666666666666666,0.6984126984126985,0.022447834323382487,91
0.05214564005533854,0.010403098267268866,0.009181976318359375,0.0004833514369150439,,0.1,100,2,l2,42,lbfgs,0.0001,,SelectKBest(score_func=<function mutual_info_classif at 0x766691e17420>),7,,"{'balance': None, 'classify__C': 0.1, 'classify__max_iter': 100, 'classify__n_jobs': 2, 'classify__penalty': 'l2', 'classify__random_state': 42, 'classify__solver': 'lbfgs', 'classify__tol': 0.0001, 'impute': None, 'select': SelectKBest(score_func=<function mutual_info_classif at 0x766691e17420>), 'select__k': 7, 'transform': None}",0.7005494505494505,0.7142857142857143,0.6651411136536994,0.6933254261629548,0.02070326607200859,98,0.7181818181818181,0.7363636363636364,0.7636363636363637,0.7393939393939394,0.018680042433239348,309,0.7142857142857143,0.7142857142857143,0.6666666666666666,0.6984126984126985,0.022447834323382487,91
0.11973293622334798,0.02296498950650582,0.01389463742574056,0.004696600307023652,,0.1,100,2,l2,42,lbfgs,1e-06,SimpleImputer(strategy='median'),SelectKBest(score_func=<function mutual_info_classif at 0x766691e17420>),7,,"{'balance': None, 'classify__C': 0.1, 'classify__max_iter': 100, 'classify__n_jobs': 2, 'classify__penalty': 'l2', 'classify__random_state': 42, 'classify__solver': 'lbfgs', 'classify__tol': 1e-06, 'impute': SimpleImputer(strategy='median'), 'select': SelectKBest(score_func=<function mutual_info_classif at 0x766691e17420>), 'select__k': 7, 'transform': None}",0.7005494505494505,0.7142857142857143,0.6651411136536994,0.6933254261629548,0.02070326607200859,98,0.7181818181818181,0.7363636363636364,0.7636363636363637,0.7393939393939394,0.018680042433239348,309,0.7142857142857143,0.7142857142857143,0.6666666666666666,0.6984126984126985,0.022447834323382487,91
0.1310123602549235,0.07695700519813792,0.011512279510498047,0.0018656878872232753,,0.1,200,2,l2,42,lbfgs,1e-08,,SelectKBest(score_func=<function mutual_info_classif at 0x766691e17420>),7,,"{'balance': None, 'classify__C': 0.1, 'classify__max_iter': 200, 'classify__n_jobs': 2, 'classify__penalty': 'l2', 'classify__random_state': 42, 'classify__solver': 'lbfgs', 'classify__tol': 1e-08, 'impute': None, 'select': SelectKBest(score_func=<function mutual_info_classif at 0x766691e17420>), 'select__k': 7, 'transform': None}",0.7005494505494505,0.7142857142857143,0.6651411136536994,0.6933254261629548,0.02070326607200859,98,0.7181818181818181,0.7363636363636364,0.7636363636363637,0.7393939393939394,0.018680042433239348,309,0.7142857142857143,0.7142857142857143,0.6666666666666666,0.6984126984126985,0.022447834323382487,91
0.11593135197957356,0.01717933919848374,0.02211610476175944,0.004246918637037616,,0.1,100,2,l2,42,lbfgs,0.0001,SimpleImputer(strategy='median'),SelectKBest(score_func=<function mutual_info_classif at 0x766691e17420>),7,,"{'balance': None, 'classify__C': 0.1, 'classify__max_iter': 100, 'classify__n_jobs': 2, 'classify__penalty': 'l2', 'classify__random_state': 42, 'classify__solver': 'lbfgs', 'classify__tol': 0.0001, 'impute': SimpleImputer(strategy='median'), 'select': SelectKBest(score_func=<function mutual_info_classif at 0x766691e17420>), 'select__k': 7, 'transform': None}",0.7005494505494505,0.7142857142857143,0.6651411136536994,0.6933254261629548,0.02070326607200859,98,0.7181818181818181,0.7363636363636364,0.7636363636363637,0.7393939393939394,0.018680042433239348,309,0.7142857142857143,0.7142857142857143,0.6666666666666666,0.6984126984126985,0.022447834323382487,91
0.05032793680826823,0.007588934416995507,0.009395917256673178,0.0001339115091881659,,0.1,200,2,l2,42,lbfgs,0.0001,,SelectKBest(score_func=<function mutual_info_classif at 0x766691e17420>),7,,"{'balance': None, 'classify__C': 0.1, 'classify__max_iter': 200, 'classify__n_jobs': 2, 'classify__penalty': 'l2', 'classify__random_state': 42, 'classify__solver': 'lbfgs', 'classify__tol': 0.0001, 'impute': None, 'select': SelectKBest(score_func=<function mutual_info_classif at 0x766691e17420>), 'select__k': 7, 'transform': None}",0.7005494505494505,0.7142857142857143,0.6651411136536994,0.6933254261629548,0.02070326607200859,98,0.7181818181818181,0.7363636363636364,0.7636363636363637,0.7393939393939394,0.018680042433239348,309,0.7142857142857143,0.7142857142857143,0.6666666666666666,0.6984126984126985,0.022447834323382487,91
0.16226927439371744,0.052766041576118146,0.021266937255859375,0.01078060256543267,,0.1,500,2,l2,42,lbfgs,1e-08,,SelectKBest(score_func=<function mutual_info_classif at 0x766691e17420>),7,,"{'balance': None, 'classify__C': 0.1, 'classify__max_iter': 500, 'classify__n_jobs': 2, 'classify__penalty': 'l2', 'classify__random_state': 42, 'classify__solver': 'lbfgs', 'classify__tol': 1e-08, 'impute': None, 'select': SelectKBest(score_func=<function mutual_info_classif at 0x766691e17420>), 'select__k': 7, 'transform': None}",0.7005494505494505,0.7142857142857143,0.6651411136536994,0.6933254261629548,0.02070326607200859,98,0.7181818181818181,0.7363636363636364,0.7636363636363637,0.7393939393939394,0.018680042433239348,309,0.7142857142857143,0.7142857142857143,0.6666666666666666,0.6984126984126985,0.022447834323382487,91
0.14367111523946127,0.01845658414537479,0.0301821231842041,0.0013065629773702052,,0.1,2000,2,l2,42,lbfgs,1e-06,SimpleImputer(strategy='median'),SelectKBest(score_func=<function mutual_info_classif at 0x766691e17420>),7,,"{'balance': None, 'classify__C': 0.1, 'classify__max_iter': 2000, 'classify__n_jobs': 2, 'classify__penalty': 'l2', 'classify__random_state': 42, 'classify__solver': 'lbfgs', 'classify__tol': 1e-06, 'impute': SimpleImputer(strategy='median'), 'select': SelectKBest(score_func=<function mutual_info_classif at 0x766691e17420>), 'select__k': 7, 'transform': None}",0.7005494505494505,0.7142857142857143,0.6651411136536994,0.6933254261629548,0.02070326607200859,98,0.7181818181818181,0.7363636363636364,0.7636363636363637,0.7393939393939394,0.018680042433239348,309,0.7142857142857143,0.7142857142857143,0.6666666666666666,0.6984126984126985,0.022447834323382487,91
0.20011488596598306,0.010923000652069756,0.03353277842203776,0.01664698228756533,,0.1,200,2,l2,42,lbfgs,1e-06,SimpleImputer(strategy='median'),SelectKBest(score_func=<function mutual_info_classif at 0x766691e17420>),7,,"{'balance': None, 'classify__C': 0.1, 'classify__max_iter': 200, 'classify__n_jobs': 2, 'classify__penalty': 'l2', 'classify__random_state': 42, 'classify__solver': 'lbfgs', 'classify__tol': 1e-06, 'impute': SimpleImputer(strategy='median'), 'select': SelectKBest(score_func=<function mutual_info_classif at 0x766691e17420>), 'select__k': 7, 'transform': None}",0.7005494505494505,0.7142857142857143,0.6651411136536994,0.6933254261629548,0.02070326607200859,98,0.7181818181818181,0.7363636363636364,0.7636363636363637,0.7393939393939394,0.018680042433239348,309,0.7142857142857143,0.7142857142857143,0.6666666666666666,0.6984126984126985,0.022447834323382487,91
0.22846039136250815,0.011146127160632896,0.03321091334025065,0.00473938530600263,,0.1,2000,2,l2,42,lbfgs,1e-08,,SelectKBest(score_func=<function mutual_info_classif at 0x766691e17420>),7,,"{'balance': None, 'classify__C': 0.1, 'classify__max_iter': 2000, 'classify__n_jobs': 2, 'classify__penalty': 'l2', 'classify__random_state': 42, 'classify__solver': 'lbfgs', 'classify__tol': 1e-08, 'impute': None, 'select': SelectKBest(score_func=<function mutual_info_classif at 0x766691e17420>), 'select__k': 7, 'transform': None}",0.7005494505494505,0.7142857142857143,0.6651411136536994,0.6933254261629548,0.02070326607200859,98,0.7181818181818181,0.7363636363636364,0.7636363636363637,0.7393939393939394,0.018680042433239348,309,0.7142857142857143,0.7142857142857143,0.6666666666666666,0.6984126984126985,0.022447834323382487,91
0.1076351801554362,0.016351339311156857,0.023156007130940754,0.00958067135857235,,0.1,2000,2,l2,42,lbfgs,0.0001,SimpleImputer(strategy='median'),SelectKBest(score_func=<function mutual_info_classif at 0x766691e17420>),7,,"{'balance': None, 'classify__C': 0.1, 'classify__max_iter': 2000, 'classify__n_jobs': 2, 'classify__penalty': 'l2', 'classify__random_state': 42, 'classify__solver': 'lbfgs', 'classify__tol': 0.0001, 'impute': SimpleImputer(strategy='median'), 'select': SelectKBest(score_func=<function mutual_info_classif at 0x766691e17420>), 'select__k': 7, 'transform': None}",0.7005494505494505,0.7142857142857143,0.6651411136536994,0.6933254261629548,0.02070326607200859,98,0.7181818181818181,0.7363636363636364,0.7636363636363637,0.7393939393939394,0.018680042433239348,309,0.7142857142857143,0.7142857142857143,0.6666666666666666,0.6984126984126985,0.022447834323382487,91
0.15906977653503418,0.05649247811815569,0.023537874221801758,0.009523717355044316,,0.1,1000,2,l2,42,lbfgs,0.0001,SimpleImputer(strategy='median'),SelectKBest(score_func=<function mutual_info_classif at 0x766691e17420>),7,,"{'balance': None, 'classify__C': 0.1, 'classify__max_iter': 1000, 'classify__n_jobs': 2, 'classify__penalty': 'l2', 'classify__random_state': 42, 'classify__solver': 'lbfgs', 'classify__tol': 0.0001, 'impute': SimpleImputer(strategy='median'), 'select': SelectKBest(score_func=<function mutual_info_classif at 0x766691e17420>), 'select__k': 7, 'transform': None}",0.7005494505494505,0.7142857142857143,0.6651411136536994,0.6933254261629548,0.02070326607200859,98,0.7181818181818181,0.7363636363636364,0.7636363636363637,0.7393939393939394,0.018680042433239348,309,0.7142857142857143,0.7142857142857143,0.6666666666666666,0.6984126984126985,0.022447834323382487,91
0.15272998809814453,0.024708800740050278,0.026611169179280598,0.008624685651577339,,0.1,2000,2,l2,42,lbfgs,1e-08,SimpleImputer(strategy='median'),SelectKBest(score_func=<function mutual_info_classif at 0x766691e17420>),7,,"{'balance': None, 'classify__C': 0.1, 'classify__max_iter': 2000, 'classify__n_jobs': 2, 'classify__penalty': 'l2', 'classify__random_state': 42, 'classify__solver': 'lbfgs', 'classify__tol': 1e-08, 'impute': SimpleImputer(strategy='median'), 'select': SelectKBest(score_func=<function mutual_info_classif at 0x766691e17420>), 'select__k': 7, 'transform': None}",0.7005494505494505,0.7142857142857143,0.6651411136536994,0.6933254261629548,0.02070326607200859,98,0.7181818181818181,0.7363636363636364,0.7636363636363637,0.7393939393939394,0.018680042433239348,309,0.7142857142857143,0.7142857142857143,0.6666666666666666,0.6984126984126985,0.022447834323382487,91
0.1498723030090332,0.042719288959758524,0.01685484250386556,0.00344522502143868,,0.1,2000,2,l2,42,lbfgs,1e-06,,SelectKBest(score_func=<function mutual_info_classif at 0x766691e17420>),7,,"{'balance': None, 'classify__C': 0.1, 'classify__max_iter': 2000, 'classify__n_jobs': 2, 'classify__penalty': 'l2', 'classify__random_state': 42, 'classify__solver': 'lbfgs', 'classify__tol': 1e-06, 'impute': None, 'select': SelectKBest(score_func=<function mutual_info_classif at 0x766691e17420>), 'select__k': 7, 'transform': None}",0.7005494505494505,0.7142857142857143,0.6651411136536994,0.6933254261629548,0.02070326607200859,98,0.7181818181818181,0.7363636363636364,0.7636363636363637,0.7393939393939394,0.018680042433239348,309,0.7142857142857143,0.7142857142857143,0.6666666666666666,0.6984126984126985,0.022447834323382487,91
0.10116712252298991,0.01281711997628442,0.02004384994506836,0.00460826618169147,,0.1,2000,2,l2,42,lbfgs,0.0001,,SelectKBest(score_func=<function mutual_info_classif at 0x766691e17420>),7,,"{'balance': None, 'classify__C': 0.1, 'classify__max_iter': 2000, 'classify__n_jobs': 2, 'classify__penalty': 'l2', 'classify__random_state': 42, 'classify__solver': 'lbfgs', 'classify__tol': 0.0001, 'impute': None, 'select': SelectKBest(score_func=<function mutual_info_classif at 0x766691e17420>), 'select__k': 7, 'transform': None}",0.7005494505494505,0.7142857142857143,0.6651411136536994,0.6933254261629548,0.02070326607200859,98,0.7181818181818181,0.7363636363636364,0.7636363636363637,0.7393939393939394,0.018680042433239348,309,0.7142857142857143,0.7142857142857143,0.6666666666666666,0.6984126984126985,0.022447834323382487,91
0.18132932980855307,0.012575871856440405,0.022454023361206055,0.009848566183927746,,0.1,200,2,l2,42,lbfgs,1e-06,,SelectKBest(score_func=<function mutual_info_classif at 0x766691e17420>),7,,"{'balance': None, 'classify__C': 0.1, 'classify__max_iter': 200, 'classify__n_jobs': 2, 'classify__penalty': 'l2', 'classify__random_state': 42, 'classify__solver': 'lbfgs', 'classify__tol': 1e-06, 'impute': None, 'select': SelectKBest(score_func=<function mutual_info_classif at 0x766691e17420>), 'select__k': 7, 'transform': None}",0.7005494505494505,0.7142857142857143,0.6651411136536994,0.6933254261629548,0.02070326607200859,98,0.7181818181818181,0.7363636363636364,0.7636363636363637,0.7393939393939394,0.018680042433239348,309,0.7142857142857143,0.7142857142857143,0.6666666666666666,0.6984126984126985,0.022447834323382487,91
0.09863122304280598,0.05444475789252391,0.01961358388264974,0.014356401985364194,,0.1,200,2,l2,42,lbfgs,0.0001,SimpleImputer(strategy='median'),SelectKBest(score_func=<function mutual_info_classif at 0x766691e17420>),7,,"{'balance': None, 'classify__C': 0.1, 'classify__max_iter': 200, 'classify__n_jobs': 2, 'classify__penalty': 'l2', 'classify__random_state': 42, 'classify__solver': 'lbfgs', 'classify__tol': 0.0001, 'impute': SimpleImputer(strategy='median'), 'select': SelectKBest(score_func=<function mutual_info_classif at 0x766691e17420>), 'select__k': 7, 'transform': None}",0.7005494505494505,0.7142857142857143,0.6651411136536994,0.6933254261629548,0.02070326607200859,98,0.7181818181818181,0.7363636363636364,0.7636363636363637,0.7393939393939394,0.018680042433239348,309,0.7142857142857143,0.7142857142857143,0.6666666666666666,0.6984126984126985,0.022447834323382487,91
0.14968395233154297,0.02142954695066599,0.01741647720336914,0.007167137261392143,,0.1,200,2,l2,42,lbfgs,1e-08,SimpleImputer(strategy='median'),SelectKBest(score_func=<function mutual_info_classif at 0x766691e17420>),7,,"{'balance': None, 'classify__C': 0.1, 'classify__max_iter': 200, 'classify__n_jobs': 2, 'classify__penalty': 'l2', 'classify__random_state': 42, 'classify__solver': 'lbfgs', 'classify__tol': 1e-08, 'impute': SimpleImputer(strategy='median'), 'select': SelectKBest(score_func=<function mutual_info_classif at 0x766691e17420>), 'select__k': 7, 'transform': None}",0.7005494505494505,0.7142857142857143,0.6651411136536994,0.6933254261629548,0.02070326607200859,98,0.7181818181818181,0.7363636363636364,0.7636363636363637,0.7393939393939394,0.018680042433239348,309,0.7142857142857143,0.7142857142857143,0.6666666666666666,0.6984126984126985,0.022447834323382487,91
0.0742026964823405,0.0235540525937369,0.010414044062296549,0.0017588066059527432,,0.1,100,2,l2,42,lbfgs,1e-08,,SelectKBest(score_func=<function mutual_info_classif at 0x766691e17420>),7,,"{'balance': None, 'classify__C': 0.1, 'classify__max_iter': 100, 'classify__n_jobs': 2, 'classify__penalty': 'l2', 'classify__random_state': 42, 'classify__solver': 'lbfgs', 'classify__tol': 1e-08, 'impute': None, 'select': SelectKBest(score_func=<function mutual_info_classif at 0x766691e17420>), 'select__k': 7, 'transform': None}",0.7005494505494505,0.7142857142857143,0.6651411136536994,0.6933254261629548,0.02070326607200859,98,0.7181818181818181,0.7363636363636364,0.7636363636363637,0.7393939393939394,0.018680042433239348,309,0.7142857142857143,0.7142857142857143,0.6666666666666666,0.6984126984126985,0.022447834323382487,91
0.1516911188761393,0.04815719785284443,0.030379772186279297,0.005901908119926589,,1.0,2000,2,l2,42,lbfgs,0.0001,SimpleImputer(strategy='median'),SelectKBest(score_func=<function mutual_info_classif at 0x766691e17420>),5,,"{'balance': None, 'classify__C': 1.0, 'classify__max_iter': 2000, 'classify__n_jobs': 2, 'classify__penalty': 'l2', 'classify__random_state': 42, 'classify__solver': 'lbfgs', 'classify__tol': 0.0001, 'impute': SimpleImputer(strategy='median'), 'select': SelectKBest(score_func=<function mutual_info_classif at 0x766691e17420>), 'select__k': 5, 'transform': None}",0.6572549019607843,0.7551820728291316,0.6666666666666666,0.6930345471521941,0.04411259487224273,125,0.7181818181818183,0.7272727272727273,0.7818181818181819,0.7424242424242425,0.028101874228774852,278,0.6666666666666666,0.7619047619047619,0.6666666666666666,0.6984126984126983,0.04489566864676491,150
0.18444164594014487,0.07235725704649346,0.024771690368652344,0.018051168081756355,,1.0,100,2,l2,42,lbfgs,0.0001,SimpleImputer(strategy='median'),SelectKBest(score_func=<function mutual_info_classif at 0x766691e17420>),5,,"{'balance': None, 'classify__C': 1.0, 'classify__max_iter': 100, 'classify__n_jobs': 2, 'classify__penalty': 'l2', 'classify__random_state': 42, 'classify__solver': 'lbfgs', 'classify__tol': 0.0001, 'impute': SimpleImputer(strategy='median'), 'select': SelectKBest(score_func=<function mutual_info_classif at 0x766691e17420>), 'select__k': 5, 'transform': None}",0.6572549019607843,0.7551820728291316,0.6666666666666666,0.6930345471521941,0.04411259487224273,125,0.7181818181818183,0.7272727272727273,0.7818181818181819,0.7424242424242425,0.028101874228774852,278,0.6666666666666666,0.7619047619047619,0.6666666666666666,0.6984126984126983,0.04489566864676491,150
0.25623901685078937,0.02034733677586348,0.029106696446736652,0.004708141858156431,,1.0,2000,2,l2,42,lbfgs,1e-08,SimpleImputer(strategy='median'),SelectKBest(score_func=<function mutual_info_classif at 0x766691e17420>),5,,"{'balance': None, 'classify__C': 1.0, 'classify__max_iter': 2000, 'classify__n_jobs': 2, 'classify__penalty': 'l2', 'classify__random_state': 42, 'classify__solver': 'lbfgs', 'classify__tol': 1e-08, 'impute': SimpleImputer(strategy='median'), 'select': SelectKBest(score_func=<function mutual_info_classif at 0x766691e17420>), 'select__k': 5, 'transform': None}",0.6572549019607843,0.7551820728291316,0.6666666666666666,0.6930345471521941,0.04411259487224273,125,0.7181818181818183,0.7272727272727273,0.7818181818181819,0.7424242424242425,0.028101874228774852,278,0.6666666666666666,0.7619047619047619,0.6666666666666666,0.6984126984126983,0.04489566864676491,150
0.15006709098815918,0.04283500142473259,0.018928368886311848,0.007881201828439356,,1.0,200,2,l2,42,lbfgs,0.0001,SimpleImputer(strategy='median'),SelectKBest(score_func=<function mutual_info_classif at 0x766691e17420>),9,,"{'balance': None, 'classify__C': 1.0, 'classify__max_iter': 200, 'classify__n_jobs': 2, 'classify__penalty': 'l2', 'classify__random_state': 42, 'classify__solver': 'lbfgs', 'classify__tol': 0.0001, 'impute': SimpleImputer(strategy='median'), 'select': SelectKBest(score_func=<function mutual_info_classif at 0x766691e17420>), 'select__k': 9, 'transform': None}",0.6137566137566137,0.7507002801120448,0.7142857142857143,0.6929142027181242,0.057913430041339184,128,0.7636363636363637,0.8636363636363635,0.8090909090909091,0.8121212121212121,0.04088102291888492,1,0.6190476190476191,0.7619047619047619,0.7142857142857143,0.6984126984126985,0.059391387091649844,91
0.21353856722513834,0.04257871459248211,0.02994402249654134,0.009321877198503104,,1.0,1000,2,l2,42,lbfgs,1e-06,SimpleImputer(strategy='median'),SelectKBest(score_func=<function mutual_info_classif at 0x766691e17420>),9,,"{'balance': None, 'classify__C': 1.0, 'classify__max_iter': 1000, 'classify__n_jobs': 2, 'classify__penalty': 'l2', 'classify__random_state': 42, 'classify__solver': 'lbfgs', 'classify__tol': 1e-06, 'impute': SimpleImputer(strategy='median'), 'select': SelectKBest(score_func=<function mutual_info_classif at 0x766691e17420>), 'select__k': 9, 'transform': None}",0.6137566137566137,0.7507002801120448,0.7142857142857143,0.6929142027181242,0.057913430041339184,128,0.7636363636363637,0.8636363636363635,0.8090909090909091,0.8121212121212121,0.04088102291888492,1,0.6190476190476191,0.7619047619047619,0.7142857142857143,0.6984126984126985,0.059391387091649844,91
0.18998503684997559,0.03778494812682502,0.026646931966145832,0.007474129361123944,,1.0,1000,2,l2,42,lbfgs,1e-06,,SelectKBest(score_func=<function mutual_info_classif at 0x766691e17420>),9,,"{'balance': None, 'classify__C': 1.0, 'classify__max_iter': 1000, 'classify__n_jobs': 2, 'classify__penalty': 'l2', 'classify__random_state': 42, 'classify__solver': 'lbfgs', 'classify__tol': 1e-06, 'impute': None, 'select': SelectKBest(score_func=<function mutual_info_classif at 0x766691e17420>), 'select__k': 9, 'transform': None}",0.6137566137566137,0.7507002801120448,0.7142857142857143,0.6929142027181242,0.057913430041339184,128,0.7636363636363637,0.8636363636363635,0.8090909090909091,0.8121212121212121,0.04088102291888492,1,0.6190476190476191,0.7619047619047619,0.7142857142857143,0.6984126984126985,0.059391387091649844,91
0.2527916431427002,0.07943630661667579,0.02042730649312337,0.00797600359566908,,1.0,1000,2,l2,42,lbfgs,1e-08,,SelectKBest(score_func=<function mutual_info_classif at 0x766691e17420>),9,,"{'balance': None, 'classify__C': 1.0, 'classify__max_iter': 1000, 'classify__n_jobs': 2, 'classify__penalty': 'l2', 'classify__random_state': 42, 'classify__solver': 'lbfgs', 'classify__tol': 1e-08, 'impute': None, 'select': SelectKBest(score_func=<function mutual_info_classif at 0x766691e17420>), 'select__k': 9, 'transform': None}",0.6137566137566137,0.7507002801120448,0.7142857142857143,0.6929142027181242,0.057913430041339184,128,0.7636363636363637,0.8636363636363635,0.8090909090909091,0.8121212121212121,0.04088102291888492,1,0.6190476190476191,0.7619047619047619,0.7142857142857143,0.6984126984126985,0.059391387091649844,91
0.13248960177103677,0.043271896121382575,0.009744087855021158,0.00031489816722890047,,1.0,1000,2,l2,42,lbfgs,1e-08,SimpleImputer(strategy='median'),SelectKBest(score_func=<function mutual_info_classif at 0x766691e17420>),9,,"{'balance': None, 'classify__C': 1.0, 'classify__max_iter': 1000, 'classify__n_jobs': 2, 'classify__penalty': 'l2', 'classify__random_state': 42, 'classify__solver': 'lbfgs', 'classify__tol': 1e-08, 'impute': SimpleImputer(strategy='median'), 'select': SelectKBest(score_func=<function mutual_info_classif at 0x766691e17420>), 'select__k': 9, 'transform': None}",0.6137566137566137,0.7507002801120448,0.7142857142857143,0.6929142027181242,0.057913430041339184,128,0.7636363636363637,0.8636363636363635,0.8090909090909091,0.8121212121212121,0.04088102291888492,1,0.6190476190476191,0.7619047619047619,0.7142857142857143,0.6984126984126985,0.059391387091649844,91
0.26357197761535645,0.0941217195988423,0.03145432472229004,0.018927737943894914,,1.0,500,2,l2,42,lbfgs,1e-06,SimpleImputer(strategy='median'),SelectKBest(score_func=<function mutual_info_classif at 0x766691e17420>),9,,"{'balance': None, 'classify__C': 1.0, 'classify__max_iter': 500, 'classify__n_jobs': 2, 'classify__penalty': 'l2', 'classify__random_state': 42, 'classify__solver': 'lbfgs', 'classify__tol': 1e-06, 'impute': SimpleImputer(strategy='median'), 'select': SelectKBest(score_func=<function mutual_info_classif at 0x766691e17420>), 'select__k': 9, 'transform': None}",0.6137566137566137,0.7507002801120448,0.7142857142857143,0.6929142027181242,0.057913430041339184,128,0.7636363636363637,0.8636363636363635,0.8090909090909091,0.8121212121212121,0.04088102291888492,1,0.6190476190476191,0.7619047619047619,0.7142857142857143,0.6984126984126985,0.059391387091649844,91
0.22524348894755045,0.03587572144531309,0.02834494908650716,0.005674328063725139,,1.0,1000,2,l2,42,lbfgs,0.0001,SimpleImputer(strategy='median'),SelectKBest(score_func=<function mutual_info_classif at 0x766691e17420>),9,,"{'balance': None, 'classify__C': 1.0, 'classify__max_iter': 1000, 'classify__n_jobs': 2, 'classify__penalty': 'l2', 'classify__random_state': 42, 'classify__solver': 'lbfgs', 'classify__tol': 0.0001, 'impute': SimpleImputer(strategy='median'), 'select': SelectKBest(score_func=<function mutual_info_classif at 0x766691e17420>), 'select__k': 9, 'transform': None}",0.6137566137566137,0.7507002801120448,0.7142857142857143,0.6929142027181242,0.057913430041339184,128,0.7636363636363637,0.8636363636363635,0.8090909090909091,0.8121212121212121,0.04088102291888492,1,0.6190476190476191,0.7619047619047619,0.7142857142857143,0.6984126984126985,0.059391387091649844,91
0.34097735087076825,0.008610013969293968,0.025863250096638996,0.0012256725175680328,,1.0,2000,2,l2,42,lbfgs,1e-08,,SelectKBest(score_func=<function mutual_info_classif at 0x766691e17420>),9,,"{'balance': None, 'classify__C': 1.0, 'classify__max_iter': 2000, 'classify__n_jobs': 2, 'classify__penalty': 'l2', 'classify__random_state': 42, 'classify__solver': 'lbfgs', 'classify__tol': 1e-08, 'impute': None, 'select': SelectKBest(score_func=<function mutual_info_classif at 0x766691e17420>), 'select__k': 9, 'transform': None}",0.6137566137566137,0.7507002801120448,0.7142857142857143,0.6929142027181242,0.057913430041339184,128,0.7636363636363637,0.8636363636363635,0.8090909090909091,0.8121212121212121,0.04088102291888492,1,0.6190476190476191,0.7619047619047619,0.7142857142857143,0.6984126984126985,0.059391387091649844,91
0.21401429176330566,0.02612171946362051,0.022169192632039387,0.0012664541230555703,,1.0,1000,2,l2,42,lbfgs,0.0001,,SelectKBest(score_func=<function mutual_info_classif at 0x766691e17420>),9,,"{'balance': None, 'classify__C': 1.0, 'classify__max_iter': 1000, 'classify__n_jobs': 2, 'classify__penalty': 'l2', 'classify__random_state': 42, 'classify__solver': 'lbfgs', 'classify__tol': 0.0001, 'impute': None, 'select': SelectKBest(score_func=<function mutual_info_classif at 0x766691e17420>), 'select__k': 9, 'transform': None}",0.6137566137566137,0.7507002801120448,0.7142857142857143,0.6929142027181242,0.057913430041339184,128,0.7636363636363637,0.8636363636363635,0.8090909090909091,0.8121212121212121,0.04088102291888492,1,0.6190476190476191,0.7619047619047619,0.7142857142857143,0.6984126984126985,0.059391387091649844,91
0.24107821782430014,0.005832874541205473,0.025759379069010418,0.002474288251555351,,1.0,2000,2,l2,42,lbfgs,1e-06,SimpleImputer(strategy='median'),SelectKBest(score_func=<function mutual_info_classif at 0x766691e17420>),9,,"{'balance': None, 'classify__C': 1.0, 'classify__max_iter': 2000, 'classify__n_jobs': 2, 'classify__penalty': 'l2', 'classify__random_state': 42, 'classify__solver': 'lbfgs', 'classify__tol': 1e-06, 'impute': SimpleImputer(strategy='median'), 'select': SelectKBest(score_func=<function mutual_info_classif at 0x766691e17420>), 'select__k': 9, 'transform': None}",0.6137566137566137,0.7507002801120448,0.7142857142857143,0.6929142027181242,0.057913430041339184,128,0.7636363636363637,0.8636363636363635,0.8090909090909091,0.8121212121212121,0.04088102291888492,1,0.6190476190476191,0.7619047619047619,0.7142857142857143,0.6984126984126985,0.059391387091649844,91
0.22617133458455405,0.10631577634245858,0.029250542322794598,0.016146050272657433,,1.0,500,2,l2,42,lbfgs,1e-08,SimpleImputer(strategy='median'),SelectKBest(score_func=<function mutual_info_classif at 0x766691e17420>),9,,"{'balance': None, 'classify__C': 1.0, 'classify__max_iter': 500, 'classify__n_jobs': 2, 'classify__penalty': 'l2', 'classify__random_state': 42, 'classify__solver': 'lbfgs', 'classify__tol': 1e-08, 'impute': SimpleImputer(strategy='median'), 'select': SelectKBest(score_func=<function mutual_info_classif at 0x766691e17420>), 'select__k': 9, 'transform': None}",0.6137566137566137,0.7507002801120448,0.7142857142857143,0.6929142027181242,0.057913430041339184,128,0.7636363636363637,0.8636363636363635,0.8090909090909091,0.8121212121212121,0.04088102291888492,1,0.6190476190476191,0.7619047619047619,0.7142857142857143,0.6984126984126985,0.059391387091649844,91
0.183761199315389,0.06525508160863179,0.03726768493652344,0.020803705019770743,,1.0,200,2,l2,42,lbfgs,0.0001,,SelectKBest(score_func=<function mutual_info_classif at 0x766691e17420>),9,,"{'balance': None, 'classify__C': 1.0, 'classify__max_iter': 200, 'classify__n_jobs': 2, 'classify__penalty': 'l2', 'classify__random_state': 42, 'classify__solver': 'lbfgs', 'classify__tol': 0.0001, 'impute': None, 'select': SelectKBest(score_func=<function mutual_info_classif at 0x766691e17420>), 'select__k': 9, 'transform': None}",0.6137566137566137,0.7507002801120448,0.7142857142857143,0.6929142027181242,0.057913430041339184,128,0.7636363636363637,0.8636363636363635,0.8090909090909091,0.8121212121212121,0.04088102291888492,1,0.6190476190476191,0.7619047619047619,0.7142857142857143,0.6984126984126985,0.059391387091649844,91
0.21996545791625977,0.05504541071228633,0.012963136037190756,0.006119947047650562,,1.0,500,2,l2,42,lbfgs,1e-08,,SelectKBest(score_func=<function mutual_info_classif at 0x766691e17420>),9,,"{'balance': None, 'classify__C': 1.0, 'classify__max_iter': 500, 'classify__n_jobs': 2, 'classify__penalty': 'l2', 'classify__random_state': 42, 'classify__solver': 'lbfgs', 'classify__tol': 1e-08, 'impute': None, 'select': SelectKBest(score_func=<function mutual_info_classif at 0x766691e17420>), 'select__k': 9, 'transform': None}",0.6137566137566137,0.7507002801120448,0.7142857142857143,0.6929142027181242,0.057913430041339184,128,0.7636363636363637,0.8636363636363635,0.8090909090909091,0.8121212121212121,0.04088102291888492,1,0.6190476190476191,0.7619047619047619,0.7142857142857143,0.6984126984126985,0.059391387091649844,91
0.24318536122639975,0.10148322892329982,0.030770142873128254,0.015471003618974384,,1.0,500,2,l2,42,lbfgs,1e-06,,SelectKBest(score_func=<function mutual_info_classif at 0x766691e17420>),9,,"{'balance': None, 'classify__C': 1.0, 'classify__max_iter': 500, 'classify__n_jobs': 2, 'classify__penalty': 'l2', 'classify__random_state': 42, 'classify__solver': 'lbfgs', 'classify__tol': 1e-06, 'impute': None, 'select': SelectKBest(score_func=<function mutual_info_classif at 0x766691e17420>), 'select__k': 9, 'transform': None}",0.6137566137566137,0.7507002801120448,0.7142857142857143,0.6929142027181242,0.057913430041339184,128,0.7636363636363637,0.8636363636363635,0.8090909090909091,0.8121212121212121,0.04088102291888492,1,0.6190476190476191,0.7619047619047619,0.7142857142857143,0.6984126984126985,0.059391387091649844,91
0.06025942166646322,0.018729864122554247,0.009270191192626953,0.00012983652102923046,,1.0,500,2,l2,42,lbfgs,0.0001,SimpleImputer(strategy='median'),SelectKBest(score_func=<function mutual_info_classif at 0x766691e17420>),9,,"{'balance': None, 'classify__C': 1.0, 'classify__max_iter': 500, 'classify__n_jobs': 2, 'classify__penalty': 'l2', 'classify__random_state': 42, 'classify__solver': 'lbfgs', 'classify__tol': 0.0001, 'impute': SimpleImputer(strategy='median'), 'select': SelectKBest(score_func=<function mutual_info_classif at 0x766691e17420>), 'select__k': 9, 'transform': None}",0.6137566137566137,0.7507002801120448,0.7142857142857143,0.6929142027181242,0.057913430041339184,128,0.7636363636363637,0.8636363636363635,0.8090909090909091,0.8121212121212121,0.04088102291888492,1,0.6190476190476191,0.7619047619047619,0.7142857142857143,0.6984126984126985,0.059391387091649844,91
0.11912973721822102,0.047023180666628965,0.018015464146931965,0.013297510524231419,,1.0,500,2,l2,42,lbfgs,0.0001,,SelectKBest(score_func=<function mutual_info_classif at 0x766691e17420>),9,,"{'balance': None, 'classify__C': 1.0, 'classify__max_iter': 500, 'classify__n_jobs': 2, 'classify__penalty': 'l2', 'classify__random_state': 42, 'classify__solver': 'lbfgs', 'classify__tol': 0.0001, 'impute': None, 'select': SelectKBest(score_func=<function mutual_info_classif at 0x766691e17420>), 'select__k': 9, 'transform': None}",0.6137566137566137,0.7507002801120448,0.7142857142857143,0.6929142027181242,0.057913430041339184,128,0.7636363636363637,0.8636363636363635,0.8090909090909091,0.8121212121212121,0.04088102291888492,1,0.6190476190476191,0.7619047619047619,0.7142857142857143,0.6984126984126985,0.059391387091649844,91
0.23556931813557944,0.03303739074493156,0.026494264602661133,0.005725617376981141,,1.0,2000,2,l2,42,lbfgs,1e-06,,SelectKBest(score_func=<function mutual_info_classif at 0x766691e17420>),9,,"{'balance': None, 'classify__C': 1.0, 'classify__max_iter': 2000, 'classify__n_jobs': 2, 'classify__penalty': 'l2', 'classify__random_state': 42, 'classify__solver': 'lbfgs', 'classify__tol': 1e-06, 'impute': None, 'select': SelectKBest(score_func=<function mutual_info_classif at 0x766691e17420>), 'select__k': 9, 'transform': None}",0.6137566137566137,0.7507002801120448,0.7142857142857143,0.6929142027181242,0.057913430041339184,128,0.7636363636363637,0.8636363636363635,0.8090909090909091,0.8121212121212121,0.04088102291888492,1,0.6190476190476191,0.7619047619047619,0.7142857142857143,0.6984126984126985,0.059391387091649844,91
0.3356633186340332,0.01649078771167215,0.028019030888875324,0.0028886805429551555,,1.0,100,2,l2,42,lbfgs,1e-08,SimpleImputer(strategy='median'),SelectKBest(score_func=<function mutual_info_classif at 0x766691e17420>),9,,"{'balance': None, 'classify__C': 1.0, 'classify__max_iter': 100, 'classify__n_jobs': 2, 'classify__penalty': 'l2', 'classify__random_state': 42, 'classify__solver': 'lbfgs', 'classify__tol': 1e-08, 'impute': SimpleImputer(strategy='median'), 'select': SelectKBest(score_func=<function mutual_info_classif at 0x766691e17420>), 'select__k': 9, 'transform': None}",0.6137566137566137,0.7507002801120448,0.7142857142857143,0.6929142027181242,0.057913430041339184,128,0.7636363636363637,0.8636363636363635,0.8090909090909091,0.8121212121212121,0.04088102291888492,1,0.6190476190476191,0.7619047619047619,0.7142857142857143,0.6984126984126985,0.059391387091649844,91
0.2512656052907308,0.04129330113705954,0.020976861317952473,0.005216810461909232,,1.0,100,2,l2,42,lbfgs,1e-08,,SelectKBest(score_func=<function mutual_info_classif at 0x766691e17420>),9,,"{'balance': None, 'classify__C': 1.0, 'classify__max_iter': 100, 'classify__n_jobs': 2, 'classify__penalty': 'l2', 'classify__random_state': 42, 'classify__solver': 'lbfgs', 'classify__tol': 1e-08, 'impute': None, 'select': SelectKBest(score_func=<function mutual_info_classif at 0x766691e17420>), 'select__k': 9, 'transform': None}",0.6137566137566137,0.7507002801120448,0.7142857142857143,0.6929142027181242,0.057913430041339184,128,0.7636363636363637,0.8636363636363635,0.8090909090909091,0.8121212121212121,0.04088102291888492,1,0.6190476190476191,0.7619047619047619,0.7142857142857143,0.6984126984126985,0.059391387091649844,91
0.24278410275777182,0.03108555195765593,0.030430078506469727,0.014002687887473844,,1.0,2000,2,l2,42,lbfgs,0.0001,,SelectKBest(score_func=<function mutual_info_classif at 0x766691e17420>),9,,"{'balance': None, 'classify__C': 1.0, 'classify__max_iter': 2000, 'classify__n_jobs': 2, 'classify__penalty': 'l2', 'classify__random_state': 42, 'classify__solver': 'lbfgs', 'classify__tol': 0.0001, 'impute': None, 'select': SelectKBest(score_func=<function mutual_info_classif at 0x766691e17420>), 'select__k': 9, 'transform': None}",0.6137566137566137,0.7507002801120448,0.7142857142857143,0.6929142027181242,0.057913430041339184,128,0.7636363636363637,0.8636363636363635,0.8090909090909091,0.8121212121212121,0.04088102291888492,1,0.6190476190476191,0.7619047619047619,0.7142857142857143,0.6984126984126985,0.059391387091649844,91
0.22824509938557944,0.029076053101170146,0.028736432393391926,0.004118033494094822,,1.0,2000,2,l2,42,lbfgs,0.0001,SimpleImputer(strategy='median'),SelectKBest(score_func=<function mutual_info_classif at 0x766691e17420>),9,,"{'balance': None, 'classify__C': 1.0, 'classify__max_iter': 2000, 'classify__n_jobs': 2, 'classify__penalty': 'l2', 'classify__random_state': 42, 'classify__solver': 'lbfgs', 'classify__tol': 0.0001, 'impute': SimpleImputer(strategy='median'), 'select': SelectKBest(score_func=<function mutual_info_classif at 0x766691e17420>), 'select__k': 9, 'transform': None}",0.6137566137566137,0.7507002801120448,0.7142857142857143,0.6929142027181242,0.057913430041339184,128,0.7636363636363637,0.8636363636363635,0.8090909090909091,0.8121212121212121,0.04088102291888492,1,0.6190476190476191,0.7619047619047619,0.7142857142857143,0.6984126984126985,0.059391387091649844,91
0.30383729934692383,0.044598323126209885,0.03614958127339681,0.012160377897185083,,1.0,200,2,l2,42,lbfgs,1e-06,SimpleImputer(strategy='median'),SelectKBest(score_func=<function mutual_info_classif at 0x766691e17420>),9,,"{'balance': None, 'classify__C': 1.0, 'classify__max_iter': 200, 'classify__n_jobs': 2, 'classify__penalty': 'l2', 'classify__random_state': 42, 'classify__solver': 'lbfgs', 'classify__tol': 1e-06, 'impute': SimpleImputer(strategy='median'), 'select': SelectKBest(score_func=<function mutual_info_classif at 0x766691e17420>), 'select__k': 9, 'transform': None}",0.6137566137566137,0.7507002801120448,0.7142857142857143,0.6929142027181242,0.057913430041339184,128,0.7636363636363637,0.8636363636363635,0.8090909090909091,0.8121212121212121,0.04088102291888492,1,0.6190476190476191,0.7619047619047619,0.7142857142857143,0.6984126984126985,0.059391387091649844,91
0.28336509068806964,0.06114274380289375,0.025543689727783203,0.0033448552504496526,,1.0,2000,2,l2,42,lbfgs,1e-08,SimpleImputer(strategy='median'),SelectKBest(score_func=<function mutual_info_classif at 0x766691e17420>),9,,"{'balance': None, 'classify__C': 1.0, 'classify__max_iter': 2000, 'classify__n_jobs': 2, 'classify__penalty': 'l2', 'classify__random_state': 42, 'classify__solver': 'lbfgs', 'classify__tol': 1e-08, 'impute': SimpleImputer(strategy='median'), 'select': SelectKBest(score_func=<function mutual_info_classif at 0x766691e17420>), 'select__k': 9, 'transform': None}",0.6137566137566137,0.7507002801120448,0.7142857142857143,0.6929142027181242,0.057913430041339184,128,0.7636363636363637,0.8636363636363635,0.8090909090909091,0.8121212121212121,0.04088102291888492,1,0.6190476190476191,0.7619047619047619,0.7142857142857143,0.6984126984126985,0.059391387091649844,91
0.2438355286916097,0.06942391809734194,0.020388046900431316,0.007483839702506273,,1.0,200,2,l2,42,lbfgs,1e-08,SimpleImputer(strategy='median'),SelectKBest(score_func=<function mutual_info_classif at 0x766691e17420>),9,,"{'balance': None, 'classify__C': 1.0, 'classify__max_iter': 200, 'classify__n_jobs': 2, 'classify__penalty': 'l2', 'classify__random_state': 42, 'classify__solver': 'lbfgs', 'classify__tol': 1e-08, 'impute': SimpleImputer(strategy='median'), 'select': SelectKBest(score_func=<function mutual_info_classif at 0x766691e17420>), 'select__k': 9, 'transform': None}",0.6137566137566137,0.7507002801120448,0.7142857142857143,0.6929142027181242,0.057913430041339184,128,0.7636363636363637,0.8636363636363635,0.8090909090909091,0.8121212121212121,0.04088102291888492,1,0.6190476190476191,0.7619047619047619,0.7142857142857143,0.6984126984126985,0.059391387091649844,91
0.20797928174336752,0.07946914692050089,0.02644952138264974,0.014789098450703574,,1.0,200,2,l2,42,lbfgs,1e-06,,SelectKBest(score_func=<function mutual_info_classif at 0x766691e17420>),9,,"{'balance': None, 'classify__C': 1.0, 'classify__max_iter': 200, 'classify__n_jobs': 2, 'classify__penalty': 'l2', 'classify__random_state': 42, 'classify__solver': 'lbfgs', 'classify__tol': 1e-06, 'impute': None, 'select': SelectKBest(score_func=<function mutual_info_classif at 0x766691e17420>), 'select__k': 9, 'transform': None}",0.6137566137566137,0.7507002801120448,0.7142857142857143,0.6929142027181242,0.057913430041339184,128,0.7636363636363637,0.8636363636363635,0.8090909090909091,0.8121212121212121,0.04088102291888492,1,0.6190476190476191,0.7619047619047619,0.7142857142857143,0.6984126984126985,0.059391387091649844,91
0.12825504938761392,0.04006126655162827,0.01552732785542806,0.005979047050930718,,1.0,100,2,l2,42,lbfgs,0.0001,SimpleImputer(strategy='median'),SelectKBest(score_func=<function mutual_info_classif at 0x766691e17420>),9,,"{'balance': None, 'classify__C': 1.0, 'classify__max_iter': 100, 'classify__n_jobs': 2, 'classify__penalty': 'l2', 'classify__random_state': 42, 'classify__solver': 'lbfgs', 'classify__tol': 0.0001, 'impute': SimpleImputer(strategy='median'), 'select': SelectKBest(score_func=<function mutual_info_classif at 0x766691e17420>), 'select__k': 9, 'transform': None}",0.6137566137566137,0.7507002801120448,0.7142857142857143,0.6929142027181242,0.057913430041339184,128,0.7636363636363637,0.8636363636363635,0.8090909090909091,0.8121212121212121,0.04088102291888492,1,0.6190476190476191,0.7619047619047619,0.7142857142857143,0.6984126984126985,0.059391387091649844,91
0.13331238428751627,0.018460588419111967,0.016868432362874348,0.0029942469365764647,,1.0,100,2,l2,42,lbfgs,0.0001,,SelectKBest(score_func=<function mutual_info_classif at 0x766691e17420>),9,,"{'balance': None, 'classify__C': 1.0, 'classify__max_iter': 100, 'classify__n_jobs': 2, 'classify__penalty': 'l2', 'classify__random_state': 42, 'classify__solver': 'lbfgs', 'classify__tol': 0.0001, 'impute': None, 'select': SelectKBest(score_func=<function mutual_info_classif at 0x766691e17420>), 'select__k': 9, 'transform': None}",0.6137566137566137,0.7507002801120448,0.7142857142857143,0.6929142027181242,0.057913430041339184,128,0.7636363636363637,0.8636363636363635,0.8090909090909091,0.8121212121212121,0.04088102291888492,1,0.6190476190476191,0.7619047619047619,0.7142857142857143,0.6984126984126985,0.059391387091649844,91
0.26486412684122723,0.05695809427160171,0.0187375545501709,0.006093171740450824,,1.0,100,2,l2,42,lbfgs,1e-06,SimpleImputer(strategy='median'),SelectKBest(score_func=<function mutual_info_classif at 0x766691e17420>),9,,"{'balance': None, 'classify__C': 1.0, 'classify__max_iter': 100, 'classify__n_jobs': 2, 'classify__penalty': 'l2', 'classify__random_state': 42, 'classify__solver': 'lbfgs', 'classify__tol': 1e-06, 'impute': SimpleImputer(strategy='median'), 'select': SelectKBest(score_func=<function mutual_info_classif at 0x766691e17420>), 'select__k': 9, 'transform': None}",0.6137566137566137,0.7507002801120448,0.7142857142857143,0.6929142027181242,0.057913430041339184,128,0.7636363636363637,0.8636363636363635,0.8090909090909091,0.8121212121212121,0.04088102291888492,1,0.6190476190476191,0.7619047619047619,0.7142857142857143,0.6984126984126985,0.059391387091649844,91
0.2521970272064209,0.01596579863493384,0.03265539805094401,0.011630298474538177,,1.0,100,2,l2,42,lbfgs,1e-06,,SelectKBest(score_func=<function mutual_info_classif at 0x766691e17420>),9,,"{'balance': None, 'classify__C': 1.0, 'classify__max_iter': 100, 'classify__n_jobs': 2, 'classify__penalty': 'l2', 'classify__random_state': 42, 'classify__solver': 'lbfgs', 'classify__tol': 1e-06, 'impute': None, 'select': SelectKBest(score_func=<function mutual_info_classif at 0x766691e17420>), 'select__k': 9, 'transform': None}",0.6137566137566137,0.7507002801120448,0.7142857142857143,0.6929142027181242,0.057913430041339184,128,0.7636363636363637,0.8636363636363635,0.8090909090909091,0.8121212121212121,0.04088102291888492,1,0.6190476190476191,0.7619047619047619,0.7142857142857143,0.6984126984126985,0.059391387091649844,91
0.15291229883829752,0.02023688580619693,0.009045759836832682,0.0004321227108817865,,1.0,200,2,l2,42,lbfgs,1e-08,,SelectKBest(score_func=<function mutual_info_classif at 0x766691e17420>),9,,"{'balance': None, 'classify__C': 1.0, 'classify__max_iter': 200, 'classify__n_jobs': 2, 'classify__penalty': 'l2', 'classify__random_state': 42, 'classify__solver': 'lbfgs', 'classify__tol': 1e-08, 'impute': None, 'select': SelectKBest(score_func=<function mutual_info_classif at 0x766691e17420>), 'select__k': 9, 'transform': None}",0.6137566137566137,0.7507002801120448,0.7142857142857143,0.6929142027181242,0.057913430041339184,128,0.7636363636363637,0.8636363636363635,0.8090909090909091,0.8121212121212121,0.04088102291888492,1,0.6190476190476191,0.7619047619047619,0.7142857142857143,0.6984126984126985,0.059391387091649844,91
0.10815103848775227,0.010834686585261296,0.025492032368977863,0.00885999273506373,,0.1,2000,2,l2,42,lbfgs,0.0001,SimpleImputer(strategy='median'),SelectKBest(score_func=<function mutual_info_classif at 0x766691e17420>),5,,"{'balance': None, 'classify__C': 0.1, 'classify__max_iter': 2000, 'classify__n_jobs': 2, 'classify__penalty': 'l2', 'classify__random_state': 42, 'classify__solver': 'lbfgs', 'classify__tol': 0.0001, 'impute': SimpleImputer(strategy='median'), 'select': SelectKBest(score_func=<function mutual_info_classif at 0x766691e17420>), 'select__k': 5, 'transform': None}",0.6572549019607843,0.7551820728291316,0.6651411136536994,0.6925260294812051,0.044421338038749675,158,0.7545454545454546,0.7454545454545455,0.7454545454545455,0.7484848484848485,0.004285495643554862,249,0.6666666666666666,0.7619047619047619,0.6666666666666666,0.6984126984126983,0.04489566864676491,150
0.14312434196472168,0.029051129592098348,0.01472775141398112,0.006413239286588265,,0.1,2000,2,l2,42,lbfgs,1e-08,,SelectKBest(score_func=<function mutual_info_classif at 0x766691e17420>),5,,"{'balance': None, 'classify__C': 0.1, 'classify__max_iter': 2000, 'classify__n_jobs': 2, 'classify__penalty': 'l2', 'classify__random_state': 42, 'classify__solver': 'lbfgs', 'classify__tol': 1e-08, 'impute': None, 'select': SelectKBest(score_func=<function mutual_info_classif at 0x766691e17420>), 'select__k': 5, 'transform': None}",0.6572549019607843,0.7551820728291316,0.6651411136536994,0.6925260294812051,0.044421338038749675,158,0.7545454545454546,0.7454545454545455,0.7454545454545455,0.7484848484848485,0.004285495643554862,249,0.6666666666666666,0.7619047619047619,0.6666666666666666,0.6984126984126983,0.04489566864676491,150
0.10424510637919109,0.010226188256281367,0.01960921287536621,7.18451354865069e-05,,0.1,2000,2,l2,42,lbfgs,0.0001,,SelectKBest(score_func=<function mutual_info_classif at 0x766691e17420>),5,,"{'balance': None, 'classify__C': 0.1, 'classify__max_iter': 2000, 'classify__n_jobs': 2, 'classify__penalty': 'l2', 'classify__random_state': 42, 'classify__solver': 'lbfgs', 'classify__tol': 0.0001, 'impute': None, 'select': SelectKBest(score_func=<function mutual_info_classif at 0x766691e17420>), 'select__k': 5, 'transform': None}",0.6572549019607843,0.7551820728291316,0.6651411136536994,0.6925260294812051,0.044421338038749675,158,0.7545454545454546,0.7454545454545455,0.7454545454545455,0.7484848484848485,0.004285495643554862,249,0.6666666666666666,0.7619047619047619,0.6666666666666666,0.6984126984126983,0.04489566864676491,150
0.13109254837036133,0.02481809354059649,0.02344663937886556,0.0016532061905930352,,0.1,200,2,l2,42,lbfgs,1e-08,SimpleImputer(strategy='median'),SelectKBest(score_func=<function mutual_info_classif at 0x766691e17420>),5,,"{'balance': None, 'classify__C': 0.1, 'classify__max_iter': 200, 'classify__n_jobs': 2, 'classify__penalty': 'l2', 'classify__random_state': 42, 'classify__solver': 'lbfgs', 'classify__tol': 1e-08, 'impute': SimpleImputer(strategy='median'), 'select': SelectKBest(score_func=<function mutual_info_classif at 0x766691e17420>), 'select__k': 5, 'transform': None}",0.6572549019607843,0.7551820728291316,0.6651411136536994,0.6925260294812051,0.044421338038749675,158,0.7545454545454546,0.7454545454545455,0.7454545454545455,0.7484848484848485,0.004285495643554862,249,0.6666666666666666,0.7619047619047619,0.6666666666666666,0.6984126984126983,0.04489566864676491,150
0.10358421007792155,0.021540192536248542,0.021761020024617512,0.01103740922959111,,0.1,200,2,l2,42,lbfgs,1e-08,,SelectKBest(score_func=<function mutual_info_classif at 0x766691e17420>),5,,"{'balance': None, 'classify__C': 0.1, 'classify__max_iter': 200, 'classify__n_jobs': 2, 'classify__penalty': 'l2', 'classify__random_state': 42, 'classify__solver': 'lbfgs', 'classify__tol': 1e-08, 'impute': None, 'select': SelectKBest(score_func=<function mutual_info_classif at 0x766691e17420>), 'select__k': 5, 'transform': None}",0.6572549019607843,0.7551820728291316,0.6651411136536994,0.6925260294812051,0.044421338038749675,158,0.7545454545454546,0.7454545454545455,0.7454545454545455,0.7484848484848485,0.004285495643554862,249,0.6666666666666666,0.7619047619047619,0.6666666666666666,0.6984126984126983,0.04489566864676491,150
0.07812126477559407,0.035839628017788124,0.020513296127319336,0.00661655594961038,,0.1,100,2,l2,42,lbfgs,0.0001,SimpleImputer(strategy='median'),SelectKBest(score_func=<function mutual_info_classif at 0x766691e17420>),5,,"{'balance': None, 'classify__C': 0.1, 'classify__max_iter': 100, 'classify__n_jobs': 2, 'classify__penalty': 'l2', 'classify__random_state': 42, 'classify__solver': 'lbfgs', 'classify__tol': 0.0001, 'impute': SimpleImputer(strategy='median'), 'select': SelectKBest(score_func=<function mutual_info_classif at 0x766691e17420>), 'select__k': 5, 'transform': None}",0.6572549019607843,0.7551820728291316,0.6651411136536994,0.6925260294812051,0.044421338038749675,158,0.7545454545454546,0.7454545454545455,0.7454545454545455,0.7484848484848485,0.004285495643554862,249,0.6666666666666666,0.7619047619047619,0.6666666666666666,0.6984126984126983,0.04489566864676491,150
0.07999030749003093,0.045229236747510775,0.018701871236165363,0.013018005993298736,,0.1,100,2,l2,42,lbfgs,0.0001,,SelectKBest(score_func=<function mutual_info_classif at 0x766691e17420>),5,,"{'balance': None, 'classify__C': 0.1, 'classify__max_iter': 100, 'classify__n_jobs': 2, 'classify__penalty': 'l2', 'classify__random_state': 42, 'classify__solver': 'lbfgs', 'classify__tol': 0.0001, 'impute': None, 'select': SelectKBest(score_func=<function mutual_info_classif at 0x766691e17420>), 'select__k': 5, 'transform': None}",0.6572549019607843,0.7551820728291316,0.6651411136536994,0.6925260294812051,0.044421338038749675,158,0.7545454545454546,0.7454545454545455,0.7454545454545455,0.7484848484848485,0.004285495643554862,249,0.6666666666666666,0.7619047619047619,0.6666666666666666,0.6984126984126983,0.04489566864676491,150
0.08136200904846191,0.03562394951265869,0.012958208719889322,0.004977808368199111,,0.1,100,2,l2,42,lbfgs,1e-08,SimpleImputer(strategy='median'),SelectKBest(score_func=<function mutual_info_classif at 0x766691e17420>),5,,"{'balance': None, 'classify__C': 0.1, 'classify__max_iter': 100, 'classify__n_jobs': 2, 'classify__penalty': 'l2', 'classify__random_state': 42, 'classify__solver': 'lbfgs', 'classify__tol': 1e-08, 'impute': SimpleImputer(strategy='median'), 'select': SelectKBest(score_func=<function mutual_info_classif at 0x766691e17420>), 'select__k': 5, 'transform': None}",0.6572549019607843,0.7551820728291316,0.6651411136536994,0.6925260294812051,0.044421338038749675,158,0.7545454545454546,0.7454545454545455,0.7454545454545455,0.7484848484848485,0.004285495643554862,249,0.6666666666666666,0.7619047619047619,0.6666666666666666,0.6984126984126983,0.04489566864676491,150
0.0860735575358073,0.011497963669948567,0.010945638020833334,0.0017887931299633993,,0.1,100,2,l2,42,lbfgs,1e-08,,SelectKBest(score_func=<function mutual_info_classif at 0x766691e17420>),5,,"{'balance': None, 'classify__C': 0.1, 'classify__max_iter': 100, 'classify__n_jobs': 2, 'classify__penalty': 'l2', 'classify__random_state': 42, 'classify__solver': 'lbfgs', 'classify__tol': 1e-08, 'impute': None, 'select': SelectKBest(score_func=<function mutual_info_classif at 0x766691e17420>), 'select__k': 5, 'transform': None}",0.6572549019607843,0.7551820728291316,0.6651411136536994,0.6925260294812051,0.044421338038749675,158,0.7545454545454546,0.7454545454545455,0.7454545454545455,0.7484848484848485,0.004285495643554862,249,0.6666666666666666,0.7619047619047619,0.6666666666666666,0.6984126984126983,0.04489566864676491,150
0.05706628163655599,0.0014909388538528214,0.009260177612304688,0.0004968325515691091,,0.1,500,2,l2,42,lbfgs,0.0001,,SelectKBest(score_func=<function mutual_info_classif at 0x766691e17420>),5,,"{'balance': None, 'classify__C': 0.1, 'classify__max_iter': 500, 'classify__n_jobs': 2, 'classify__penalty': 'l2', 'classify__random_state': 42, 'classify__solver': 'lbfgs', 'classify__tol': 0.0001, 'impute': None, 'select': SelectKBest(score_func=<function mutual_info_classif at 0x766691e17420>), 'select__k': 5, 'transform': None}",0.6572549019607843,0.7551820728291316,0.6651411136536994,0.6925260294812051,0.044421338038749675,158,0.7545454545454546,0.7454545454545455,0.7454545454545455,0.7484848484848485,0.004285495643554862,249,0.6666666666666666,0.7619047619047619,0.6666666666666666,0.6984126984126983,0.04489566864676491,150
0.12831528981526694,0.03831392279813022,0.031882683436075844,0.004512170876340919,,0.1,500,2,l2,42,lbfgs,0.0001,SimpleImputer(strategy='median'),SelectKBest(score_func=<function mutual_info_classif at 0x766691e17420>),5,,"{'balance': None, 'classify__C': 0.1, 'classify__max_iter': 500, 'classify__n_jobs': 2, 'classify__penalty': 'l2', 'classify__random_state': 42, 'classify__solver': 'lbfgs', 'classify__tol': 0.0001, 'impute': SimpleImputer(strategy='median'), 'select': SelectKBest(score_func=<function mutual_info_classif at 0x766691e17420>), 'select__k': 5, 'transform': None}",0.6572549019607843,0.7551820728291316,0.6651411136536994,0.6925260294812051,0.044421338038749675,158,0.7545454545454546,0.7454545454545455,0.7454545454545455,0.7484848484848485,0.004285495643554862,249,0.6666666666666666,0.7619047619047619,0.6666666666666666,0.6984126984126983,0.04489566864676491,150
0.12534093856811523,0.0725420241081861,0.021734158198038738,0.01774640850312577,,0.1,500,2,l2,42,lbfgs,1e-06,SimpleImputer(strategy='median'),SelectKBest(score_func=<function mutual_info_classif at 0x766691e17420>),5,,"{'balance': None, 'classify__C': 0.1, 'classify__max_iter': 500, 'classify__n_jobs': 2, 'classify__penalty': 'l2', 'classify__random_state': 42, 'classify__solver': 'lbfgs', 'classify__tol': 1e-06, 'impute': SimpleImputer(strategy='median'), 'select': SelectKBest(score_func=<function mutual_info_classif at 0x766691e17420>), 'select__k': 5, 'transform': None}",0.6572549019607843,0.7551820728291316,0.6651411136536994,0.6925260294812051,0.044421338038749675,158,0.7545454545454546,0.7454545454545455,0.7454545454545455,0.7484848484848485,0.004285495643554862,249,0.6666666666666666,0.7619047619047619,0.6666666666666666,0.6984126984126983,0.04489566864676491,150
0.143933375676473,0.04123844808317819,0.025100151697794598,0.0030392728066103887,,0.1,500,2,l2,42,lbfgs,1e-06,,SelectKBest(score_func=<function mutual_info_classif at 0x766691e17420>),5,,"{'balance': None, 'classify__C': 0.1, 'classify__max_iter': 500, 'classify__n_jobs': 2, 'classify__penalty': 'l2', 'classify__random_state': 42, 'classify__solver': 'lbfgs', 'classify__tol': 1e-06, 'impute': None, 'select': SelectKBest(score_func=<function mutual_info_classif at 0x766691e17420>), 'select__k': 5, 'transform': None}",0.6572549019607843,0.7551820728291316,0.6651411136536994,0.6925260294812051,0.044421338038749675,158,0.7545454545454546,0.7454545454545455,0.7454545454545455,0.7484848484848485,0.004285495643554862,249,0.6666666666666666,0.7619047619047619,0.6666666666666666,0.6984126984126983,0.04489566864676491,150
0.14130242665608725,0.05246259346032415,0.01808452606201172,0.006473794621379268,,0.1,500,2,l2,42,lbfgs,1e-08,SimpleImputer(strategy='median'),SelectKBest(score_func=<function mutual_info_classif at 0x766691e17420>),5,,"{'balance': None, 'classify__C': 0.1, 'classify__max_iter': 500, 'classify__n_jobs': 2, 'classify__penalty': 'l2', 'classify__random_state': 42, 'classify__solver': 'lbfgs', 'classify__tol': 1e-08, 'impute': SimpleImputer(strategy='median'), 'select': SelectKBest(score_func=<function mutual_info_classif at 0x766691e17420>), 'select__k': 5, 'transform': None}",0.6572549019607843,0.7551820728291316,0.6651411136536994,0.6925260294812051,0.044421338038749675,158,0.7545454545454546,0.7454545454545455,0.7454545454545455,0.7484848484848485,0.004285495643554862,249,0.6666666666666666,0.7619047619047619,0.6666666666666666,0.6984126984126983,0.04489566864676491,150
0.17806561787923178,0.026314253923380916,0.026057879130045574,0.00927821561962535,,0.1,200,2,l2,42,lbfgs,1e-06,,SelectKBest(score_func=<function mutual_info_classif at 0x766691e17420>),5,,"{'balance': None, 'classify__C': 0.1, 'classify__max_iter': 200, 'classify__n_jobs': 2, 'classify__penalty': 'l2', 'classify__random_state': 42, 'classify__solver': 'lbfgs', 'classify__tol': 1e-06, 'impute': None, 'select': SelectKBest(score_func=<function mutual_info_classif at 0x766691e17420>), 'select__k': 5, 'transform': None}",0.6572549019607843,0.7551820728291316,0.6651411136536994,0.6925260294812051,0.044421338038749675,158,0.7545454545454546,0.7454545454545455,0.7454545454545455,0.7484848484848485,0.004285495643554862,249,0.6666666666666666,0.7619047619047619,0.6666666666666666,0.6984126984126983,0.04489566864676491,150
0.2000275452931722,0.016279106675764893,0.038701772689819336,0.002550289360196225,,0.1,200,2,l2,42,lbfgs,1e-06,SimpleImputer(strategy='median'),SelectKBest(score_func=<function mutual_info_classif at 0x766691e17420>),5,,"{'balance': None, 'classify__C': 0.1, 'classify__max_iter': 200, 'classify__n_jobs': 2, 'classify__penalty': 'l2', 'classify__random_state': 42, 'classify__solver': 'lbfgs', 'classify__tol': 1e-06, 'impute': SimpleImputer(strategy='median'), 'select': SelectKBest(score_func=<function mutual_info_classif at 0x766691e17420>), 'select__k': 5, 'transform': None}",0.6572549019607843,0.7551820728291316,0.6651411136536994,0.6925260294812051,0.044421338038749675,158,0.7545454545454546,0.7454545454545455,0.7454545454545455,0.7484848484848485,0.004285495643554862,249,0.6666666666666666,0.7619047619047619,0.6666666666666666,0.6984126984126983,0.04489566864676491,150
0.1379403273264567,0.044367259034890354,0.03121193250020345,0.015954575286624424,,0.1,200,2,l2,42,lbfgs,0.0001,,SelectKBest(score_func=<function mutual_info_classif at 0x766691e17420>),5,,"{'balance': None, 'classify__C': 0.1, 'classify__max_iter': 200, 'classify__n_jobs': 2, 'classify__penalty': 'l2', 'classify__random_state': 42, 'classify__solver': 'lbfgs', 'classify__tol': 0.0001, 'impute': None, 'select': SelectKBest(score_func=<function mutual_info_classif at 0x766691e17420>), 'select__k': 5, 'transform': None}",0.6572549019607843,0.7551820728291316,0.6651411136536994,0.6925260294812051,0.044421338038749675,158,0.7545454545454546,0.7454545454545455,0.7454545454545455,0.7484848484848485,0.004285495643554862,249,0.6666666666666666,0.7619047619047619,0.6666666666666666,0.6984126984126983,0.04489566864676491,150
0.0960233211517334,0.03802080081262618,0.018871545791625977,0.012591655050390605,,0.1,200,2,l2,42,lbfgs,0.0001,SimpleImputer(strategy='median'),SelectKBest(score_func=<function mutual_info_classif at 0x766691e17420>),5,,"{'balance': None, 'classify__C': 0.1, 'classify__max_iter': 200, 'classify__n_jobs': 2, 'classify__penalty': 'l2', 'classify__random_state': 42, 'classify__solver': 'lbfgs', 'classify__tol': 0.0001, 'impute': SimpleImputer(strategy='median'), 'select': SelectKBest(score_func=<function mutual_info_classif at 0x766691e17420>), 'select__k': 5, 'transform': None}",0.6572549019607843,0.7551820728291316,0.6651411136536994,0.6925260294812051,0.044421338038749675,158,0.7545454545454546,0.7454545454545455,0.7454545454545455,0.7484848484848485,0.004285495643554862,249,0.6666666666666666,0.7619047619047619,0.6666666666666666,0.6984126984126983,0.04489566864676491,150
0.08667230606079102,0.009826843158467782,0.008507808049519857,0.00018105169844072203,,0.1,500,2,l2,42,lbfgs,1e-08,,SelectKBest(score_func=<function mutual_info_classif at 0x766691e17420>),5,,"{'balance': None, 'classify__C': 0.1, 'classify__max_iter': 500, 'classify__n_jobs': 2, 'classify__penalty': 'l2', 'classify__random_state': 42, 'classify__solver': 'lbfgs', 'classify__tol': 1e-08, 'impute': None, 'select': SelectKBest(score_func=<function mutual_info_classif at 0x766691e17420>), 'select__k': 5, 'transform': None}",0.6572549019607843,0.7551820728291316,0.6651411136536994,0.6925260294812051,0.044421338038749675,158,0.7545454545454546,0.7545454545454546,0.7454545454545455,0.7515151515151516,0.004285495643554862,193,0.6666666666666666,0.7619047619047619,0.6666666666666666,0.6984126984126983,0.04489566864676491,150
0.11395732561747234,0.04315939082822643,0.018534104029337566,0.006843515624414277,,0.1,100,2,l2,42,lbfgs,1e-06,SimpleImputer(strategy='median'),SelectKBest(score_func=<function mutual_info_classif at 0x766691e17420>),5,,"{'balance': None, 'classify__C': 0.1, 'classify__max_iter': 100, 'classify__n_jobs': 2, 'classify__penalty': 'l2', 'classify__random_state': 42, 'classify__solver': 'lbfgs', 'classify__tol': 1e-06, 'impute': SimpleImputer(strategy='median'), 'select': SelectKBest(score_func=<function mutual_info_classif at 0x766691e17420>), 'select__k': 5, 'transform': None}",0.6572549019607843,0.7551820728291316,0.6651411136536994,0.6925260294812051,0.044421338038749675,158,0.7545454545454546,0.7454545454545455,0.7454545454545455,0.7484848484848485,0.004285495643554862,249,0.6666666666666666,0.7619047619047619,0.6666666666666666,0.6984126984126983,0.04489566864676491,150
0.10494407018025716,0.02491250982916408,0.019380966822306316,0.005773402168131432,,0.1,100,2,l2,42,lbfgs,1e-06,,SelectKBest(score_func=<function mutual_info_classif at 0x766691e17420>),5,,"{'balance': None, 'classify__C': 0.1, 'classify__max_iter': 100, 'classify__n_jobs': 2, 'classify__penalty': 'l2', 'classify__random_state': 42, 'classify__solver': 'lbfgs', 'classify__tol': 1e-06, 'impute': None, 'select': SelectKBest(score_func=<function mutual_info_classif at 0x766691e17420>), 'select__k': 5, 'transform': None}",0.6572549019607843,0.7551820728291316,0.6651411136536994,0.6925260294812051,0.044421338038749675,158,0.7545454545454546,0.7454545454545455,0.7454545454545455,0.7484848484848485,0.004285495643554862,249,0.6666666666666666,0.7619047619047619,0.6666666666666666,0.6984126984126983,0.04489566864676491,150
0.15416940053304037,0.022800086579957874,0.020710468292236328,0.005305510703699815,,0.1,2000,2,l2,42,lbfgs,1e-06,,SelectKBest(score_func=<function mutual_info_classif at 0x766691e17420>),5,,"{'balance': None, 'classify__C': 0.1, 'classify__max_iter': 2000, 'classify__n_jobs': 2, 'classify__penalty': 'l2', 'classify__random_state': 42, 'classify__solver': 'lbfgs', 'classify__tol': 1e-06, 'impute': None, 'select': SelectKBest(score_func=<function mutual_info_classif at 0x766691e17420>), 'select__k': 5, 'transform': None}",0.6572549019607843,0.7551820728291316,0.6651411136536994,0.6925260294812051,0.044421338038749675,158,0.7545454545454546,0.7454545454545455,0.7454545454545455,0.7484848484848485,0.004285495643554862,249,0.6666666666666666,0.7619047619047619,0.6666666666666666,0.6984126984126983,0.04489566864676491,150
0.09955541292826335,0.04566241485791446,0.021149953206380207,0.01109284811260002,,0.1,2000,2,l2,42,lbfgs,1e-06,SimpleImputer(strategy='median'),SelectKBest(score_func=<function mutual_info_classif at 0x766691e17420>),5,,"{'balance': None, 'classify__C': 0.1, 'classify__max_iter': 2000, 'classify__n_jobs': 2, 'classify__penalty': 'l2', 'classify__random_state': 42, 'classify__solver': 'lbfgs', 'classify__tol': 1e-06, 'impute': SimpleImputer(strategy='median'), 'select': SelectKBest(score_func=<function mutual_info_classif at 0x766691e17420>), 'select__k': 5, 'transform': None}",0.6572549019607843,0.7551820728291316,0.6651411136536994,0.6925260294812051,0.044421338038749675,158,0.7545454545454546,0.7454545454545455,0.7454545454545455,0.7484848484848485,0.004285495643554862,249,0.6666666666666666,0.7619047619047619,0.6666666666666666,0.6984126984126983,0.04489566864676491,150
0.20227265357971191,0.05230806328540333,0.02759130795796712,0.008037365823922569,,0.1,2000,2,l2,42,lbfgs,1e-08,SimpleImputer(strategy='median'),SelectKBest(score_func=<function mutual_info_classif at 0x766691e17420>),5,,"{'balance': None, 'classify__C': 0.1, 'classify__max_iter': 2000, 'classify__n_jobs': 2, 'classify__penalty': 'l2', 'classify__random_state': 42, 'classify__solver': 'lbfgs', 'classify__tol': 1e-08, 'impute': SimpleImputer(strategy='median'), 'select': SelectKBest(score_func=<function mutual_info_classif at 0x766691e17420>), 'select__k': 5, 'transform': None}",0.6572549019607843,0.7551820728291316,0.6651411136536994,0.6925260294812051,0.044421338038749675,158,0.7545454545454546,0.7454545454545455,0.7454545454545455,0.7484848484848485,0.004285495643554862,249,0.6666666666666666,0.7619047619047619,0.6666666666666666,0.6984126984126983,0.04489566864676491,150
0.19864439964294434,0.04745625304601654,0.03003350893656413,0.0011744125283420681,,0.1,1000,2,l2,42,lbfgs,1e-08,,SelectKBest(score_func=<function mutual_info_classif at 0x766691e17420>),5,,"{'balance': None, 'classify__C': 0.1, 'classify__max_iter': 1000, 'classify__n_jobs': 2, 'classify__penalty': 'l2', 'classify__random_state': 42, 'classify__solver': 'lbfgs', 'classify__tol': 1e-08, 'impute': None, 'select': SelectKBest(score_func=<function mutual_info_classif at 0x766691e17420>), 'select__k': 5, 'transform': None}",0.6572549019607843,0.7551820728291316,0.6651411136536994,0.6925260294812051,0.044421338038749675,158,0.7545454545454546,0.7454545454545455,0.7454545454545455,0.7484848484848485,0.004285495643554862,249,0.6666666666666666,0.7619047619047619,0.6666666666666666,0.6984126984126983,0.04489566864676491,150
0.09855222702026367,0.059883675887055385,0.017393032709757488,0.007983547974068523,,0.1,1000,2,l2,42,lbfgs,1e-06,SimpleImputer(strategy='median'),SelectKBest(score_func=<function mutual_info_classif at 0x766691e17420>),5,,"{'balance': None, 'classify__C': 0.1, 'classify__max_iter': 1000, 'classify__n_jobs': 2, 'classify__penalty': 'l2', 'classify__random_state': 42, 'classify__solver': 'lbfgs', 'classify__tol': 1e-06, 'impute': SimpleImputer(strategy='median'), 'select': SelectKBest(score_func=<function mutual_info_classif at 0x766691e17420>), 'select__k': 5, 'transform': None}",0.6572549019607843,0.7551820728291316,0.6651411136536994,0.6925260294812051,0.044421338038749675,158,0.7545454545454546,0.7454545454545455,0.7454545454545455,0.7484848484848485,0.004285495643554862,249,0.6666666666666666,0.7619047619047619,0.6666666666666666,0.6984126984126983,0.04489566864676491,150
0.06913614273071289,0.024351902506514173,0.012199481328328451,0.003246782338835982,,0.1,1000,2,l2,42,lbfgs,1e-06,,SelectKBest(score_func=<function mutual_info_classif at 0x766691e17420>),5,,"{'balance': None, 'classify__C': 0.1, 'classify__max_iter': 1000, 'classify__n_jobs': 2, 'classify__penalty': 'l2', 'classify__random_state': 42, 'classify__solver': 'lbfgs', 'classify__tol': 1e-06, 'impute': None, 'select': SelectKBest(score_func=<function mutual_info_classif at 0x766691e17420>), 'select__k': 5, 'transform': None}",0.6572549019607843,0.7551820728291316,0.6651411136536994,0.6925260294812051,0.044421338038749675,158,0.7545454545454546,0.7454545454545455,0.7454545454545455,0.7484848484848485,0.004285495643554862,249,0.6666666666666666,0.7619047619047619,0.6666666666666666,0.6984126984126983,0.04489566864676491,150
0.06413427988688152,0.01566870836251482,0.009378433227539062,0.00022851903626319554,,0.1,1000,2,l2,42,lbfgs,1e-08,SimpleImputer(strategy='median'),SelectKBest(score_func=<function mutual_info_classif at 0x766691e17420>),5,,"{'balance': None, 'classify__C': 0.1, 'classify__max_iter': 1000, 'classify__n_jobs': 2, 'classify__penalty': 'l2', 'classify__random_state': 42, 'classify__solver': 'lbfgs', 'classify__tol': 1e-08, 'impute': SimpleImputer(strategy='median'), 'select': SelectKBest(score_func=<function mutual_info_classif at 0x766691e17420>), 'select__k': 5, 'transform': None}",0.6572549019607843,0.7551820728291316,0.6651411136536994,0.6925260294812051,0.044421338038749675,158,0.7545454545454546,0.7454545454545455,0.7454545454545455,0.7484848484848485,0.004285495643554862,249,0.6666666666666666,0.7619047619047619,0.6666666666666666,0.6984126984126983,0.04489566864676491,150
0.0900133450826009,0.0022853705671819434,0.025986274083455402,0.007058206343093249,,0.1,1000,2,l2,42,lbfgs,0.0001,,SelectKBest(score_func=<function mutual_info_classif at 0x766691e17420>),5,,"{'balance': None, 'classify__C': 0.1, 'classify__max_iter': 1000, 'classify__n_jobs': 2, 'classify__penalty': 'l2', 'classify__random_state': 42, 'classify__solver': 'lbfgs', 'classify__tol': 0.0001, 'impute': None, 'select': SelectKBest(score_func=<function mutual_info_classif at 0x766691e17420>), 'select__k': 5, 'transform': None}",0.6572549019607843,0.7551820728291316,0.6651411136536994,0.6925260294812051,0.044421338038749675,158,0.7545454545454546,0.7454545454545455,0.7454545454545455,0.7484848484848485,0.004285495643554862,249,0.6666666666666666,0.7619047619047619,0.6666666666666666,0.6984126984126983,0.04489566864676491,150
0.0910174051920573,0.03708472667055396,0.024480899175008137,0.007525618384434502,,0.1,1000,2,l2,42,lbfgs,0.0001,SimpleImputer(strategy='median'),SelectKBest(score_func=<function mutual_info_classif at 0x766691e17420>),5,,"{'balance': None, 'classify__C': 0.1, 'classify__max_iter': 1000, 'classify__n_jobs': 2, 'classify__penalty': 'l2', 'classify__random_state': 42, 'classify__solver': 'lbfgs', 'classify__tol': 0.0001, 'impute': SimpleImputer(strategy='median'), 'select': SelectKBest(score_func=<function mutual_info_classif at 0x766691e17420>), 'select__k': 5, 'transform': None}",0.6572549019607843,0.7551820728291316,0.6651411136536994,0.6925260294812051,0.044421338038749675,158,0.7545454545454546,0.7454545454545455,0.7454545454545455,0.7484848484848485,0.004285495643554862,249,0.6666666666666666,0.7619047619047619,0.6666666666666666,0.6984126984126983,0.04489566864676491,150
0.4363975524902344,0.12090562051513785,0.040965874989827476,0.017027722094344278,,100.0,100,2,l2,42,lbfgs,1e-06,SimpleImputer(strategy='median'),SelectKBest(score_func=<function mutual_info_classif at 0x766691e17420>),7,,"{'balance': None, 'classify__C': 100.0, 'classify__max_iter': 100, 'classify__n_jobs': 2, 'classify__penalty': 'l2', 'classify__random_state': 42, 'classify__solver': 'lbfgs', 'classify__tol': 1e-06, 'impute': SimpleImputer(strategy='median'), 'select': SelectKBest(score_func=<function mutual_info_classif at 0x766691e17420>), 'select__k': 7, 'transform': None}",0.662090007627765,0.6936813186813188,0.712987012987013,0.689586113098699,0.020979423573393177,188,0.7181818181818181,0.8,0.7636363636363637,0.7606060606060606,0.03347079096117355,191,0.6666666666666666,0.7142857142857143,0.7142857142857143,0.6984126984126985,0.022447834323382487,91
0.22569616635640463,0.026330409244192186,0.009070873260498047,8.731742083098327e-05,,100.0,100,2,l2,42,lbfgs,1e-08,,SelectKBest(score_func=<function mutual_info_classif at 0x766691e17420>),7,,"{'balance': None, 'classify__C': 100.0, 'classify__max_iter': 100, 'classify__n_jobs': 2, 'classify__penalty': 'l2', 'classify__random_state': 42, 'classify__solver': 'lbfgs', 'classify__tol': 1e-08, 'impute': None, 'select': SelectKBest(score_func=<function mutual_info_classif at 0x766691e17420>), 'select__k': 7, 'transform': None}",0.662090007627765,0.6936813186813188,0.712987012987013,0.689586113098699,0.020979423573393177,188,0.7181818181818181,0.8,0.7636363636363637,0.7606060606060606,0.03347079096117355,191,0.6666666666666666,0.7142857142857143,0.7142857142857143,0.6984126984126985,0.022447834323382487,91
0.4433690706888835,0.09054935224022781,0.032607475916544594,0.018398139760213695,,100.0,200,2,l2,42,lbfgs,1e-08,SimpleImputer(strategy='median'),SelectKBest(score_func=<function mutual_info_classif at 0x766691e17420>),7,,"{'balance': None, 'classify__C': 100.0, 'classify__max_iter': 200, 'classify__n_jobs': 2, 'classify__penalty': 'l2', 'classify__random_state': 42, 'classify__solver': 'lbfgs', 'classify__tol': 1e-08, 'impute': SimpleImputer(strategy='median'), 'select': SelectKBest(score_func=<function mutual_info_classif at 0x766691e17420>), 'select__k': 7, 'transform': None}",0.662090007627765,0.6509803921568628,0.712987012987013,0.6753524709238802,0.026995369432603385,190,0.7181818181818181,0.7,0.7636363636363637,0.7272727272727272,0.026762911716145026,365,0.6666666666666666,0.6666666666666666,0.7142857142857143,0.6825396825396824,0.022447834323382487,220
0.2976180712381999,0.0776684361795642,0.020557324091593426,0.004634495187343276,,100.0,100,2,l2,42,lbfgs,0.0001,,SelectKBest(score_func=<function mutual_info_classif at 0x766691e17420>),7,,"{'balance': None, 'classify__C': 100.0, 'classify__max_iter': 100, 'classify__n_jobs': 2, 'classify__penalty': 'l2', 'classify__random_state': 42, 'classify__solver': 'lbfgs', 'classify__tol': 0.0001, 'impute': None, 'select': SelectKBest(score_func=<function mutual_info_classif at 0x766691e17420>), 'select__k': 7, 'transform': None}",0.662090007627765,0.6509803921568628,0.712987012987013,0.6753524709238802,0.026995369432603385,190,0.7181818181818181,0.7,0.7636363636363637,0.7272727272727272,0.026762911716145026,365,0.6666666666666666,0.6666666666666666,0.7142857142857143,0.6825396825396824,0.022447834323382487,220
0.21158083279927573,0.023433205337419324,0.008972088495890299,0.0009115285005220678,,100.0,200,2,l2,42,lbfgs,1e-06,SimpleImputer(strategy='median'),SelectKBest(score_func=<function mutual_info_classif at 0x766691e17420>),7,,"{'balance': None, 'classify__C': 100.0, 'classify__max_iter': 200, 'classify__n_jobs': 2, 'classify__penalty': 'l2', 'classify__random_state': 42, 'classify__solver': 'lbfgs', 'classify__tol': 1e-06, 'impute': SimpleImputer(strategy='median'), 'select': SelectKBest(score_func=<function mutual_info_classif at 0x766691e17420>), 'select__k': 7, 'transform': None}",0.662090007627765,0.6509803921568628,0.712987012987013,0.6753524709238802,0.026995369432603385,190,0.7181818181818181,0.7,0.7636363636363637,0.7272727272727272,0.026762911716145026,365,0.6666666666666666,0.6666666666666666,0.7142857142857143,0.6825396825396824,0.022447834323382487,220
0.19117951393127441,0.05632730649204749,0.009897470474243164,0.00013420460186468867,,100.0,500,2,l2,42,lbfgs,1e-06,SimpleImputer(strategy='median'),SelectKBest(score_func=<function mutual_info_classif at 0x766691e17420>),7,,"{'balance': None, 'classify__C': 100.0, 'classify__max_iter': 500, 'classify__n_jobs': 2, 'classify__penalty': 'l2', 'classify__random_state': 42, 'classify__solver': 'lbfgs', 'classify__tol': 1e-06, 'impute': SimpleImputer(strategy='median'), 'select': SelectKBest(score_func=<function mutual_info_classif at 0x766691e17420>), 'select__k': 7, 'transform': None}",0.662090007627765,0.6509803921568628,0.712987012987013,0.6753524709238802,0.026995369432603385,190,0.7181818181818181,0.7,0.7636363636363637,0.7272727272727272,0.026762911716145026,365,0.6666666666666666,0.6666666666666666,0.7142857142857143,0.6825396825396824,0.022447834323382487,220
0.3327330748240153,0.1007254024023031,0.02696832021077474,0.012957281788182107,,100.0,500,2,l2,42,lbfgs,1e-06,,SelectKBest(score_func=<function mutual_info_classif at 0x766691e17420>),7,,"{'balance': None, 'classify__C': 100.0, 'classify__max_iter': 500, 'classify__n_jobs': 2, 'classify__penalty': 'l2', 'classify__random_state': 42, 'classify__solver': 'lbfgs', 'classify__tol': 1e-06, 'impute': None, 'select': SelectKBest(score_func=<function mutual_info_classif at 0x766691e17420>), 'select__k': 7, 'transform': None}",0.662090007627765,0.6509803921568628,0.712987012987013,0.6753524709238802,0.026995369432603385,190,0.7181818181818181,0.7,0.7636363636363637,0.7272727272727272,0.026762911716145026,365,0.6666666666666666,0.6666666666666666,0.7142857142857143,0.6825396825396824,0.022447834323382487,220
0.34255242347717285,0.19311226150491734,0.021691401799519856,0.017607891769062738,,100.0,500,2,l2,42,lbfgs,1e-08,SimpleImputer(strategy='median'),SelectKBest(score_func=<function mutual_info_classif at 0x766691e17420>),7,,"{'balance': None, 'classify__C': 100.0, 'classify__max_iter': 500, 'classify__n_jobs': 2, 'classify__penalty': 'l2', 'classify__random_state': 42, 'classify__solver': 'lbfgs', 'classify__tol': 1e-08, 'impute': SimpleImputer(strategy='median'), 'select': SelectKBest(score_func=<function mutual_info_classif at 0x766691e17420>), 'select__k': 7, 'transform': None}",0.662090007627765,0.6509803921568628,0.712987012987013,0.6753524709238802,0.026995369432603385,190,0.7181818181818181,0.7,0.7636363636363637,0.7272727272727272,0.026762911716145026,365,0.6666666666666666,0.6666666666666666,0.7142857142857143,0.6825396825396824,0.022447834323382487,220
0.31185022989908856,0.036178245137650306,0.02450386683146159,0.005037174092832585,,100.0,1000,2,l2,42,lbfgs,0.0001,SimpleImputer(strategy='median'),SelectKBest(score_func=<function mutual_info_classif at 0x766691e17420>),7,,"{'balance': None, 'classify__C': 100.0, 'classify__max_iter': 1000, 'classify__n_jobs': 2, 'classify__penalty': 'l2', 'classify__random_state': 42, 'classify__solver': 'lbfgs', 'classify__tol': 0.0001, 'impute': SimpleImputer(strategy='median'), 'select': SelectKBest(score_func=<function mutual_info_classif at 0x766691e17420>), 'select__k': 7, 'transform': None}",0.662090007627765,0.6509803921568628,0.712987012987013,0.6753524709238802,0.026995369432603385,190,0.7181818181818181,0.7,0.7636363636363637,0.7272727272727272,0.026762911716145026,365,0.6666666666666666,0.6666666666666666,0.7142857142857143,0.6825396825396824,0.022447834323382487,220
0.3698105812072754,0.0076967367550022986,0.03583852450052897,0.0038756788513088056,,100.0,500,2,l2,42,lbfgs,0.0001,SimpleImputer(strategy='median'),SelectKBest(score_func=<function mutual_info_classif at 0x766691e17420>),7,,"{'balance': None, 'classify__C': 100.0, 'classify__max_iter': 500, 'classify__n_jobs': 2, 'classify__penalty': 'l2', 'classify__random_state': 42, 'classify__solver': 'lbfgs', 'classify__tol': 0.0001, 'impute': SimpleImputer(strategy='median'), 'select': SelectKBest(score_func=<function mutual_info_classif at 0x766691e17420>), 'select__k': 7, 'transform': None}",0.662090007627765,0.6509803921568628,0.712987012987013,0.6753524709238802,0.026995369432603385,190,0.7181818181818181,0.7,0.7636363636363637,0.7272727272727272,0.026762911716145026,365,0.6666666666666666,0.6666666666666666,0.7142857142857143,0.6825396825396824,0.022447834323382487,220
0.4084600607554118,0.05498061760762825,0.029498497645060223,0.005655115020407042,,100.0,1000,2,l2,42,lbfgs,1e-08,,SelectKBest(score_func=<function mutual_info_classif at 0x766691e17420>),7,,"{'balance': None, 'classify__C': 100.0, 'classify__max_iter': 1000, 'classify__n_jobs': 2, 'classify__penalty': 'l2', 'classify__random_state': 42, 'classify__solver': 'lbfgs', 'classify__tol': 1e-08, 'impute': None, 'select': SelectKBest(score_func=<function mutual_info_classif at 0x766691e17420>), 'select__k': 7, 'transform': None}",0.662090007627765,0.6509803921568628,0.712987012987013,0.6753524709238802,0.026995369432603385,190,0.7181818181818181,0.7,0.7636363636363637,0.7272727272727272,0.026762911716145026,365,0.6666666666666666,0.6666666666666666,0.7142857142857143,0.6825396825396824,0.022447834323382487,220
0.23659483591715494,0.033236560135925006,0.01507870356241862,0.0047429527298211305,,100.0,200,2,l2,42,lbfgs,1e-06,,SelectKBest(score_func=<function mutual_info_classif at 0x766691e17420>),7,,"{'balance': None, 'classify__C': 100.0, 'classify__max_iter': 200, 'classify__n_jobs': 2, 'classify__penalty': 'l2', 'classify__random_state': 42, 'classify__solver': 'lbfgs', 'classify__tol': 1e-06, 'impute': None, 'select': SelectKBest(score_func=<function mutual_info_classif at 0x766691e17420>), 'select__k': 7, 'transform': None}",0.662090007627765,0.6509803921568628,0.712987012987013,0.6753524709238802,0.026995369432603385,190,0.7181818181818181,0.7,0.7636363636363637,0.7272727272727272,0.026762911716145026,365,0.6666666666666666,0.6666666666666666,0.7142857142857143,0.6825396825396824,0.022447834323382487,220
0.4030263423919678,0.008403131033328803,0.03951144218444824,0.0065040175893646465,,100.0,1000,2,l2,42,lbfgs,1e-06,SimpleImputer(strategy='median'),SelectKBest(score_func=<function mutual_info_classif at 0x766691e17420>),7,,"{'balance': None, 'classify__C': 100.0, 'classify__max_iter': 1000, 'classify__n_jobs': 2, 'classify__penalty': 'l2', 'classify__random_state': 42, 'classify__solver': 'lbfgs', 'classify__tol': 1e-06, 'impute': SimpleImputer(strategy='median'), 'select': SelectKBest(score_func=<function mutual_info_classif at 0x766691e17420>), 'select__k': 7, 'transform': None}",0.662090007627765,0.6509803921568628,0.712987012987013,0.6753524709238802,0.026995369432603385,190,0.7181818181818181,0.7,0.7636363636363637,0.7272727272727272,0.026762911716145026,365,0.6666666666666666,0.6666666666666666,0.7142857142857143,0.6825396825396824,0.022447834323382487,220
0.5297796726226807,0.11588026344770731,0.0337370236714681,0.0027823570443329406,,100.0,2000,2,l2,42,lbfgs,1e-06,SimpleImputer(strategy='median'),SelectKBest(score_func=<function mutual_info_classif at 0x766691e17420>),7,,"{'balance': None, 'classify__C': 100.0, 'classify__max_iter': 2000, 'classify__n_jobs': 2, 'classify__penalty': 'l2', 'classify__random_state': 42, 'classify__solver': 'lbfgs', 'classify__tol': 1e-06, 'impute': SimpleImputer(strategy='median'), 'select': SelectKBest(score_func=<function mutual_info_classif at 0x766691e17420>), 'select__k': 7, 'transform': None}",0.662090007627765,0.6509803921568628,0.712987012987013,0.6753524709238802,0.026995369432603385,190,0.7181818181818181,0.7,0.7636363636363637,0.7272727272727272,0.026762911716145026,365,0.6666666666666666,0.6666666666666666,0.7142857142857143,0.6825396825396824,0.022447834323382487,220
0.31560683250427246,0.023440718474299085,0.018941084543863933,0.007145222564960844,,100.0,2000,2,l2,42,lbfgs,1e-06,,SelectKBest(score_func=<function mutual_info_classif at 0x766691e17420>),7,,"{'balance': None, 'classify__C': 100.0, 'classify__max_iter': 2000, 'classify__n_jobs': 2, 'classify__penalty': 'l2', 'classify__random_state': 42, 'classify__solver': 'lbfgs', 'classify__tol': 1e-06, 'impute': None, 'select': SelectKBest(score_func=<function mutual_info_classif at 0x766691e17420>), 'select__k': 7, 'transform': None}",0.662090007627765,0.6509803921568628,0.712987012987013,0.6753524709238802,0.026995369432603385,190,0.7181818181818181,0.7,0.7636363636363637,0.7272727272727272,0.026762911716145026,365,0.6666666666666666,0.6666666666666666,0.7142857142857143,0.6825396825396824,0.022447834323382487,220
0.4404783248901367,0.04297086498857092,0.03524009386698405,0.01634461857541627,,100.0,2000,2,l2,42,lbfgs,1e-08,,SelectKBest(score_func=<function mutual_info_classif at 0x766691e17420>),7,,"{'balance': None, 'classify__C': 100.0, 'classify__max_iter': 2000, 'classify__n_jobs': 2, 'classify__penalty': 'l2', 'classify__random_state': 42, 'classify__solver': 'lbfgs', 'classify__tol': 1e-08, 'impute': None, 'select': SelectKBest(score_func=<function mutual_info_classif at 0x766691e17420>), 'select__k': 7, 'transform': None}",0.662090007627765,0.6509803921568628,0.712987012987013,0.6753524709238802,0.026995369432603385,190,0.7181818181818181,0.7,0.7636363636363637,0.7272727272727272,0.026762911716145026,365,0.6666666666666666,0.6666666666666666,0.7142857142857143,0.6825396825396824,0.022447834323382487,220
0.5320965449015299,0.09690280879354815,0.045261383056640625,0.014043899705281125,,100.0,2000,2,l2,42,lbfgs,1e-08,SimpleImputer(strategy='median'),SelectKBest(score_func=<function mutual_info_classif at 0x766691e17420>),7,,"{'balance': None, 'classify__C': 100.0, 'classify__max_iter': 2000, 'classify__n_jobs': 2, 'classify__penalty': 'l2', 'classify__random_state': 42, 'classify__solver': 'lbfgs', 'classify__tol': 1e-08, 'impute': SimpleImputer(strategy='median'), 'select': SelectKBest(score_func=<function mutual_info_classif at 0x766691e17420>), 'select__k': 7, 'transform': None}",0.662090007627765,0.6509803921568628,0.712987012987013,0.6753524709238802,0.026995369432603385,190,0.7181818181818181,0.7,0.7636363636363637,0.7272727272727272,0.026762911716145026,365,0.6666666666666666,0.6666666666666666,0.7142857142857143,0.6825396825396824,0.022447834323382487,220
0.39232031504313153,0.052961551870282834,0.03309337298075358,0.013999652180645469,,100.0,2000,2,l2,42,lbfgs,0.0001,,SelectKBest(score_func=<function mutual_info_classif at 0x766691e17420>),7,,"{'balance': None, 'classify__C': 100.0, 'classify__max_iter': 2000, 'classify__n_jobs': 2, 'classify__penalty': 'l2', 'classify__random_state': 42, 'classify__solver': 'lbfgs', 'classify__tol': 0.0001, 'impute': None, 'select': SelectKBest(score_func=<function mutual_info_classif at 0x766691e17420>), 'select__k': 7, 'transform': None}",0.662090007627765,0.6509803921568628,0.712987012987013,0.6753524709238802,0.026995369432603385,190,0.7181818181818181,0.7,0.7636363636363637,0.7272727272727272,0.026762911716145026,365,0.6666666666666666,0.6666666666666666,0.7142857142857143,0.6825396825396824,0.022447834323382487,220
0.39475178718566895,0.04793436338284111,0.03269791603088379,0.0022608438568880456,,100.0,1000,2,l2,42,lbfgs,1e-06,,SelectKBest(score_func=<function mutual_info_classif at 0x766691e17420>),7,,"{'balance': None, 'classify__C': 100.0, 'classify__max_iter': 1000, 'classify__n_jobs': 2, 'classify__penalty': 'l2', 'classify__random_state': 42, 'classify__solver': 'lbfgs', 'classify__tol': 1e-06, 'impute': None, 'select': SelectKBest(score_func=<function mutual_info_classif at 0x766691e17420>), 'select__k': 7, 'transform': None}",0.662090007627765,0.6509803921568628,0.712987012987013,0.6753524709238802,0.026995369432603385,190,0.7181818181818181,0.7,0.7636363636363637,0.7272727272727272,0.026762911716145026,365,0.6666666666666666,0.6666666666666666,0.7142857142857143,0.6825396825396824,0.022447834323382487,220
0.25845781962076825,0.010243268291941473,0.021163384119669598,0.004545955644169938,,100.0,1000,2,l2,42,lbfgs,0.0001,,SelectKBest(score_func=<function mutual_info_classif at 0x766691e17420>),7,,"{'balance': None, 'classify__C': 100.0, 'classify__max_iter': 1000, 'classify__n_jobs': 2, 'classify__penalty': 'l2', 'classify__random_state': 42, 'classify__solver': 'lbfgs', 'classify__tol': 0.0001, 'impute': None, 'select': SelectKBest(score_func=<function mutual_info_classif at 0x766691e17420>), 'select__k': 7, 'transform': None}",0.662090007627765,0.6509803921568628,0.712987012987013,0.6753524709238802,0.026995369432603385,190,0.7181818181818181,0.7,0.7636363636363637,0.7272727272727272,0.026762911716145026,365,0.6666666666666666,0.6666666666666666,0.7142857142857143,0.6825396825396824,0.022447834323382487,220
0.5648964246114095,0.05765454538380545,0.04706271489461263,0.010685243281411875,,100.0,1000,2,l2,42,lbfgs,1e-08,SimpleImputer(strategy='median'),SelectKBest(score_func=<function mutual_info_classif at 0x766691e17420>),7,,"{'balance': None, 'classify__C': 100.0, 'classify__max_iter': 1000, 'classify__n_jobs': 2, 'classify__penalty': 'l2', 'classify__random_state': 42, 'classify__solver': 'lbfgs', 'classify__tol': 1e-08, 'impute': SimpleImputer(strategy='median'), 'select': SelectKBest(score_func=<function mutual_info_classif at 0x766691e17420>), 'select__k': 7, 'transform': None}",0.662090007627765,0.6509803921568628,0.712987012987013,0.6753524709238802,0.026995369432603385,190,0.7181818181818181,0.7,0.7636363636363637,0.7272727272727272,0.026762911716145026,365,0.6666666666666666,0.6666666666666666,0.7142857142857143,0.6825396825396824,0.022447834323382487,220
0.18605804443359375,0.07221116686804974,0.008894522984822592,0.00025516137585195595,,100.0,500,2,l2,42,lbfgs,1e-08,,SelectKBest(score_func=<function mutual_info_classif at 0x766691e17420>),7,,"{'balance': None, 'classify__C': 100.0, 'classify__max_iter': 500, 'classify__n_jobs': 2, 'classify__penalty': 'l2', 'classify__random_state': 42, 'classify__solver': 'lbfgs', 'classify__tol': 1e-08, 'impute': None, 'select': SelectKBest(score_func=<function mutual_info_classif at 0x766691e17420>), 'select__k': 7, 'transform': None}",0.662090007627765,0.6509803921568628,0.712987012987013,0.6753524709238802,0.026995369432603385,190,0.7181818181818181,0.7,0.7636363636363637,0.7272727272727272,0.026762911716145026,365,0.6666666666666666,0.6666666666666666,0.7142857142857143,0.6825396825396824,0.022447834323382487,220
0.22349818547566733,0.06474526249091277,0.02363475163777669,0.010040368383080124,,100.0,200,2,l2,42,lbfgs,0.0001,SimpleImputer(strategy='median'),SelectKBest(score_func=<function mutual_info_classif at 0x766691e17420>),7,,"{'balance': None, 'classify__C': 100.0, 'classify__max_iter': 200, 'classify__n_jobs': 2, 'classify__penalty': 'l2', 'classify__random_state': 42, 'classify__solver': 'lbfgs', 'classify__tol': 0.0001, 'impute': SimpleImputer(strategy='median'), 'select': SelectKBest(score_func=<function mutual_info_classif at 0x766691e17420>), 'select__k': 7, 'transform': None}",0.662090007627765,0.6509803921568628,0.712987012987013,0.6753524709238802,0.026995369432603385,190,0.7181818181818181,0.7,0.7636363636363637,0.7272727272727272,0.026762911716145026,365,0.6666666666666666,0.6666666666666666,0.7142857142857143,0.6825396825396824,0.022447834323382487,220
0.18536202112833658,0.016435050156056567,0.008467912673950195,0.00010574824871197177,,100.0,200,2,l2,42,lbfgs,0.0001,,SelectKBest(score_func=<function mutual_info_classif at 0x766691e17420>),7,,"{'balance': None, 'classify__C': 100.0, 'classify__max_iter': 200, 'classify__n_jobs': 2, 'classify__penalty': 'l2', 'classify__random_state': 42, 'classify__solver': 'lbfgs', 'classify__tol': 0.0001, 'impute': None, 'select': SelectKBest(score_func=<function mutual_info_classif at 0x766691e17420>), 'select__k': 7, 'transform': None}",0.662090007627765,0.6509803921568628,0.712987012987013,0.6753524709238802,0.026995369432603385,190,0.7181818181818181,0.7,0.7636363636363637,0.7272727272727272,0.026762911716145026,365,0.6666666666666666,0.6666666666666666,0.7142857142857143,0.6825396825396824,0.022447834323382487,220
0.22928579648335776,0.06224682572129374,0.024418751398722332,0.011450224915700406,,100.0,500,2,l2,42,lbfgs,0.0001,,SelectKBest(score_func=<function mutual_info_classif at 0x766691e17420>),7,,"{'balance': None, 'classify__C': 100.0, 'classify__max_iter': 500, 'classify__n_jobs': 2, 'classify__penalty': 'l2', 'classify__random_state': 42, 'classify__solver': 'lbfgs', 'classify__tol': 0.0001, 'impute': None, 'select': SelectKBest(score_func=<function mutual_info_classif at 0x766691e17420>), 'select__k': 7, 'transform': None}",0.662090007627765,0.6509803921568628,0.712987012987013,0.6753524709238802,0.026995369432603385,190,0.7181818181818181,0.7,0.7636363636363637,0.7272727272727272,0.026762911716145026,365,0.6666666666666666,0.6666666666666666,0.7142857142857143,0.6825396825396824,0.022447834323382487,220
0.5150288740793864,0.05845960125633887,0.026850779851277668,0.018551431729663028,,100.0,200,2,l2,42,lbfgs,1e-08,,SelectKBest(score_func=<function mutual_info_classif at 0x766691e17420>),7,,"{'balance': None, 'classify__C': 100.0, 'classify__max_iter': 200, 'classify__n_jobs': 2, 'classify__penalty': 'l2', 'classify__random_state': 42, 'classify__solver': 'lbfgs', 'classify__tol': 1e-08, 'impute': None, 'select': SelectKBest(score_func=<function mutual_info_classif at 0x766691e17420>), 'select__k': 7, 'transform': None}",0.662090007627765,0.6509803921568628,0.712987012987013,0.6753524709238802,0.026995369432603385,190,0.7181818181818181,0.7,0.7636363636363637,0.7272727272727272,0.026762911716145026,365,0.6666666666666666,0.6666666666666666,0.7142857142857143,0.6825396825396824,0.022447834323382487,220
0.3706033229827881,0.04185066555278687,0.044304847717285156,0.011624262854418803,,100.0,100,2,l2,42,lbfgs,0.0001,SimpleImputer(strategy='median'),SelectKBest(score_func=<function mutual_info_classif at 0x766691e17420>),7,,"{'balance': None, 'classify__C': 100.0, 'classify__max_iter': 100, 'classify__n_jobs': 2, 'classify__penalty': 'l2', 'classify__random_state': 42, 'classify__solver': 'lbfgs', 'classify__tol': 0.0001, 'impute': SimpleImputer(strategy='median'), 'select': SelectKBest(score_func=<function mutual_info_classif at 0x766691e17420>), 'select__k': 7, 'transform': None}",0.662090007627765,0.6509803921568628,0.712987012987013,0.6753524709238802,0.026995369432603385,190,0.7181818181818181,0.7,0.7636363636363637,0.7272727272727272,0.026762911716145026,365,0.6666666666666666,0.6666666666666666,0.7142857142857143,0.6825396825396824,0.022447834323382487,220
0.38234901428222656,0.11396059434953255,0.03156566619873047,0.016317759268690925,,100.0,100,2,l2,42,lbfgs,1e-06,,SelectKBest(score_func=<function mutual_info_classif at 0x766691e17420>),7,,"{'balance': None, 'classify__C': 100.0, 'classify__max_iter': 100, 'classify__n_jobs': 2, 'classify__penalty': 'l2', 'classify__random_state': 42, 'classify__solver': 'lbfgs', 'classify__tol': 1e-06, 'impute': None, 'select': SelectKBest(score_func=<function mutual_info_classif at 0x766691e17420>), 'select__k': 7, 'transform': None}",0.662090007627765,0.6509803921568628,0.712987012987013,0.6753524709238802,0.026995369432603385,190,0.7181818181818181,0.7,0.7636363636363637,0.7272727272727272,0.026762911716145026,365,0.6666666666666666,0.6666666666666666,0.7142857142857143,0.6825396825396824,0.022447834323382487,220
0.3026946385701497,0.07193430707946663,0.030959526697794598,0.015455220201989256,,100.0,100,2,l2,42,lbfgs,1e-08,SimpleImputer(strategy='median'),SelectKBest(score_func=<function mutual_info_classif at 0x766691e17420>),7,,"{'balance': None, 'classify__C': 100.0, 'classify__max_iter': 100, 'classify__n_jobs': 2, 'classify__penalty': 'l2', 'classify__random_state': 42, 'classify__solver': 'lbfgs', 'classify__tol': 1e-08, 'impute': SimpleImputer(strategy='median'), 'select': SelectKBest(score_func=<function mutual_info_classif at 0x766691e17420>), 'select__k': 7, 'transform': None}",0.662090007627765,0.6509803921568628,0.712987012987013,0.6753524709238802,0.026995369432603385,190,0.7181818181818181,0.7,0.7636363636363637,0.7272727272727272,0.026762911716145026,365,0.6666666666666666,0.6666666666666666,0.7142857142857143,0.6825396825396824,0.022447834323382487,220
0.20773736635843912,0.0891599829271755,0.023125569025675457,0.018519024972564337,,100.0,2000,2,l2,42,lbfgs,0.0001,SimpleImputer(strategy='median'),SelectKBest(score_func=<function mutual_info_classif at 0x766691e17420>),7,,"{'balance': None, 'classify__C': 100.0, 'classify__max_iter': 2000, 'classify__n_jobs': 2, 'classify__penalty': 'l2', 'classify__random_state': 42, 'classify__solver': 'lbfgs', 'classify__tol': 0.0001, 'impute': SimpleImputer(strategy='median'), 'select': SelectKBest(score_func=<function mutual_info_classif at 0x766691e17420>), 'select__k': 7, 'transform': None}",0.662090007627765,0.6509803921568628,0.712987012987013,0.6753524709238802,0.026995369432603385,190,0.7181818181818181,0.7,0.7636363636363637,0.7272727272727272,0.026762911716145026,365,0.6666666666666666,0.6666666666666666,0.7142857142857143,0.6825396825396824,0.022447834323382487,220
0.24137369791666666,0.026812148381091135,0.024408976236979168,0.008841983637848355,,10.0,100,2,l2,42,lbfgs,0.0001,SimpleImputer(strategy='median'),SelectKBest(score_func=<function mutual_info_classif at 0x766691e17420>),7,,"{'balance': None, 'classify__C': 10.0, 'classify__max_iter': 100, 'classify__n_jobs': 2, 'classify__penalty': 'l2', 'classify__random_state': 42, 'classify__solver': 'lbfgs', 'classify__tol': 0.0001, 'impute': SimpleImputer(strategy='median'), 'select': SelectKBest(score_func=<function mutual_info_classif at 0x766691e17420>), 'select__k': 7, 'transform': None}",0.6190476190476191,0.6936813186813188,0.712987012987013,0.6752386502386503,0.04050721292058003,218,0.7272727272727273,0.7090909090909091,0.790909090909091,0.7424242424242425,0.0350782936448189,278,0.6190476190476191,0.7142857142857143,0.7142857142857143,0.6825396825396827,0.04489566864676491,190
0.30490684509277344,0.08630288599010724,0.029056787490844727,0.008671884692475578,,10.0,100,2,l2,42,lbfgs,1e-06,,SelectKBest(score_func=<function mutual_info_classif at 0x766691e17420>),7,,"{'balance': None, 'classify__C': 10.0, 'classify__max_iter': 100, 'classify__n_jobs': 2, 'classify__penalty': 'l2', 'classify__random_state': 42, 'classify__solver': 'lbfgs', 'classify__tol': 1e-06, 'impute': None, 'select': SelectKBest(score_func=<function mutual_info_classif at 0x766691e17420>), 'select__k': 7, 'transform': None}",0.6190476190476191,0.6936813186813188,0.712987012987013,0.6752386502386503,0.04050721292058003,218,0.7272727272727273,0.7090909090909091,0.790909090909091,0.7424242424242425,0.0350782936448189,278,0.6190476190476191,0.7142857142857143,0.7142857142857143,0.6825396825396827,0.04489566864676491,190
0.3034834067026774,0.018416111323605315,0.027057727177937824,0.0035099495121253357,,10.0,100,2,l2,42,lbfgs,1e-06,SimpleImputer(strategy='median'),SelectKBest(score_func=<function mutual_info_classif at 0x766691e17420>),7,,"{'balance': None, 'classify__C': 10.0, 'classify__max_iter': 100, 'classify__n_jobs': 2, 'classify__penalty': 'l2', 'classify__random_state': 42, 'classify__solver': 'lbfgs', 'classify__tol': 1e-06, 'impute': SimpleImputer(strategy='median'), 'select': SelectKBest(score_func=<function mutual_info_classif at 0x766691e17420>), 'select__k': 7, 'transform': None}",0.6190476190476191,0.6936813186813188,0.712987012987013,0.6752386502386503,0.04050721292058003,218,0.7272727272727273,0.7090909090909091,0.790909090909091,0.7424242424242425,0.0350782936448189,278,0.6190476190476191,0.7142857142857143,0.7142857142857143,0.6825396825396827,0.04489566864676491,190
0.20813846588134766,0.004300017573208919,0.02130778630574544,0.009043971775618288,,10.0,100,2,l2,42,lbfgs,0.0001,,SelectKBest(score_func=<function mutual_info_classif at 0x766691e17420>),7,,"{'balance': None, 'classify__C': 10.0, 'classify__max_iter': 100, 'classify__n_jobs': 2, 'classify__penalty': 'l2', 'classify__random_state': 42, 'classify__solver': 'lbfgs', 'classify__tol': 0.0001, 'impute': None, 'select': SelectKBest(score_func=<function mutual_info_classif at 0x766691e17420>), 'select__k': 7, 'transform': None}",0.6190476190476191,0.6936813186813188,0.712987012987013,0.6752386502386503,0.04050721292058003,218,0.7272727272727273,0.7090909090909091,0.790909090909091,0.7424242424242425,0.0350782936448189,278,0.6190476190476191,0.7142857142857143,0.7142857142857143,0.6825396825396827,0.04489566864676491,190
0.3761740525563558,0.05552942345502093,0.03166818618774414,0.009403301076968823,,10.0,100,2,l2,42,lbfgs,1e-08,,SelectKBest(score_func=<function mutual_info_classif at 0x766691e17420>),7,,"{'balance': None, 'classify__C': 10.0, 'classify__max_iter': 100, 'classify__n_jobs': 2, 'classify__penalty': 'l2', 'classify__random_state': 42, 'classify__solver': 'lbfgs', 'classify__tol': 1e-08, 'impute': None, 'select': SelectKBest(score_func=<function mutual_info_classif at 0x766691e17420>), 'select__k': 7, 'transform': None}",0.6190476190476191,0.6936813186813188,0.712987012987013,0.6752386502386503,0.04050721292058003,218,0.7272727272727273,0.7090909090909091,0.790909090909091,0.7424242424242425,0.0350782936448189,278,0.6190476190476191,0.7142857142857143,0.7142857142857143,0.6825396825396827,0.04489566864676491,190
0.17255012194315592,0.027725069312404607,0.01646733283996582,0.002212311531313088,,10.0,1000,2,l2,42,lbfgs,1e-08,,SelectKBest(score_func=<function mutual_info_classif at 0x766691e17420>),7,,"{'balance': None, 'classify__C': 10.0, 'classify__max_iter': 1000, 'classify__n_jobs': 2, 'classify__penalty': 'l2', 'classify__random_state': 42, 'classify__solver': 'lbfgs', 'classify__tol': 1e-08, 'impute': None, 'select': SelectKBest(score_func=<function mutual_info_classif at 0x766691e17420>), 'select__k': 7, 'transform': None}",0.6190476190476191,0.6936813186813188,0.712987012987013,0.6752386502386503,0.04050721292058003,218,0.7272727272727273,0.7090909090909091,0.790909090909091,0.7424242424242425,0.0350782936448189,278,0.6190476190476191,0.7142857142857143,0.7142857142857143,0.6825396825396827,0.04489566864676491,190
0.18403776486714682,0.028255336306091023,0.012995322545369467,0.004357169576627806,,10.0,500,2,l2,42,lbfgs,1e-08,SimpleImputer(strategy='median'),SelectKBest(score_func=<function mutual_info_classif at 0x766691e17420>),7,,"{'balance': None, 'classify__C': 10.0, 'classify__max_iter': 500, 'classify__n_jobs': 2, 'classify__penalty': 'l2', 'classify__random_state': 42, 'classify__solver': 'lbfgs', 'classify__tol': 1e-08, 'impute': SimpleImputer(strategy='median'), 'select': SelectKBest(score_func=<function mutual_info_classif at 0x766691e17420>), 'select__k': 7, 'transform': None}",0.6190476190476191,0.6936813186813188,0.712987012987013,0.6752386502386503,0.04050721292058003,218,0.7272727272727273,0.7090909090909091,0.790909090909091,0.7424242424242425,0.0350782936448189,278,0.6190476190476191,0.7142857142857143,0.7142857142857143,0.6825396825396827,0.04489566864676491,190
0.17886273066202799,0.06662569538089375,0.016015926996866863,0.007853243227173538,,10.0,500,2,l2,42,lbfgs,1e-06,,SelectKBest(score_func=<function mutual_info_classif at 0x766691e17420>),7,,"{'balance': None, 'classify__C': 10.0, 'classify__max_iter': 500, 'classify__n_jobs': 2, 'classify__penalty': 'l2', 'classify__random_state': 42, 'classify__solver': 'lbfgs', 'classify__tol': 1e-06, 'impute': None, 'select': SelectKBest(score_func=<function mutual_info_classif at 0x766691e17420>), 'select__k': 7, 'transform': None}",0.6190476190476191,0.6936813186813188,0.712987012987013,0.6752386502386503,0.04050721292058003,218,0.7272727272727273,0.7090909090909091,0.790909090909091,0.7424242424242425,0.0350782936448189,278,0.6190476190476191,0.7142857142857143,0.7142857142857143,0.6825396825396827,0.04489566864676491,190
0.24362762769063315,0.07309792550126061,0.014077186584472656,0.00760139349614472,,10.0,200,2,l2,42,lbfgs,1e-08,,SelectKBest(score_func=<function mutual_info_classif at 0x766691e17420>),7,,"{'balance': None, 'classify__C': 10.0, 'classify__max_iter': 200, 'classify__n_jobs': 2, 'classify__penalty': 'l2', 'classify__random_state': 42, 'classify__solver': 'lbfgs', 'classify__tol': 1e-08, 'impute': None, 'select': SelectKBest(score_func=<function mutual_info_classif at 0x766691e17420>), 'select__k': 7, 'transform': None}",0.6190476190476191,0.6936813186813188,0.712987012987013,0.6752386502386503,0.04050721292058003,218,0.7272727272727273,0.7090909090909091,0.790909090909091,0.7424242424242425,0.0350782936448189,278,0.6190476190476191,0.7142857142857143,0.7142857142857143,0.6825396825396827,0.04489566864676491,190
0.07899228731791179,0.009123232595862944,0.009119510650634766,0.00014505937061310022,,10.0,500,2,l2,42,lbfgs,0.0001,,SelectKBest(score_func=<function mutual_info_classif at 0x766691e17420>),7,,"{'balance': None, 'classify__C': 10.0, 'classify__max_iter': 500, 'classify__n_jobs': 2, 'classify__penalty': 'l2', 'classify__random_state': 42, 'classify__solver': 'lbfgs', 'classify__tol': 0.0001, 'impute': None, 'select': SelectKBest(score_func=<function mutual_info_classif at 0x766691e17420>), 'select__k': 7, 'transform': None}",0.6190476190476191,0.6936813186813188,0.712987012987013,0.6752386502386503,0.04050721292058003,218,0.7272727272727273,0.7090909090909091,0.790909090909091,0.7424242424242425,0.0350782936448189,278,0.6190476190476191,0.7142857142857143,0.7142857142857143,0.6825396825396827,0.04489566864676491,190
0.12312102317810059,0.00997236150703451,0.009489297866821289,5.986063345929122e-05,,10.0,500,2,l2,42,lbfgs,1e-06,SimpleImputer(strategy='median'),SelectKBest(score_func=<function mutual_info_classif at 0x766691e17420>),7,,"{'balance': None, 'classify__C': 10.0, 'classify__max_iter': 500, 'classify__n_jobs': 2, 'classify__penalty': 'l2', 'classify__random_state': 42, 'classify__solver': 'lbfgs', 'classify__tol': 1e-06, 'impute': SimpleImputer(strategy='median'), 'select': SelectKBest(score_func=<function mutual_info_classif at 0x766691e17420>), 'select__k': 7, 'transform': None}",0.6190476190476191,0.6936813186813188,0.712987012987013,0.6752386502386503,0.04050721292058003,218,0.7272727272727273,0.7090909090909091,0.790909090909091,0.7424242424242425,0.0350782936448189,278,0.6190476190476191,0.7142857142857143,0.7142857142857143,0.6825396825396827,0.04489566864676491,190
0.19005624453226724,0.02428480433501144,0.023314952850341797,0.009755090485432528,,10.0,1000,2,l2,42,lbfgs,0.0001,SimpleImputer(strategy='median'),SelectKBest(score_func=<function mutual_info_classif at 0x766691e17420>),7,,"{'balance': None, 'classify__C': 10.0, 'classify__max_iter': 1000, 'classify__n_jobs': 2, 'classify__penalty': 'l2', 'classify__random_state': 42, 'classify__solver': 'lbfgs', 'classify__tol': 0.0001, 'impute': SimpleImputer(strategy='median'), 'select': SelectKBest(score_func=<function mutual_info_classif at 0x766691e17420>), 'select__k': 7, 'transform': None}",0.6190476190476191,0.6936813186813188,0.712987012987013,0.6752386502386503,0.04050721292058003,218,0.7272727272727273,0.7090909090909091,0.790909090909091,0.7424242424242425,0.0350782936448189,278,0.6190476190476191,0.7142857142857143,0.7142857142857143,0.6825396825396827,0.04489566864676491,190
0.4225325584411621,0.06511635827291695,0.0388182799021403,0.007800219932151714,,10.0,2000,2,l2,42,lbfgs,1e-08,SimpleImputer(strategy='median'),SelectKBest(score_func=<function mutual_info_classif at 0x766691e17420>),7,,"{'balance': None, 'classify__C': 10.0, 'classify__max_iter': 2000, 'classify__n_jobs': 2, 'classify__penalty': 'l2', 'classify__random_state': 42, 'classify__solver': 'lbfgs', 'classify__tol': 1e-08, 'impute': SimpleImputer(strategy='median'), 'select': SelectKBest(score_func=<function mutual_info_classif at 0x766691e17420>), 'select__k': 7, 'transform': None}",0.6190476190476191,0.6936813186813188,0.712987012987013,0.6752386502386503,0.04050721292058003,218,0.7272727272727273,0.7090909090909091,0.790909090909091,0.7424242424242425,0.0350782936448189,278,0.6190476190476191,0.7142857142857143,0.7142857142857143,0.6825396825396827,0.04489566864676491,190
0.27545754114786786,0.01565531072309574,0.023294607798258465,0.003814459626094103,,10.0,2000,2,l2,42,lbfgs,1e-08,,SelectKBest(score_func=<function mutual_info_classif at 0x766691e17420>),7,,"{'balance': None, 'classify__C': 10.0, 'classify__max_iter': 2000, 'classify__n_jobs': 2, 'classify__penalty': 'l2', 'classify__random_state': 42, 'classify__solver': 'lbfgs', 'classify__tol': 1e-08, 'impute': None, 'select': SelectKBest(score_func=<function mutual_info_classif at 0x766691e17420>), 'select__k': 7, 'transform': None}",0.6190476190476191,0.6936813186813188,0.712987012987013,0.6752386502386503,0.04050721292058003,218,0.7272727272727273,0.8,0.790909090909091,0.7727272727272728,0.032354782581913086,160,0.6190476190476191,0.7142857142857143,0.7142857142857143,0.6825396825396827,0.04489566864676491,190
0.25748594601949054,0.08516506298043763,0.01831340789794922,0.010407101317918954,,10.0,2000,2,l2,42,lbfgs,1e-06,,SelectKBest(score_func=<function mutual_info_classif at 0x766691e17420>),7,,"{'balance': None, 'classify__C': 10.0, 'classify__max_iter': 2000, 'classify__n_jobs': 2, 'classify__penalty': 'l2', 'classify__random_state': 42, 'classify__solver': 'lbfgs', 'classify__tol': 1e-06, 'impute': None, 'select': SelectKBest(score_func=<function mutual_info_classif at 0x766691e17420>), 'select__k': 7, 'transform': None}",0.6190476190476191,0.6936813186813188,0.712987012987013,0.6752386502386503,0.04050721292058003,218,0.7272727272727273,0.7090909090909091,0.790909090909091,0.7424242424242425,0.0350782936448189,278,0.6190476190476191,0.7142857142857143,0.7142857142857143,0.6825396825396827,0.04489566864676491,190
0.17156497637430826,0.10850599991739321,0.020870208740234375,0.015073019860066716,,10.0,500,2,l2,42,lbfgs,0.0001,SimpleImputer(strategy='median'),SelectKBest(score_func=<function mutual_info_classif at 0x766691e17420>),7,,"{'balance': None, 'classify__C': 10.0, 'classify__max_iter': 500, 'classify__n_jobs': 2, 'classify__penalty': 'l2', 'classify__random_state': 42, 'classify__solver': 'lbfgs', 'classify__tol': 0.0001, 'impute': SimpleImputer(strategy='median'), 'select': SelectKBest(score_func=<function mutual_info_classif at 0x766691e17420>), 'select__k': 7, 'transform': None}",0.6190476190476191,0.6936813186813188,0.712987012987013,0.6752386502386503,0.04050721292058003,218,0.7272727272727273,0.7090909090909091,0.790909090909091,0.7424242424242425,0.0350782936448189,278,0.6190476190476191,0.7142857142857143,0.7142857142857143,0.6825396825396827,0.04489566864676491,190
0.15941858291625977,0.0330230068430955,0.012507200241088867,0.00405571675996978,,10.0,500,2,l2,42,lbfgs,1e-08,,SelectKBest(score_func=<function mutual_info_classif at 0x766691e17420>),7,,"{'balance': None, 'classify__C': 10.0, 'classify__max_iter': 500, 'classify__n_jobs': 2, 'classify__penalty': 'l2', 'classify__random_state': 42, 'classify__solver': 'lbfgs', 'classify__tol': 1e-08, 'impute': None, 'select': SelectKBest(score_func=<function mutual_info_classif at 0x766691e17420>), 'select__k': 7, 'transform': None}",0.6190476190476191,0.6936813186813188,0.712987012987013,0.6752386502386503,0.04050721292058003,218,0.7272727272727273,0.7090909090909091,0.790909090909091,0.7424242424242425,0.0350782936448189,278,0.6190476190476191,0.7142857142857143,0.7142857142857143,0.6825396825396827,0.04489566864676491,190
0.1217641830444336,0.021902629601981704,0.013607263565063477,0.0023844234348116967,,10.0,200,2,l2,42,lbfgs,0.0001,SimpleImputer(strategy='median'),SelectKBest(score_func=<function mutual_info_classif at 0x766691e17420>),7,,"{'balance': None, 'classify__C': 10.0, 'classify__max_iter': 200, 'classify__n_jobs': 2, 'classify__penalty': 'l2', 'classify__random_state': 42, 'classify__solver': 'lbfgs', 'classify__tol': 0.0001, 'impute': SimpleImputer(strategy='median'), 'select': SelectKBest(score_func=<function mutual_info_classif at 0x766691e17420>), 'select__k': 7, 'transform': None}",0.6190476190476191,0.6936813186813188,0.712987012987013,0.6752386502386503,0.04050721292058003,218,0.7272727272727273,0.7090909090909091,0.790909090909091,0.7424242424242425,0.0350782936448189,278,0.6190476190476191,0.7142857142857143,0.7142857142857143,0.6825396825396827,0.04489566864676491,190
0.2847596009572347,0.056534805161368884,0.025151650110880535,0.012773672930522199,,10.0,1000,2,l2,42,lbfgs,1e-06,SimpleImputer(strategy='median'),SelectKBest(score_func=<function mutual_info_classif at 0x766691e17420>),7,,"{'balance': None, 'classify__C': 10.0, 'classify__max_iter': 1000, 'classify__n_jobs': 2, 'classify__penalty': 'l2', 'classify__random_state': 42, 'classify__solver': 'lbfgs', 'classify__tol': 1e-06, 'impute': SimpleImputer(strategy='median'), 'select': SelectKBest(score_func=<function mutual_info_classif at 0x766691e17420>), 'select__k': 7, 'transform': None}",0.6190476190476191,0.6936813186813188,0.712987012987013,0.6752386502386503,0.04050721292058003,218,0.7272727272727273,0.8,0.790909090909091,0.7727272727272728,0.032354782581913086,160,0.6190476190476191,0.7142857142857143,0.7142857142857143,0.6825396825396827,0.04489566864676491,190
0.14647301038106283,0.07626208098068164,0.012838045756022135,0.005390479836447552,,10.0,1000,2,l2,42,lbfgs,1e-06,,SelectKBest(score_func=<function mutual_info_classif at 0x766691e17420>),7,,"{'balance': None, 'classify__C': 10.0, 'classify__max_iter': 1000, 'classify__n_jobs': 2, 'classify__penalty': 'l2', 'classify__random_state': 42, 'classify__solver': 'lbfgs', 'classify__tol': 1e-06, 'impute': None, 'select': SelectKBest(score_func=<function mutual_info_classif at 0x766691e17420>), 'select__k': 7, 'transform': None}",0.6190476190476191,0.6936813186813188,0.712987012987013,0.6752386502386503,0.04050721292058003,218,0.7272727272727273,0.7090909090909091,0.790909090909091,0.7424242424242425,0.0350782936448189,278,0.6190476190476191,0.7142857142857143,0.7142857142857143,0.6825396825396827,0.04489566864676491,190
0.26550745964050293,0.07154931568634311,0.02701719601949056,0.007427449665192742,,10.0,1000,2,l2,42,lbfgs,1e-08,SimpleImputer(strategy='median'),SelectKBest(score_func=<function mutual_info_classif at 0x766691e17420>),7,,"{'balance': None, 'classify__C': 10.0, 'classify__max_iter': 1000, 'classify__n_jobs': 2, 'classify__penalty': 'l2', 'classify__random_state': 42, 'classify__solver': 'lbfgs', 'classify__tol': 1e-08, 'impute': SimpleImputer(strategy='median'), 'select': SelectKBest(score_func=<function mutual_info_classif at 0x766691e17420>), 'select__k': 7, 'transform': None}",0.6190476190476191,0.6936813186813188,0.712987012987013,0.6752386502386503,0.04050721292058003,218,0.7272727272727273,0.7090909090909091,0.790909090909091,0.7424242424242425,0.0350782936448189,278,0.6190476190476191,0.7142857142857143,0.7142857142857143,0.6825396825396827,0.04489566864676491,190
0.18429040908813477,0.0027153099630930363,0.010635137557983398,0.0027363132022205916,,10.0,200,2,l2,42,lbfgs,1e-06,,SelectKBest(score_func=<function mutual_info_classif at 0x766691e17420>),7,,"{'balance': None, 'classify__C': 10.0, 'classify__max_iter': 200, 'classify__n_jobs': 2, 'classify__penalty': 'l2', 'classify__random_state': 42, 'classify__solver': 'lbfgs', 'classify__tol': 1e-06, 'impute': None, 'select': SelectKBest(score_func=<function mutual_info_classif at 0x766691e17420>), 'select__k': 7, 'transform': None}",0.6190476190476191,0.6936813186813188,0.712987012987013,0.6752386502386503,0.04050721292058003,218,0.7272727272727273,0.7090909090909091,0.790909090909091,0.7424242424242425,0.0350782936448189,278,0.6190476190476191,0.7142857142857143,0.7142857142857143,0.6825396825396827,0.04489566864676491,190
0.11814371744791667,0.0454075574211057,0.017002662022908527,0.0028876523819263834,,10.0,200,2,l2,42,lbfgs,0.0001,,SelectKBest(score_func=<function mutual_info_classif at 0x766691e17420>),7,,"{'balance': None, 'classify__C': 10.0, 'classify__max_iter': 200, 'classify__n_jobs': 2, 'classify__penalty': 'l2', 'classify__random_state': 42, 'classify__solver': 'lbfgs', 'classify__tol': 0.0001, 'impute': None, 'select': SelectKBest(score_func=<function mutual_info_classif at 0x766691e17420>), 'select__k': 7, 'transform': None}",0.6190476190476191,0.6936813186813188,0.712987012987013,0.6752386502386503,0.04050721292058003,218,0.7272727272727273,0.7090909090909091,0.790909090909091,0.7424242424242425,0.0350782936448189,278,0.6190476190476191,0.7142857142857143,0.7142857142857143,0.6825396825396827,0.04489566864676491,190
0.2771010398864746,0.12401775926234505,0.022821505864461262,0.015315797583732277,,10.0,100,2,l2,42,lbfgs,1e-08,SimpleImputer(strategy='median'),SelectKBest(score_func=<function mutual_info_classif at 0x766691e17420>),7,,"{'balance': None, 'classify__C': 10.0, 'classify__max_iter': 100, 'classify__n_jobs': 2, 'classify__penalty': 'l2', 'classify__random_state': 42, 'classify__solver': 'lbfgs', 'classify__tol': 1e-08, 'impute': SimpleImputer(strategy='median'), 'select': SelectKBest(score_func=<function mutual_info_classif at 0x766691e17420>), 'select__k': 7, 'transform': None}",0.6190476190476191,0.6936813186813188,0.712987012987013,0.6752386502386503,0.04050721292058003,218,0.7272727272727273,0.7090909090909091,0.790909090909091,0.7424242424242425,0.0350782936448189,278,0.6190476190476191,0.7142857142857143,0.7142857142857143,0.6825396825396827,0.04489566864676491,190
0.15425030390421549,0.0706561633377364,0.019338607788085938,0.00671851119616049,,10.0,200,2,l2,42,lbfgs,1e-06,SimpleImputer(strategy='median'),SelectKBest(score_func=<function mutual_info_classif at 0x766691e17420>),7,,"{'balance': None, 'classify__C': 10.0, 'classify__max_iter': 200, 'classify__n_jobs': 2, 'classify__penalty': 'l2', 'classify__random_state': 42, 'classify__solver': 'lbfgs', 'classify__tol': 1e-06, 'impute': SimpleImputer(strategy='median'), 'select': SelectKBest(score_func=<function mutual_info_classif at 0x766691e17420>), 'select__k': 7, 'transform': None}",0.6190476190476191,0.6936813186813188,0.712987012987013,0.6752386502386503,0.04050721292058003,218,0.7272727272727273,0.7090909090909091,0.790909090909091,0.7424242424242425,0.0350782936448189,278,0.6190476190476191,0.7142857142857143,0.7142857142857143,0.6825396825396827,0.04489566864676491,190
0.15665817260742188,0.05357912547442513,0.010744333267211914,0.00042839234467209863,,10.0,200,2,l2,42,lbfgs,1e-08,SimpleImputer(strategy='median'),SelectKBest(score_func=<function mutual_info_classif at 0x766691e17420>),7,,"{'balance': None, 'classify__C': 10.0, 'classify__max_iter': 200, 'classify__n_jobs': 2, 'classify__penalty': 'l2', 'classify__random_state': 42, 'classify__solver': 'lbfgs', 'classify__tol': 1e-08, 'impute': SimpleImputer(strategy='median'), 'select': SelectKBest(score_func=<function mutual_info_classif at 0x766691e17420>), 'select__k': 7, 'transform': None}",0.6190476190476191,0.6936813186813188,0.712987012987013,0.6752386502386503,0.04050721292058003,218,0.7272727272727273,0.7090909090909091,0.790909090909091,0.7424242424242425,0.0350782936448189,278,0.6190476190476191,0.7142857142857143,0.7142857142857143,0.6825396825396827,0.04489566864676491,190
0.09531132380167644,0.013044746384961501,0.008559226989746094,0.000173788773953003,,10.0,2000,2,l2,42,lbfgs,0.0001,,SelectKBest(score_func=<function mutual_info_classif at 0x766691e17420>),7,,"{'balance': None, 'classify__C': 10.0, 'classify__max_iter': 2000, 'classify__n_jobs': 2, 'classify__penalty': 'l2', 'classify__random_state': 42, 'classify__solver': 'lbfgs', 'classify__tol': 0.0001, 'impute': None, 'select': SelectKBest(score_func=<function mutual_info_classif at 0x766691e17420>), 'select__k': 7, 'transform': None}",0.6190476190476191,0.6936813186813188,0.712987012987013,0.6752386502386503,0.04050721292058003,218,0.7272727272727273,0.7090909090909091,0.790909090909091,0.7424242424242425,0.0350782936448189,278,0.6190476190476191,0.7142857142857143,0.7142857142857143,0.6825396825396827,0.04489566864676491,190
0.1925797462463379,0.04465530540644362,0.020148754119873047,0.010738170700856265,,10.0,1000,2,l2,42,lbfgs,0.0001,,SelectKBest(score_func=<function mutual_info_classif at 0x766691e17420>),7,,"{'balance': None, 'classify__C': 10.0, 'classify__max_iter': 1000, 'classify__n_jobs': 2, 'classify__penalty': 'l2', 'classify__random_state': 42, 'classify__solver': 'lbfgs', 'classify__tol': 0.0001, 'impute': None, 'select': SelectKBest(score_func=<function mutual_info_classif at 0x766691e17420>), 'select__k': 7, 'transform': None}",0.6190476190476191,0.6936813186813188,0.712987012987013,0.6752386502386503,0.04050721292058003,218,0.7272727272727273,0.7090909090909091,0.790909090909091,0.7424242424242425,0.0350782936448189,278,0.6190476190476191,0.7142857142857143,0.7142857142857143,0.6825396825396827,0.04489566864676491,190
0.26030484835306805,0.059354512951893965,0.03553152084350586,0.012848521828051572,,10.0,2000,2,l2,42,lbfgs,1e-06,SimpleImputer(strategy='median'),SelectKBest(score_func=<function mutual_info_classif at 0x766691e17420>),7,,"{'balance': None, 'classify__C': 10.0, 'classify__max_iter': 2000, 'classify__n_jobs': 2, 'classify__penalty': 'l2', 'classify__random_state': 42, 'classify__solver': 'lbfgs', 'classify__tol': 1e-06, 'impute': SimpleImputer(strategy='median'), 'select': SelectKBest(score_func=<function mutual_info_classif at 0x766691e17420>), 'select__k': 7, 'transform': None}",0.6190476190476191,0.6936813186813188,0.712987012987013,0.6752386502386503,0.04050721292058003,218,0.7272727272727273,0.7090909090909091,0.790909090909091,0.7424242424242425,0.0350782936448189,278,0.6190476190476191,0.7142857142857143,0.7142857142857143,0.6825396825396827,0.04489566864676491,190
0.12885101636250815,0.019997512221592975,0.009659449259440104,0.00021453383099505411,,10.0,2000,2,l2,42,lbfgs,0.0001,SimpleImputer(strategy='median'),SelectKBest(score_func=<function mutual_info_classif at 0x766691e17420>),7,,"{'balance': None, 'classify__C': 10.0, 'classify__max_iter': 2000, 'classify__n_jobs': 2, 'classify__penalty': 'l2', 'classify__random_state': 42, 'classify__solver': 'lbfgs', 'classify__tol': 0.0001, 'impute': SimpleImputer(strategy='median'), 'select': SelectKBest(score_func=<function mutual_info_classif at 0x766691e17420>), 'select__k': 7, 'transform': None}",0.6190476190476191,0.6936813186813188,0.712987012987013,0.6752386502386503,0.04050721292058003,218,0.7272727272727273,0.7090909090909091,0.790909090909091,0.7424242424242425,0.0350782936448189,278,0.6190476190476191,0.7142857142857143,0.7142857142857143,0.6825396825396827,0.04489566864676491,190
0.2295835018157959,0.04062598218996186,0.014839808146158854,0.006825351744773571,,10.0,500,2,l2,42,lbfgs,1e-08,SimpleImputer(strategy='median'),SelectKBest(score_func=<function mutual_info_classif at 0x766691e17420>),9,,"{'balance': None, 'classify__C': 10.0, 'classify__max_iter': 500, 'classify__n_jobs': 2, 'classify__penalty': 'l2', 'classify__random_state': 42, 'classify__solver': 'lbfgs', 'classify__tol': 1e-08, 'impute': SimpleImputer(strategy='median'), 'select': SelectKBest(score_func=<function mutual_info_classif at 0x766691e17420>), 'select__k': 9, 'transform': None}",0.6651411136536994,0.6936813186813188,0.6666666666666666,0.6751630330005617,0.013109208122904678,248,0.7727272727272727,0.8181818181818181,0.790909090909091,0.793939393939394,0.0186800424332393,91,0.6666666666666666,0.7142857142857143,0.6666666666666666,0.6825396825396824,0.022447834323382487,220
0.1602470874786377,0.07581252126118959,0.01754172643025716,0.005452496639002592,,10.0,500,2,l2,42,lbfgs,1e-06,SimpleImputer(strategy='median'),SelectKBest(score_func=<function mutual_info_classif at 0x766691e17420>),9,,"{'balance': None, 'classify__C': 10.0, 'classify__max_iter': 500, 'classify__n_jobs': 2, 'classify__penalty': 'l2', 'classify__random_state': 42, 'classify__solver': 'lbfgs', 'classify__tol': 1e-06, 'impute': SimpleImputer(strategy='median'), 'select': SelectKBest(score_func=<function mutual_info_classif at 0x766691e17420>), 'select__k': 9, 'transform': None}",0.6651411136536994,0.6936813186813188,0.6666666666666666,0.6751630330005617,0.013109208122904678,248,0.7727272727272727,0.8181818181818181,0.790909090909091,0.793939393939394,0.0186800424332393,91,0.6666666666666666,0.7142857142857143,0.6666666666666666,0.6825396825396824,0.022447834323382487,220
0.3433098793029785,0.09384524297335607,0.02660671869913737,0.0033501910478744355,,10.0,100,2,l2,42,lbfgs,1e-08,SimpleImputer(strategy='median'),SelectKBest(score_func=<function mutual_info_classif at 0x766691e17420>),9,,"{'balance': None, 'classify__C': 10.0, 'classify__max_iter': 100, 'classify__n_jobs': 2, 'classify__penalty': 'l2', 'classify__random_state': 42, 'classify__solver': 'lbfgs', 'classify__tol': 1e-08, 'impute': SimpleImputer(strategy='median'), 'select': SelectKBest(score_func=<function mutual_info_classif at 0x766691e17420>), 'select__k': 9, 'transform': None}",0.6651411136536994,0.6936813186813188,0.6666666666666666,0.6751630330005617,0.013109208122904678,248,0.7727272727272727,0.8181818181818181,0.790909090909091,0.793939393939394,0.0186800424332393,91,0.6666666666666666,0.7142857142857143,0.6666666666666666,0.6825396825396824,0.022447834323382487,220
0.39666199684143066,0.08246419062307377,0.021694024403889973,0.004887219951970472,,10.0,100,2,l2,42,lbfgs,1e-08,,SelectKBest(score_func=<function mutual_info_classif at 0x766691e17420>),9,,"{'balance': None, 'classify__C': 10.0, 'classify__max_iter': 100, 'classify__n_jobs': 2, 'classify__penalty': 'l2', 'classify__random_state': 42, 'classify__solver': 'lbfgs', 'classify__tol': 1e-08, 'impute': None, 'select': SelectKBest(score_func=<function mutual_info_classif at 0x766691e17420>), 'select__k': 9, 'transform': None}",0.6651411136536994,0.6936813186813188,0.6666666666666666,0.6751630330005617,0.013109208122904678,248,0.7727272727272727,0.8181818181818181,0.790909090909091,0.793939393939394,0.0186800424332393,91,0.6666666666666666,0.7142857142857143,0.6666666666666666,0.6825396825396824,0.022447834323382487,220
0.10370135307312012,0.016387062470655633,0.008475542068481445,0.0007925879895756222,,10.0,200,2,l2,42,lbfgs,0.0001,,SelectKBest(score_func=<function mutual_info_classif at 0x766691e17420>),9,,"{'balance': None, 'classify__C': 10.0, 'classify__max_iter': 200, 'classify__n_jobs': 2, 'classify__penalty': 'l2', 'classify__random_state': 42, 'classify__solver': 'lbfgs', 'classify__tol': 0.0001, 'impute': None, 'select': SelectKBest(score_func=<function mutual_info_classif at 0x766691e17420>), 'select__k': 9, 'transform': None}",0.6651411136536994,0.6936813186813188,0.6666666666666666,0.6751630330005617,0.013109208122904678,248,0.7727272727272727,0.8181818181818181,0.790909090909091,0.793939393939394,0.0186800424332393,91,0.6666666666666666,0.7142857142857143,0.6666666666666666,0.6825396825396824,0.022447834323382487,220
0.25580565134684247,0.04343669874772283,0.016732056935628254,0.005371520114188783,,10.0,200,2,l2,42,lbfgs,1e-08,SimpleImputer(strategy='median'),SelectKBest(score_func=<function mutual_info_classif at 0x766691e17420>),9,,"{'balance': None, 'classify__C': 10.0, 'classify__max_iter': 200, 'classify__n_jobs': 2, 'classify__penalty': 'l2', 'classify__random_state': 42, 'classify__solver': 'lbfgs', 'classify__tol': 1e-08, 'impute': SimpleImputer(strategy='median'), 'select': SelectKBest(score_func=<function mutual_info_classif at 0x766691e17420>), 'select__k': 9, 'transform': None}",0.6651411136536994,0.6936813186813188,0.6666666666666666,0.6751630330005617,0.013109208122904678,248,0.7727272727272727,0.8181818181818181,0.790909090909091,0.793939393939394,0.0186800424332393,91,0.6666666666666666,0.7142857142857143,0.6666666666666666,0.6825396825396824,0.022447834323382487,220
0.21105035146077475,0.009391183619767152,0.0169680118560791,0.0017674980688253332,,10.0,200,2,l2,42,lbfgs,1e-06,,SelectKBest(score_func=<function mutual_info_classif at 0x766691e17420>),9,,"{'balance': None, 'classify__C': 10.0, 'classify__max_iter': 200, 'classify__n_jobs': 2, 'classify__penalty': 'l2', 'classify__random_state': 42, 'classify__solver': 'lbfgs', 'classify__tol': 1e-06, 'impute': None, 'select': SelectKBest(score_func=<function mutual_info_classif at 0x766691e17420>), 'select__k': 9, 'transform': None}",0.6651411136536994,0.6936813186813188,0.6666666666666666,0.6751630330005617,0.013109208122904678,248,0.7727272727272727,0.8181818181818181,0.790909090909091,0.793939393939394,0.0186800424332393,91,0.6666666666666666,0.7142857142857143,0.6666666666666666,0.6825396825396824,0.022447834323382487,220
0.2310637633005778,0.07490469960439901,0.02197869618733724,0.009006289017405746,,10.0,200,2,l2,42,lbfgs,1e-06,SimpleImputer(strategy='median'),SelectKBest(score_func=<function mutual_info_classif at 0x766691e17420>),9,,"{'balance': None, 'classify__C': 10.0, 'classify__max_iter': 200, 'classify__n_jobs': 2, 'classify__penalty': 'l2', 'classify__random_state': 42, 'classify__solver': 'lbfgs', 'classify__tol': 1e-06, 'impute': SimpleImputer(strategy='median'), 'select': SelectKBest(score_func=<function mutual_info_classif at 0x766691e17420>), 'select__k': 9, 'transform': None}",0.6651411136536994,0.6936813186813188,0.6666666666666666,0.6751630330005617,0.013109208122904678,248,0.7727272727272727,0.8181818181818181,0.790909090909091,0.793939393939394,0.0186800424332393,91,0.6666666666666666,0.7142857142857143,0.6666666666666666,0.6825396825396824,0.022447834323382487,220
0.15701786677042642,0.013548985124485617,0.009082794189453125,0.0002565996133625587,,10.0,500,2,l2,42,lbfgs,1e-06,,SelectKBest(score_func=<function mutual_info_classif at 0x766691e17420>),9,,"{'balance': None, 'classify__C': 10.0, 'classify__max_iter': 500, 'classify__n_jobs': 2, 'classify__penalty': 'l2', 'classify__random_state': 42, 'classify__solver': 'lbfgs', 'classify__tol': 1e-06, 'impute': None, 'select': SelectKBest(score_func=<function mutual_info_classif at 0x766691e17420>), 'select__k': 9, 'transform': None}",0.6651411136536994,0.6936813186813188,0.6666666666666666,0.6751630330005617,0.013109208122904678,248,0.7727272727272727,0.8181818181818181,0.790909090909091,0.793939393939394,0.0186800424332393,91,0.6666666666666666,0.7142857142857143,0.6666666666666666,0.6825396825396824,0.022447834323382487,220
0.16166090965270996,0.04918056239836544,0.012859821319580078,0.004784113077817677,,10.0,500,2,l2,42,lbfgs,1e-08,,SelectKBest(score_func=<function mutual_info_classif at 0x766691e17420>),9,,"{'balance': None, 'classify__C': 10.0, 'classify__max_iter': 500, 'classify__n_jobs': 2, 'classify__penalty': 'l2', 'classify__random_state': 42, 'classify__solver': 'lbfgs', 'classify__tol': 1e-08, 'impute': None, 'select': SelectKBest(score_func=<function mutual_info_classif at 0x766691e17420>), 'select__k': 9, 'transform': None}",0.6651411136536994,0.6936813186813188,0.6666666666666666,0.6751630330005617,0.013109208122904678,248,0.7727272727272727,0.8181818181818181,0.790909090909091,0.793939393939394,0.0186800424332393,91,0.6666666666666666,0.7142857142857143,0.6666666666666666,0.6825396825396824,0.022447834323382487,220
0.3854515552520752,0.09574335681188333,0.019388516743977863,0.007589040781050672,,10.0,200,2,l2,42,lbfgs,1e-08,,SelectKBest(score_func=<function mutual_info_classif at 0x766691e17420>),9,,"{'balance': None, 'classify__C': 10.0, 'classify__max_iter': 200, 'classify__n_jobs': 2, 'classify__penalty': 'l2', 'classify__random_state': 42, 'classify__solver': 'lbfgs', 'classify__tol': 1e-08, 'impute': None, 'select': SelectKBest(score_func=<function mutual_info_classif at 0x766691e17420>), 'select__k': 9, 'transform': None}",0.6651411136536994,0.6936813186813188,0.6666666666666666,0.6751630330005617,0.013109208122904678,248,0.7727272727272727,0.8181818181818181,0.790909090909091,0.793939393939394,0.0186800424332393,91,0.6666666666666666,0.7142857142857143,0.6666666666666666,0.6825396825396824,0.022447834323382487,220
0.257277250289917,0.07391584903795598,0.02253301938374837,0.009980899934630832,,10.0,1000,2,l2,42,lbfgs,1e-06,,SelectKBest(score_func=<function mutual_info_classif at 0x766691e17420>),9,,"{'balance': None, 'classify__C': 10.0, 'classify__max_iter': 1000, 'classify__n_jobs': 2, 'classify__penalty': 'l2', 'classify__random_state': 42, 'classify__solver': 'lbfgs', 'classify__tol': 1e-06, 'impute': None, 'select': SelectKBest(score_func=<function mutual_info_classif at 0x766691e17420>), 'select__k': 9, 'transform': None}",0.6651411136536994,0.6936813186813188,0.6666666666666666,0.6751630330005617,0.013109208122904678,248,0.7727272727272727,0.8181818181818181,0.790909090909091,0.793939393939394,0.0186800424332393,91,0.6666666666666666,0.7142857142857143,0.6666666666666666,0.6825396825396824,0.022447834323382487,220
0.309916893641154,0.08687961454928428,0.013729174931844076,0.005353650162635088,,10.0,2000,2,l2,42,lbfgs,1e-08,SimpleImputer(strategy='median'),SelectKBest(score_func=<function mutual_info_classif at 0x766691e17420>),9,,"{'balance': None, 'classify__C': 10.0, 'classify__max_iter': 2000, 'classify__n_jobs': 2, 'classify__penalty': 'l2', 'classify__random_state': 42, 'classify__solver': 'lbfgs', 'classify__tol': 1e-08, 'impute': SimpleImputer(strategy='median'), 'select': SelectKBest(score_func=<function mutual_info_classif at 0x766691e17420>), 'select__k': 9, 'transform': None}",0.6651411136536994,0.6936813186813188,0.6666666666666666,0.6751630330005617,0.013109208122904678,248,0.7727272727272727,0.8181818181818181,0.790909090909091,0.793939393939394,0.0186800424332393,91,0.6666666666666666,0.7142857142857143,0.6666666666666666,0.6825396825396824,0.022447834323382487,220
0.18750214576721191,0.04923271458114092,0.024161259333292644,0.011285973122338732,,10.0,500,2,l2,42,lbfgs,0.0001,,SelectKBest(score_func=<function mutual_info_classif at 0x766691e17420>),9,,"{'balance': None, 'classify__C': 10.0, 'classify__max_iter': 500, 'classify__n_jobs': 2, 'classify__penalty': 'l2', 'classify__random_state': 42, 'classify__solver': 'lbfgs', 'classify__tol': 0.0001, 'impute': None, 'select': SelectKBest(score_func=<function mutual_info_classif at 0x766691e17420>), 'select__k': 9, 'transform': None}",0.6651411136536994,0.6936813186813188,0.6666666666666666,0.6751630330005617,0.013109208122904678,248,0.7727272727272727,0.8181818181818181,0.790909090909091,0.793939393939394,0.0186800424332393,91,0.6666666666666666,0.7142857142857143,0.6666666666666666,0.6825396825396824,0.022447834323382487,220
0.12043484052022298,0.06166405812107446,0.009525775909423828,0.00024340057651549388,,10.0,500,2,l2,42,lbfgs,0.0001,SimpleImputer(strategy='median'),SelectKBest(score_func=<function mutual_info_classif at 0x766691e17420>),9,,"{'balance': None, 'classify__C': 10.0, 'classify__max_iter': 500, 'classify__n_jobs': 2, 'classify__penalty': 'l2', 'classify__random_state': 42, 'classify__solver': 'lbfgs', 'classify__tol': 0.0001, 'impute': SimpleImputer(strategy='median'), 'select': SelectKBest(score_func=<function mutual_info_classif at 0x766691e17420>), 'select__k': 9, 'transform': None}",0.6651411136536994,0.6936813186813188,0.6666666666666666,0.6751630330005617,0.013109208122904678,248,0.7727272727272727,0.8181818181818181,0.790909090909091,0.793939393939394,0.0186800424332393,91,0.6666666666666666,0.7142857142857143,0.6666666666666666,0.6825396825396824,0.022447834323382487,220
0.18675104777018228,0.04511792121368374,0.024427493413289387,0.014021187179390637,,10.0,2000,2,l2,42,lbfgs,1e-06,,SelectKBest(score_func=<function mutual_info_classif at 0x766691e17420>),9,,"{'balance': None, 'classify__C': 10.0, 'classify__max_iter': 2000, 'classify__n_jobs': 2, 'classify__penalty': 'l2', 'classify__random_state': 42, 'classify__solver': 'lbfgs', 'classify__tol': 1e-06, 'impute': None, 'select': SelectKBest(score_func=<function mutual_info_classif at 0x766691e17420>), 'select__k': 9, 'transform': None}",0.6651411136536994,0.6936813186813188,0.6666666666666666,0.6751630330005617,0.013109208122904678,248,0.7727272727272727,0.8181818181818181,0.790909090909091,0.793939393939394,0.0186800424332393,91,0.6666666666666666,0.7142857142857143,0.6666666666666666,0.6825396825396824,0.022447834323382487,220
0.3885921637217204,0.027205480662052414,0.027552366256713867,0.003981207017289426,,10.0,2000,2,l2,42,lbfgs,1e-08,,SelectKBest(score_func=<function mutual_info_classif at 0x766691e17420>),9,,"{'balance': None, 'classify__C': 10.0, 'classify__max_iter': 2000, 'classify__n_jobs': 2, 'classify__penalty': 'l2', 'classify__random_state': 42, 'classify__solver': 'lbfgs', 'classify__tol': 1e-08, 'impute': None, 'select': SelectKBest(score_func=<function mutual_info_classif at 0x766691e17420>), 'select__k': 9, 'transform': None}",0.6651411136536994,0.6936813186813188,0.6666666666666666,0.6751630330005617,0.013109208122904678,248,0.7727272727272727,0.8181818181818181,0.790909090909091,0.793939393939394,0.0186800424332393,91,0.6666666666666666,0.7142857142857143,0.6666666666666666,0.6825396825396824,0.022447834323382487,220
0.21355390548706055,0.06033070100902042,0.025702397028605144,0.0007319986822135361,,10.0,1000,2,l2,42,lbfgs,0.0001,SimpleImputer(strategy='median'),SelectKBest(score_func=<function mutual_info_classif at 0x766691e17420>),9,,"{'balance': None, 'classify__C': 10.0, 'classify__max_iter': 1000, 'classify__n_jobs': 2, 'classify__penalty': 'l2', 'classify__random_state': 42, 'classify__solver': 'lbfgs', 'classify__tol': 0.0001, 'impute': SimpleImputer(strategy='median'), 'select': SelectKBest(score_func=<function mutual_info_classif at 0x766691e17420>), 'select__k': 9, 'transform': None}",0.6651411136536994,0.6936813186813188,0.6666666666666666,0.6751630330005617,0.013109208122904678,248,0.7727272727272727,0.8181818181818181,0.790909090909091,0.793939393939394,0.0186800424332393,91,0.6666666666666666,0.7142857142857143,0.6666666666666666,0.6825396825396824,0.022447834323382487,220
0.12413525581359863,0.02036223163037883,0.012412071228027344,0.001569034003476631,,10.0,200,2,l2,42,lbfgs,0.0001,SimpleImputer(strategy='median'),SelectKBest(score_func=<function mutual_info_classif at 0x766691e17420>),9,,"{'balance': None, 'classify__C': 10.0, 'classify__max_iter': 200, 'classify__n_jobs': 2, 'classify__penalty': 'l2', 'classify__random_state': 42, 'classify__solver': 'lbfgs', 'classify__tol': 0.0001, 'impute': SimpleImputer(strategy='median'), 'select': SelectKBest(score_func=<function mutual_info_classif at 0x766691e17420>), 'select__k': 9, 'transform': None}",0.6651411136536994,0.6936813186813188,0.6666666666666666,0.6751630330005617,0.013109208122904678,248,0.7727272727272727,0.8181818181818181,0.790909090909091,0.793939393939394,0.0186800424332393,91,0.6666666666666666,0.7142857142857143,0.6666666666666666,0.6825396825396824,0.022447834323382487,220
0.2363454500834147,0.11741824267773926,0.017035802205403645,0.008986913632037226,,10.0,1000,2,l2,42,lbfgs,1e-06,SimpleImputer(strategy='median'),SelectKBest(score_func=<function mutual_info_classif at 0x766691e17420>),9,,"{'balance': None, 'classify__C': 10.0, 'classify__max_iter': 1000, 'classify__n_jobs': 2, 'classify__penalty': 'l2', 'classify__random_state': 42, 'classify__solver': 'lbfgs', 'classify__tol': 1e-06, 'impute': SimpleImputer(strategy='median'), 'select': SelectKBest(score_func=<function mutual_info_classif at 0x766691e17420>), 'select__k': 9, 'transform': None}",0.6651411136536994,0.6936813186813188,0.6666666666666666,0.6751630330005617,0.013109208122904678,248,0.7727272727272727,0.8181818181818181,0.790909090909091,0.793939393939394,0.0186800424332393,91,0.6666666666666666,0.7142857142857143,0.6666666666666666,0.6825396825396824,0.022447834323382487,220
0.3205619653065999,0.09231618441219624,0.015616257985432943,0.00035114431720523523,,10.0,1000,2,l2,42,lbfgs,1e-08,SimpleImputer(strategy='median'),SelectKBest(score_func=<function mutual_info_classif at 0x766691e17420>),9,,"{'balance': None, 'classify__C': 10.0, 'classify__max_iter': 1000, 'classify__n_jobs': 2, 'classify__penalty': 'l2', 'classify__random_state': 42, 'classify__solver': 'lbfgs', 'classify__tol': 1e-08, 'impute': SimpleImputer(strategy='median'), 'select': SelectKBest(score_func=<function mutual_info_classif at 0x766691e17420>), 'select__k': 9, 'transform': None}",0.6651411136536994,0.6936813186813188,0.6666666666666666,0.6751630330005617,0.013109208122904678,248,0.7727272727272727,0.8181818181818181,0.790909090909091,0.793939393939394,0.0186800424332393,91,0.6666666666666666,0.7142857142857143,0.6666666666666666,0.6825396825396824,0.022447834323382487,220
0.23697241147359213,0.0441498174845636,0.0163876215616862,0.0028381952664540697,,10.0,1000,2,l2,42,lbfgs,1e-08,,SelectKBest(score_func=<function mutual_info_classif at 0x766691e17420>),9,,"{'balance': None, 'classify__C': 10.0, 'classify__max_iter': 1000, 'classify__n_jobs': 2, 'classify__penalty': 'l2', 'classify__random_state': 42, 'classify__solver': 'lbfgs', 'classify__tol': 1e-08, 'impute': None, 'select': SelectKBest(score_func=<function mutual_info_classif at 0x766691e17420>), 'select__k': 9, 'transform': None}",0.6651411136536994,0.6936813186813188,0.6666666666666666,0.6751630330005617,0.013109208122904678,248,0.7727272727272727,0.8181818181818181,0.790909090909091,0.793939393939394,0.0186800424332393,91,0.6666666666666666,0.7142857142857143,0.6666666666666666,0.6825396825396824,0.022447834323382487,220
0.2901025613149007,0.040408179297821006,0.018075227737426758,0.0003816894554075445,,10.0,100,2,l2,42,lbfgs,1e-06,,SelectKBest(score_func=<function mutual_info_classif at 0x766691e17420>),9,,"{'balance': None, 'classify__C': 10.0, 'classify__max_iter': 100, 'classify__n_jobs': 2, 'classify__penalty': 'l2', 'classify__random_state': 42, 'classify__solver': 'lbfgs', 'classify__tol': 1e-06, 'impute': None, 'select': SelectKBest(score_func=<function mutual_info_classif at 0x766691e17420>), 'select__k': 9, 'transform': None}",0.6651411136536994,0.6936813186813188,0.6666666666666666,0.6751630330005617,0.013109208122904678,248,0.7727272727272727,0.8181818181818181,0.790909090909091,0.793939393939394,0.0186800424332393,91,0.6666666666666666,0.7142857142857143,0.6666666666666666,0.6825396825396824,0.022447834323382487,220
0.23641753196716309,0.04800505312481167,0.02622644106547038,0.0072858836674762435,,10.0,100,2,l2,42,lbfgs,0.0001,,SelectKBest(score_func=<function mutual_info_classif at 0x766691e17420>),9,,"{'balance': None, 'classify__C': 10.0, 'classify__max_iter': 100, 'classify__n_jobs': 2, 'classify__penalty': 'l2', 'classify__random_state': 42, 'classify__solver': 'lbfgs', 'classify__tol': 0.0001, 'impute': None, 'select': SelectKBest(score_func=<function mutual_info_classif at 0x766691e17420>), 'select__k': 9, 'transform': None}",0.6651411136536994,0.6936813186813188,0.6666666666666666,0.6751630330005617,0.013109208122904678,248,0.7727272727272727,0.8181818181818181,0.790909090909091,0.793939393939394,0.0186800424332393,91,0.6666666666666666,0.7142857142857143,0.6666666666666666,0.6825396825396824,0.022447834323382487,220
0.26579729715983075,0.03115090597767851,0.01703190803527832,0.005545592639416239,,10.0,100,2,l2,42,lbfgs,1e-06,SimpleImputer(strategy='median'),SelectKBest(score_func=<function mutual_info_classif at 0x766691e17420>),9,,"{'balance': None, 'classify__C': 10.0, 'classify__max_iter': 100, 'classify__n_jobs': 2, 'classify__penalty': 'l2', 'classify__random_state': 42, 'classify__solver': 'lbfgs', 'classify__tol': 1e-06, 'impute': SimpleImputer(strategy='median'), 'select': SelectKBest(score_func=<function mutual_info_classif at 0x766691e17420>), 'select__k': 9, 'transform': None}",0.6651411136536994,0.6936813186813188,0.6666666666666666,0.6751630330005617,0.013109208122904678,248,0.7727272727272727,0.8181818181818181,0.790909090909091,0.793939393939394,0.0186800424332393,91,0.6666666666666666,0.7142857142857143,0.6666666666666666,0.6825396825396824,0.022447834323382487,220
0.28274035453796387,0.10871405656523869,0.03151345252990723,0.01121609317137193,,10.0,100,2,l2,42,lbfgs,0.0001,SimpleImputer(strategy='median'),SelectKBest(score_func=<function mutual_info_classif at 0x766691e17420>),9,,"{'balance': None, 'classify__C': 10.0, 'classify__max_iter': 100, 'classify__n_jobs': 2, 'classify__penalty': 'l2', 'classify__random_state': 42, 'classify__solver': 'lbfgs', 'classify__tol': 0.0001, 'impute': SimpleImputer(strategy='median'), 'select': SelectKBest(score_func=<function mutual_info_classif at 0x766691e17420>), 'select__k': 9, 'transform': None}",0.6651411136536994,0.6936813186813188,0.6666666666666666,0.6751630330005617,0.013109208122904678,248,0.7727272727272727,0.8181818181818181,0.790909090909091,0.793939393939394,0.0186800424332393,91,0.6666666666666666,0.7142857142857143,0.6666666666666666,0.6825396825396824,0.022447834323382487,220
0.22635332743326822,0.05596988423024401,0.028261343638102215,0.015585376055522772,,10.0,1000,2,l2,42,lbfgs,0.0001,,SelectKBest(score_func=<function mutual_info_classif at 0x766691e17420>),9,,"{'balance': None, 'classify__C': 10.0, 'classify__max_iter': 1000, 'classify__n_jobs': 2, 'classify__penalty': 'l2', 'classify__random_state': 42, 'classify__solver': 'lbfgs', 'classify__tol': 0.0001, 'impute': None, 'select': SelectKBest(score_func=<function mutual_info_classif at 0x766691e17420>), 'select__k': 9, 'transform': None}",0.6651411136536994,0.6936813186813188,0.6666666666666666,0.6751630330005617,0.013109208122904678,248,0.7727272727272727,0.8181818181818181,0.790909090909091,0.793939393939394,0.0186800424332393,91,0.6666666666666666,0.7142857142857143,0.6666666666666666,0.6825396825396824,0.022447834323382487,220
0.2849247455596924,0.07652727792305426,0.025551637013753254,0.008845147864762473,,10.0,2000,2,l2,42,lbfgs,1e-06,SimpleImputer(strategy='median'),SelectKBest(score_func=<function mutual_info_classif at 0x766691e17420>),9,,"{'balance': None, 'classify__C': 10.0, 'classify__max_iter': 2000, 'classify__n_jobs': 2, 'classify__penalty': 'l2', 'classify__random_state': 42, 'classify__solver': 'lbfgs', 'classify__tol': 1e-06, 'impute': SimpleImputer(strategy='median'), 'select': SelectKBest(score_func=<function mutual_info_classif at 0x766691e17420>), 'select__k': 9, 'transform': None}",0.6651411136536994,0.6936813186813188,0.6666666666666666,0.6751630330005617,0.013109208122904678,248,0.7727272727272727,0.8181818181818181,0.790909090909091,0.793939393939394,0.0186800424332393,91,0.6666666666666666,0.7142857142857143,0.6666666666666666,0.6825396825396824,0.022447834323382487,220
0.10828773180643718,0.015150835919463238,0.013193051020304361,0.005024415111194653,,10.0,2000,2,l2,42,lbfgs,0.0001,SimpleImputer(strategy='median'),SelectKBest(score_func=<function mutual_info_classif at 0x766691e17420>),9,,"{'balance': None, 'classify__C': 10.0, 'classify__max_iter': 2000, 'classify__n_jobs': 2, 'classify__penalty': 'l2', 'classify__random_state': 42, 'classify__solver': 'lbfgs', 'classify__tol': 0.0001, 'impute': SimpleImputer(strategy='median'), 'select': SelectKBest(score_func=<function mutual_info_classif at 0x766691e17420>), 'select__k': 9, 'transform': None}",0.6651411136536994,0.6936813186813188,0.6666666666666666,0.6751630330005617,0.013109208122904678,248,0.7727272727272727,0.8181818181818181,0.790909090909091,0.793939393939394,0.0186800424332393,91,0.6666666666666666,0.7142857142857143,0.6666666666666666,0.6825396825396824,0.022447834323382487,220
0.1883567969004313,0.07168839328648546,0.015482743581136068,0.004830163594926903,,10.0,2000,2,l2,42,lbfgs,0.0001,,SelectKBest(score_func=<function mutual_info_classif at 0x766691e17420>),9,,"{'balance': None, 'classify__C': 10.0, 'classify__max_iter': 2000, 'classify__n_jobs': 2, 'classify__penalty': 'l2', 'classify__random_state': 42, 'classify__solver': 'lbfgs', 'classify__tol': 0.0001, 'impute': None, 'select': SelectKBest(score_func=<function mutual_info_classif at 0x766691e17420>), 'select__k': 9, 'transform': None}",0.6651411136536994,0.6936813186813188,0.6666666666666666,0.6751630330005617,0.013109208122904678,248,0.7727272727272727,0.8181818181818181,0.790909090909091,0.793939393939394,0.0186800424332393,91,0.6666666666666666,0.7142857142857143,0.6666666666666666,0.6825396825396824,0.022447834323382487,220
0.09834694862365723,0.050206752649658716,0.018920024236043293,0.00792572100446328,,0.01,100,2,l2,42,lbfgs,1e-08,SimpleImputer(strategy='median'),SelectKBest(score_func=<function mutual_info_classif at 0x766691e17420>),9,,"{'balance': None, 'classify__C': 0.01, 'classify__max_iter': 100, 'classify__n_jobs': 2, 'classify__penalty': 'l2', 'classify__random_state': 42, 'classify__solver': 'lbfgs', 'classify__tol': 1e-08, 'impute': SimpleImputer(strategy='median'), 'select': SelectKBest(score_func=<function mutual_info_classif at 0x766691e17420>), 'select__k': 9, 'transform': None}",0.7005494505494505,0.7551820728291316,0.5593277310924369,0.6716864181570065,0.08252085301483482,278,0.8,0.8090909090909091,0.8,0.8030303030303031,0.004285495643554809,31,0.7142857142857143,0.7619047619047619,0.5714285714285714,0.6825396825396824,0.08093681767607595,220
0.11501344045003255,0.04287539573145008,0.02513861656188965,0.011625463538468031,,0.01,100,2,l2,42,lbfgs,1e-08,,SelectKBest(score_func=<function mutual_info_classif at 0x766691e17420>),9,,"{'balance': None, 'classify__C': 0.01, 'classify__max_iter': 100, 'classify__n_jobs': 2, 'classify__penalty': 'l2', 'classify__random_state': 42, 'classify__solver': 'lbfgs', 'classify__tol': 1e-08, 'impute': None, 'select': SelectKBest(score_func=<function mutual_info_classif at 0x766691e17420>), 'select__k': 9, 'transform': None}",0.7005494505494505,0.7551820728291316,0.5593277310924369,0.6716864181570065,0.08252085301483482,278,0.8,0.8090909090909091,0.8,0.8030303030303031,0.004285495643554809,31,0.7142857142857143,0.7619047619047619,0.5714285714285714,0.6825396825396824,0.08093681767607595,220
0.1783301830291748,0.020815585510489558,0.026352326075236004,0.006007561750695846,,0.01,200,2,l2,42,lbfgs,1e-06,SimpleImputer(strategy='median'),SelectKBest(score_func=<function mutual_info_classif at 0x766691e17420>),9,,"{'balance': None, 'classify__C': 0.01, 'classify__max_iter': 200, 'classify__n_jobs': 2, 'classify__penalty': 'l2', 'classify__random_state': 42, 'classify__solver': 'lbfgs', 'classify__tol': 1e-06, 'impute': SimpleImputer(strategy='median'), 'select': SelectKBest(score_func=<function mutual_info_classif at 0x766691e17420>), 'select__k': 9, 'transform': None}",0.7005494505494505,0.7551820728291316,0.5593277310924369,0.6716864181570065,0.08252085301483482,278,0.8,0.8090909090909091,0.8,0.8030303030303031,0.004285495643554809,31,0.7142857142857143,0.7619047619047619,0.5714285714285714,0.6825396825396824,0.08093681767607595,220
0.07648889223734538,0.016459982136061146,0.014064868291219076,0.004652108034931565,,0.01,100,2,l2,42,lbfgs,0.0001,,SelectKBest(score_func=<function mutual_info_classif at 0x766691e17420>),9,,"{'balance': None, 'classify__C': 0.01, 'classify__max_iter': 100, 'classify__n_jobs': 2, 'classify__penalty': 'l2', 'classify__random_state': 42, 'classify__solver': 'lbfgs', 'classify__tol': 0.0001, 'impute': None, 'select': SelectKBest(score_func=<function mutual_info_classif at 0x766691e17420>), 'select__k': 9, 'transform': None}",0.7005494505494505,0.7551820728291316,0.5593277310924369,0.6716864181570065,0.08252085301483482,278,0.8,0.8090909090909091,0.8,0.8030303030303031,0.004285495643554809,31,0.7142857142857143,0.7619047619047619,0.5714285714285714,0.6825396825396824,0.08093681767607595,220
0.1536092758178711,0.025276379452306173,0.024182717005411785,0.004131885941062768,,0.01,2000,2,l2,42,lbfgs,1e-06,,SelectKBest(score_func=<function mutual_info_classif at 0x766691e17420>),9,,"{'balance': None, 'classify__C': 0.01, 'classify__max_iter': 2000, 'classify__n_jobs': 2, 'classify__penalty': 'l2', 'classify__random_state': 42, 'classify__solver': 'lbfgs', 'classify__tol': 1e-06, 'impute': None, 'select': SelectKBest(score_func=<function mutual_info_classif at 0x766691e17420>), 'select__k': 9, 'transform': None}",0.7005494505494505,0.7551820728291316,0.5593277310924369,0.6716864181570065,0.08252085301483482,278,0.8,0.8090909090909091,0.8,0.8030303030303031,0.004285495643554809,31,0.7142857142857143,0.7619047619047619,0.5714285714285714,0.6825396825396824,0.08093681767607595,220
0.09490585327148438,0.01263121808861229,0.013415336608886719,5.5710417964686977e-05,,0.01,2000,2,l2,42,lbfgs,1e-08,SimpleImputer(strategy='median'),SelectKBest(score_func=<function mutual_info_classif at 0x766691e17420>),9,,"{'balance': None, 'classify__C': 0.01, 'classify__max_iter': 2000, 'classify__n_jobs': 2, 'classify__penalty': 'l2', 'classify__random_state': 42, 'classify__solver': 'lbfgs', 'classify__tol': 1e-08, 'impute': SimpleImputer(strategy='median'), 'select': SelectKBest(score_func=<function mutual_info_classif at 0x766691e17420>), 'select__k': 9, 'transform': None}",0.7005494505494505,0.7551820728291316,0.5593277310924369,0.6716864181570065,0.08252085301483482,278,0.8,0.8090909090909091,0.8,0.8030303030303031,0.004285495643554809,31,0.7142857142857143,0.7619047619047619,0.5714285714285714,0.6825396825396824,0.08093681767607595,220
0.13535547256469727,0.05218960863089226,0.02792660395304362,0.012799307234737507,,0.01,1000,2,l2,42,lbfgs,0.0001,SimpleImputer(strategy='median'),SelectKBest(score_func=<function mutual_info_classif at 0x766691e17420>),9,,"{'balance': None, 'classify__C': 0.01, 'classify__max_iter': 1000, 'classify__n_jobs': 2, 'classify__penalty': 'l2', 'classify__random_state': 42, 'classify__solver': 'lbfgs', 'classify__tol': 0.0001, 'impute': SimpleImputer(strategy='median'), 'select': SelectKBest(score_func=<function mutual_info_classif at 0x766691e17420>), 'select__k': 9, 'transform': None}",0.7005494505494505,0.7551820728291316,0.5593277310924369,0.6716864181570065,0.08252085301483482,278,0.8,0.8090909090909091,0.8,0.8030303030303031,0.004285495643554809,31,0.7142857142857143,0.7619047619047619,0.5714285714285714,0.6825396825396824,0.08093681767607595,220
0.15256849924723306,0.01715267544535371,0.019399086634318035,0.004855353469082209,,0.01,2000,2,l2,42,lbfgs,1e-08,,SelectKBest(score_func=<function mutual_info_classif at 0x766691e17420>),9,,"{'balance': None, 'classify__C': 0.01, 'classify__max_iter': 2000, 'classify__n_jobs': 2, 'classify__penalty': 'l2', 'classify__random_state': 42, 'classify__solver': 'lbfgs', 'classify__tol': 1e-08, 'impute': None, 'select': SelectKBest(score_func=<function mutual_info_classif at 0x766691e17420>), 'select__k': 9, 'transform': None}",0.7005494505494505,0.7551820728291316,0.5593277310924369,0.6716864181570065,0.08252085301483482,278,0.8,0.8090909090909091,0.8,0.8030303030303031,0.004285495643554809,31,0.7142857142857143,0.7619047619047619,0.5714285714285714,0.6825396825396824,0.08093681767607595,220
0.1218117078145345,0.032806903897525726,0.018252134323120117,0.001059611778461452,,0.01,1000,2,l2,42,lbfgs,1e-06,,SelectKBest(score_func=<function mutual_info_classif at 0x766691e17420>),9,,"{'balance': None, 'classify__C': 0.01, 'classify__max_iter': 1000, 'classify__n_jobs': 2, 'classify__penalty': 'l2', 'classify__random_state': 42, 'classify__solver': 'lbfgs', 'classify__tol': 1e-06, 'impute': None, 'select': SelectKBest(score_func=<function mutual_info_classif at 0x766691e17420>), 'select__k': 9, 'transform': None}",0.7005494505494505,0.7551820728291316,0.5593277310924369,0.6716864181570065,0.08252085301483482,278,0.8,0.8090909090909091,0.8,0.8030303030303031,0.004285495643554809,31,0.7142857142857143,0.7619047619047619,0.5714285714285714,0.6825396825396824,0.08093681767607595,220
0.1542642911275228,0.041695983761875756,0.02499254544576009,0.008950536620504872,,0.01,1000,2,l2,42,lbfgs,1e-08,SimpleImputer(strategy='median'),SelectKBest(score_func=<function mutual_info_classif at 0x766691e17420>),9,,"{'balance': None, 'classify__C': 0.01, 'classify__max_iter': 1000, 'classify__n_jobs': 2, 'classify__penalty': 'l2', 'classify__random_state': 42, 'classify__solver': 'lbfgs', 'classify__tol': 1e-08, 'impute': SimpleImputer(strategy='median'), 'select': SelectKBest(score_func=<function mutual_info_classif at 0x766691e17420>), 'select__k': 9, 'transform': None}",0.7005494505494505,0.7551820728291316,0.5593277310924369,0.6716864181570065,0.08252085301483482,278,0.8,0.8090909090909091,0.8,0.8030303030303031,0.004285495643554809,31,0.7142857142857143,0.7619047619047619,0.5714285714285714,0.6825396825396824,0.08093681767607595,220
0.11158363024393718,0.017679664122099037,0.01680167516072591,0.01044649333233917,,0.01,1000,2,l2,42,lbfgs,1e-08,,SelectKBest(score_func=<function mutual_info_classif at 0x766691e17420>),9,,"{'balance': None, 'classify__C': 0.01, 'classify__max_iter': 1000, 'classify__n_jobs': 2, 'classify__penalty': 'l2', 'classify__random_state': 42, 'classify__solver': 'lbfgs', 'classify__tol': 1e-08, 'impute': None, 'select': SelectKBest(score_func=<function mutual_info_classif at 0x766691e17420>), 'select__k': 9, 'transform': None}",0.7005494505494505,0.7551820728291316,0.5593277310924369,0.6716864181570065,0.08252085301483482,278,0.8,0.8090909090909091,0.8,0.8030303030303031,0.004285495643554809,31,0.7142857142857143,0.7619047619047619,0.5714285714285714,0.6825396825396824,0.08093681767607595,220
0.11198385556538899,0.021076439418450024,0.01730505625406901,0.005402119628605932,,0.01,500,2,l2,42,lbfgs,1e-06,SimpleImputer(strategy='median'),SelectKBest(score_func=<function mutual_info_classif at 0x766691e17420>),9,,"{'balance': None, 'classify__C': 0.01, 'classify__max_iter': 500, 'classify__n_jobs': 2, 'classify__penalty': 'l2', 'classify__random_state': 42, 'classify__solver': 'lbfgs', 'classify__tol': 1e-06, 'impute': SimpleImputer(strategy='median'), 'select': SelectKBest(score_func=<function mutual_info_classif at 0x766691e17420>), 'select__k': 9, 'transform': None}",0.7005494505494505,0.7551820728291316,0.5593277310924369,0.6716864181570065,0.08252085301483482,278,0.8,0.8090909090909091,0.8,0.8030303030303031,0.004285495643554809,31,0.7142857142857143,0.7619047619047619,0.5714285714285714,0.6825396825396824,0.08093681767607595,220
0.11611032485961914,0.006399572204724629,0.02332139015197754,0.007492640076039744,,0.01,200,2,l2,42,lbfgs,0.0001,SimpleImputer(strategy='median'),SelectKBest(score_func=<function mutual_info_classif at 0x766691e17420>),9,,"{'balance': None, 'classify__C': 0.01, 'classify__max_iter': 200, 'classify__n_jobs': 2, 'classify__penalty': 'l2', 'classify__random_state': 42, 'classify__solver': 'lbfgs', 'classify__tol': 0.0001, 'impute': SimpleImputer(strategy='median'), 'select': SelectKBest(score_func=<function mutual_info_classif at 0x766691e17420>), 'select__k': 9, 'transform': None}",0.7005494505494505,0.7551820728291316,0.5593277310924369,0.6716864181570065,0.08252085301483482,278,0.8,0.8090909090909091,0.8,0.8030303030303031,0.004285495643554809,31,0.7142857142857143,0.7619047619047619,0.5714285714285714,0.6825396825396824,0.08093681767607595,220
0.12987669308980307,0.00873013949783705,0.024085044860839844,0.0108691354194913,,0.01,200,2,l2,42,lbfgs,0.0001,,SelectKBest(score_func=<function mutual_info_classif at 0x766691e17420>),9,,"{'balance': None, 'classify__C': 0.01, 'classify__max_iter': 200, 'classify__n_jobs': 2, 'classify__penalty': 'l2', 'classify__random_state': 42, 'classify__solver': 'lbfgs', 'classify__tol': 0.0001, 'impute': None, 'select': SelectKBest(score_func=<function mutual_info_classif at 0x766691e17420>), 'select__k': 9, 'transform': None}",0.7005494505494505,0.7551820728291316,0.5593277310924369,0.6716864181570065,0.08252085301483482,278,0.8,0.8090909090909091,0.8,0.8030303030303031,0.004285495643554809,31,0.7142857142857143,0.7619047619047619,0.5714285714285714,0.6825396825396824,0.08093681767607595,220
0.11102525393168132,0.04191133131903933,0.010948260625203451,0.003386576820286519,,0.01,500,2,l2,42,lbfgs,1e-08,,SelectKBest(score_func=<function mutual_info_classif at 0x766691e17420>),9,,"{'balance': None, 'classify__C': 0.01, 'classify__max_iter': 500, 'classify__n_jobs': 2, 'classify__penalty': 'l2', 'classify__random_state': 42, 'classify__solver': 'lbfgs', 'classify__tol': 1e-08, 'impute': None, 'select': SelectKBest(score_func=<function mutual_info_classif at 0x766691e17420>), 'select__k': 9, 'transform': None}",0.7005494505494505,0.7551820728291316,0.5593277310924369,0.6716864181570065,0.08252085301483482,278,0.8,0.8090909090909091,0.8,0.8030303030303031,0.004285495643554809,31,0.7142857142857143,0.7619047619047619,0.5714285714285714,0.6825396825396824,0.08093681767607595,220
0.07748556137084961,0.02725956451092295,0.013033707936604818,0.0052002406875815785,,0.01,500,2,l2,42,lbfgs,0.0001,SimpleImputer(strategy='median'),SelectKBest(score_func=<function mutual_info_classif at 0x766691e17420>),9,,"{'balance': None, 'classify__C': 0.01, 'classify__max_iter': 500, 'classify__n_jobs': 2, 'classify__penalty': 'l2', 'classify__random_state': 42, 'classify__solver': 'lbfgs', 'classify__tol': 0.0001, 'impute': SimpleImputer(strategy='median'), 'select': SelectKBest(score_func=<function mutual_info_classif at 0x766691e17420>), 'select__k': 9, 'transform': None}",0.7005494505494505,0.7551820728291316,0.5593277310924369,0.6716864181570065,0.08252085301483482,278,0.8,0.8090909090909091,0.8,0.8030303030303031,0.004285495643554809,31,0.7142857142857143,0.7619047619047619,0.5714285714285714,0.6825396825396824,0.08093681767607595,220
0.0822153886159261,0.039969922086868705,0.01592230796813965,0.003988117109845013,,0.01,500,2,l2,42,lbfgs,0.0001,,SelectKBest(score_func=<function mutual_info_classif at 0x766691e17420>),9,,"{'balance': None, 'classify__C': 0.01, 'classify__max_iter': 500, 'classify__n_jobs': 2, 'classify__penalty': 'l2', 'classify__random_state': 42, 'classify__solver': 'lbfgs', 'classify__tol': 0.0001, 'impute': None, 'select': SelectKBest(score_func=<function mutual_info_classif at 0x766691e17420>), 'select__k': 9, 'transform': None}",0.7005494505494505,0.7551820728291316,0.5593277310924369,0.6716864181570065,0.08252085301483482,278,0.8,0.8090909090909091,0.8,0.8030303030303031,0.004285495643554809,31,0.7142857142857143,0.7619047619047619,0.5714285714285714,0.6825396825396824,0.08093681767607595,220
0.10316967964172363,0.034304647549926355,0.013447761535644531,0.004066516046793819,,0.01,500,2,l2,42,lbfgs,1e-08,SimpleImputer(strategy='median'),SelectKBest(score_func=<function mutual_info_classif at 0x766691e17420>),9,,"{'balance': None, 'classify__C': 0.01, 'classify__max_iter': 500, 'classify__n_jobs': 2, 'classify__penalty': 'l2', 'classify__random_state': 42, 'classify__solver': 'lbfgs', 'classify__tol': 1e-08, 'impute': SimpleImputer(strategy='median'), 'select': SelectKBest(score_func=<function mutual_info_classif at 0x766691e17420>), 'select__k': 9, 'transform': None}",0.7005494505494505,0.7551820728291316,0.5593277310924369,0.6716864181570065,0.08252085301483482,278,0.8,0.8090909090909091,0.8,0.8030303030303031,0.004285495643554809,31,0.7142857142857143,0.7619047619047619,0.5714285714285714,0.6825396825396824,0.08093681767607595,220
0.0978852113087972,0.02729272826532186,0.014489571253458658,0.0028389202414320683,,0.01,500,2,l2,42,lbfgs,1e-06,,SelectKBest(score_func=<function mutual_info_classif at 0x766691e17420>),9,,"{'balance': None, 'classify__C': 0.01, 'classify__max_iter': 500, 'classify__n_jobs': 2, 'classify__penalty': 'l2', 'classify__random_state': 42, 'classify__solver': 'lbfgs', 'classify__tol': 1e-06, 'impute': None, 'select': SelectKBest(score_func=<function mutual_info_classif at 0x766691e17420>), 'select__k': 9, 'transform': None}",0.7005494505494505,0.7551820728291316,0.5593277310924369,0.6716864181570065,0.08252085301483482,278,0.8,0.8090909090909091,0.8,0.8030303030303031,0.004285495643554809,31,0.7142857142857143,0.7619047619047619,0.5714285714285714,0.6825396825396824,0.08093681767607595,220
0.10636631647745769,0.01588733465054657,0.01734193166097005,0.005001316190240914,,0.01,1000,2,l2,42,lbfgs,0.0001,,SelectKBest(score_func=<function mutual_info_classif at 0x766691e17420>),9,,"{'balance': None, 'classify__C': 0.01, 'classify__max_iter': 1000, 'classify__n_jobs': 2, 'classify__penalty': 'l2', 'classify__random_state': 42, 'classify__solver': 'lbfgs', 'classify__tol': 0.0001, 'impute': None, 'select': SelectKBest(score_func=<function mutual_info_classif at 0x766691e17420>), 'select__k': 9, 'transform': None}",0.7005494505494505,0.7551820728291316,0.5593277310924369,0.6716864181570065,0.08252085301483482,278,0.8,0.8090909090909091,0.8,0.8030303030303031,0.004285495643554809,31,0.7142857142857143,0.7619047619047619,0.5714285714285714,0.6825396825396824,0.08093681767607595,220
0.07227897644042969,0.014241724053847481,0.01208639144897461,0.002294732993357713,,0.01,200,2,l2,42,lbfgs,1e-08,,SelectKBest(score_func=<function mutual_info_classif at 0x766691e17420>),9,,"{'balance': None, 'classify__C': 0.01, 'classify__max_iter': 200, 'classify__n_jobs': 2, 'classify__penalty': 'l2', 'classify__random_state': 42, 'classify__solver': 'lbfgs', 'classify__tol': 1e-08, 'impute': None, 'select': SelectKBest(score_func=<function mutual_info_classif at 0x766691e17420>), 'select__k': 9, 'transform': None}",0.7005494505494505,0.7551820728291316,0.5593277310924369,0.6716864181570065,0.08252085301483482,278,0.8,0.8090909090909091,0.8,0.8030303030303031,0.004285495643554809,31,0.7142857142857143,0.7619047619047619,0.5714285714285714,0.6825396825396824,0.08093681767607595,220
0.04160785675048828,0.005823440907656777,0.009033600489298502,8.730642551499071e-05,,0.01,100,2,l2,42,lbfgs,0.0001,SimpleImputer(strategy='median'),SelectKBest(score_func=<function mutual_info_classif at 0x766691e17420>),9,,"{'balance': None, 'classify__C': 0.01, 'classify__max_iter': 100, 'classify__n_jobs': 2, 'classify__penalty': 'l2', 'classify__random_state': 42, 'classify__solver': 'lbfgs', 'classify__tol': 0.0001, 'impute': SimpleImputer(strategy='median'), 'select': SelectKBest(score_func=<function mutual_info_classif at 0x766691e17420>), 'select__k': 9, 'transform': None}",0.7005494505494505,0.7551820728291316,0.5593277310924369,0.6716864181570065,0.08252085301483482,278,0.8,0.8090909090909091,0.8,0.8030303030303031,0.004285495643554809,31,0.7142857142857143,0.7619047619047619,0.5714285714285714,0.6825396825396824,0.08093681767607595,220
0.07143600781758626,0.03524448726700628,0.015610615412394205,0.010188858639128266,,0.01,100,2,l2,42,lbfgs,1e-06,,SelectKBest(score_func=<function mutual_info_classif at 0x766691e17420>),9,,"{'balance': None, 'classify__C': 0.01, 'classify__max_iter': 100, 'classify__n_jobs': 2, 'classify__penalty': 'l2', 'classify__random_state': 42, 'classify__solver': 'lbfgs', 'classify__tol': 1e-06, 'impute': None, 'select': SelectKBest(score_func=<function mutual_info_classif at 0x766691e17420>), 'select__k': 9, 'transform': None}",0.7005494505494505,0.7551820728291316,0.5593277310924369,0.6716864181570065,0.08252085301483482,278,0.8,0.8090909090909091,0.8,0.8030303030303031,0.004285495643554809,31,0.7142857142857143,0.7619047619047619,0.5714285714285714,0.6825396825396824,0.08093681767607595,220
0.09119041760762532,0.026581554977430397,0.01677076021830241,0.005568081965073928,,0.01,100,2,l2,42,lbfgs,1e-06,SimpleImputer(strategy='median'),SelectKBest(score_func=<function mutual_info_classif at 0x766691e17420>),9,,"{'balance': None, 'classify__C': 0.01, 'classify__max_iter': 100, 'classify__n_jobs': 2, 'classify__penalty': 'l2', 'classify__random_state': 42, 'classify__solver': 'lbfgs', 'classify__tol': 1e-06, 'impute': SimpleImputer(strategy='median'), 'select': SelectKBest(score_func=<function mutual_info_classif at 0x766691e17420>), 'select__k': 9, 'transform': None}",0.7005494505494505,0.7551820728291316,0.5593277310924369,0.6716864181570065,0.08252085301483482,278,0.8,0.8090909090909091,0.8,0.8030303030303031,0.004285495643554809,31,0.7142857142857143,0.7619047619047619,0.5714285714285714,0.6825396825396824,0.08093681767607595,220
0.05531477928161621,0.005462134517394086,0.006932655970255534,0.00011931880582764924,,0.01,1000,2,l2,42,lbfgs,1e-06,SimpleImputer(strategy='median'),SelectKBest(score_func=<function mutual_info_classif at 0x766691e17420>),9,,"{'balance': None, 'classify__C': 0.01, 'classify__max_iter': 1000, 'classify__n_jobs': 2, 'classify__penalty': 'l2', 'classify__random_state': 42, 'classify__solver': 'lbfgs', 'classify__tol': 1e-06, 'impute': SimpleImputer(strategy='median'), 'select': SelectKBest(score_func=<function mutual_info_classif at 0x766691e17420>), 'select__k': 9, 'transform': None}",0.7005494505494505,0.7551820728291316,0.5593277310924369,0.6716864181570065,0.08252085301483482,278,0.8,0.8090909090909091,0.8,0.8030303030303031,0.004285495643554809,31,0.7142857142857143,0.7619047619047619,0.5714285714285714,0.6825396825396824,0.08093681767607595,220
0.13292249043782553,0.03718274389514383,0.019852479298909504,0.006721459360973719,,0.01,2000,2,l2,42,lbfgs,1e-06,SimpleImputer(strategy='median'),SelectKBest(score_func=<function mutual_info_classif at 0x766691e17420>),9,,"{'balance': None, 'classify__C': 0.01, 'classify__max_iter': 2000, 'classify__n_jobs': 2, 'classify__penalty': 'l2', 'classify__random_state': 42, 'classify__solver': 'lbfgs', 'classify__tol': 1e-06, 'impute': SimpleImputer(strategy='median'), 'select': SelectKBest(score_func=<function mutual_info_classif at 0x766691e17420>), 'select__k': 9, 'transform': None}",0.7005494505494505,0.7551820728291316,0.5593277310924369,0.6716864181570065,0.08252085301483482,278,0.8,0.8090909090909091,0.8,0.8030303030303031,0.004285495643554809,31,0.7142857142857143,0.7619047619047619,0.5714285714285714,0.6825396825396824,0.08093681767607595,220
0.06588443120320638,0.01738078689073146,0.012540896733601889,0.0015350202127889427,,0.01,2000,2,l2,42,lbfgs,0.0001,SimpleImputer(strategy='median'),SelectKBest(score_func=<function mutual_info_classif at 0x766691e17420>),9,,"{'balance': None, 'classify__C': 0.01, 'classify__max_iter': 2000, 'classify__n_jobs': 2, 'classify__penalty': 'l2', 'classify__random_state': 42, 'classify__solver': 'lbfgs', 'classify__tol': 0.0001, 'impute': SimpleImputer(strategy='median'), 'select': SelectKBest(score_func=<function mutual_info_classif at 0x766691e17420>), 'select__k': 9, 'transform': None}",0.7005494505494505,0.7551820728291316,0.5593277310924369,0.6716864181570065,0.08252085301483482,278,0.8,0.8090909090909091,0.8,0.8030303030303031,0.004285495643554809,31,0.7142857142857143,0.7619047619047619,0.5714285714285714,0.6825396825396824,0.08093681767607595,220
0.0788869063059489,0.020331392683550657,0.009842316309611002,0.00026325286109307565,,0.01,2000,2,l2,42,lbfgs,0.0001,,SelectKBest(score_func=<function mutual_info_classif at 0x766691e17420>),9,,"{'balance': None, 'classify__C': 0.01, 'classify__max_iter': 2000, 'classify__n_jobs': 2, 'classify__penalty': 'l2', 'classify__random_state': 42, 'classify__solver': 'lbfgs', 'classify__tol': 0.0001, 'impute': None, 'select': SelectKBest(score_func=<function mutual_info_classif at 0x766691e17420>), 'select__k': 9, 'transform': None}",0.7005494505494505,0.7551820728291316,0.5593277310924369,0.6716864181570065,0.08252085301483482,278,0.8,0.8090909090909091,0.8,0.8030303030303031,0.004285495643554809,31,0.7142857142857143,0.7619047619047619,0.5714285714285714,0.6825396825396824,0.08093681767607595,220
0.07488004366556804,0.0449733821364833,0.011942625045776367,0.005262036902187448,,0.01,200,2,l2,42,lbfgs,1e-06,,SelectKBest(score_func=<function mutual_info_classif at 0x766691e17420>),9,,"{'balance': None, 'classify__C': 0.01, 'classify__max_iter': 200, 'classify__n_jobs': 2, 'classify__penalty': 'l2', 'classify__random_state': 42, 'classify__solver': 'lbfgs', 'classify__tol': 1e-06, 'impute': None, 'select': SelectKBest(score_func=<function mutual_info_classif at 0x766691e17420>), 'select__k': 9, 'transform': None}",0.7005494505494505,0.7551820728291316,0.5593277310924369,0.6716864181570065,0.08252085301483482,278,0.8,0.8090909090909091,0.8,0.8030303030303031,0.004285495643554809,31,0.7142857142857143,0.7619047619047619,0.5714285714285714,0.6825396825396824,0.08093681767607595,220
0.10211014747619629,0.004470770998155404,0.015801191329956055,0.003338898979597474,,0.01,200,2,l2,42,lbfgs,1e-08,SimpleImputer(strategy='median'),SelectKBest(score_func=<function mutual_info_classif at 0x766691e17420>),9,,"{'balance': None, 'classify__C': 0.01, 'classify__max_iter': 200, 'classify__n_jobs': 2, 'classify__penalty': 'l2', 'classify__random_state': 42, 'classify__solver': 'lbfgs', 'classify__tol': 1e-08, 'impute': SimpleImputer(strategy='median'), 'select': SelectKBest(score_func=<function mutual_info_classif at 0x766691e17420>), 'select__k': 9, 'transform': None}",0.7005494505494505,0.7551820728291316,0.5593277310924369,0.6716864181570065,0.08252085301483482,278,0.8,0.8090909090909091,0.8,0.8030303030303031,0.004285495643554809,31,0.7142857142857143,0.7619047619047619,0.5714285714285714,0.6825396825396824,0.08093681767607595,220
0.23312115669250488,0.03429107018762468,0.02448900540669759,0.005789895786376017,,1.0,2000,2,l2,42,lbfgs,1e-06,SimpleImputer(strategy='median'),SelectKBest(score_func=<function mutual_info_classif at 0x766691e17420>),7,,"{'balance': None, 'classify__C': 1.0, 'classify__max_iter': 2000, 'classify__n_jobs': 2, 'classify__penalty': 'l2', 'classify__random_state': 42, 'classify__solver': 'lbfgs', 'classify__tol': 1e-06, 'impute': SimpleImputer(strategy='median'), 'select': SelectKBest(score_func=<function mutual_info_classif at 0x766691e17420>), 'select__k': 7, 'transform': None}",0.6137566137566137,0.7063492063492063,0.6666666666666666,0.6622574955908288,0.037929123752392525,308,0.7272727272727273,0.7636363636363637,0.790909090909091,0.7606060606060607,0.026067652324371627,165,0.6190476190476191,0.7142857142857143,0.6666666666666666,0.6666666666666666,0.038880789567986955,308
0.08483481407165527,0.01085241690259683,0.0193785826365153,0.012128068960386453,,1.0,200,2,l2,42,lbfgs,0.0001,,SelectKBest(score_func=<function mutual_info_classif at 0x766691e17420>),7,,"{'balance': None, 'classify__C': 1.0, 'classify__max_iter': 200, 'classify__n_jobs': 2, 'classify__penalty': 'l2', 'classify__random_state': 42, 'classify__solver': 'lbfgs', 'classify__tol': 0.0001, 'impute': None, 'select': SelectKBest(score_func=<function mutual_info_classif at 0x766691e17420>), 'select__k': 7, 'transform': None}",0.6137566137566137,0.7063492063492063,0.6666666666666666,0.6622574955908288,0.037929123752392525,308,0.7272727272727273,0.7636363636363637,0.790909090909091,0.7606060606060607,0.026067652324371627,165,0.6190476190476191,0.7142857142857143,0.6666666666666666,0.6666666666666666,0.038880789567986955,308
0.15075055758158365,0.019819474097444886,0.03011163075764974,0.00044298866345461965,,1.0,2000,2,l2,42,lbfgs,0.0001,,SelectKBest(score_func=<function mutual_info_classif at 0x766691e17420>),7,,"{'balance': None, 'classify__C': 1.0, 'classify__max_iter': 2000, 'classify__n_jobs': 2, 'classify__penalty': 'l2', 'classify__random_state': 42, 'classify__solver': 'lbfgs', 'classify__tol': 0.0001, 'impute': None, 'select': SelectKBest(score_func=<function mutual_info_classif at 0x766691e17420>), 'select__k': 7, 'transform': None}",0.6137566137566137,0.7063492063492063,0.6666666666666666,0.6622574955908288,0.037929123752392525,308,0.7272727272727273,0.7636363636363637,0.790909090909091,0.7606060606060607,0.026067652324371627,165,0.6190476190476191,0.7142857142857143,0.6666666666666666,0.6666666666666666,0.038880789567986955,308
0.17273354530334473,0.050224520368961106,0.03670088450113932,0.00750911620350914,,1.0,2000,2,l2,42,lbfgs,0.0001,SimpleImputer(strategy='median'),SelectKBest(score_func=<function mutual_info_classif at 0x766691e17420>),7,,"{'balance': None, 'classify__C': 1.0, 'classify__max_iter': 2000, 'classify__n_jobs': 2, 'classify__penalty': 'l2', 'classify__random_state': 42, 'classify__solver': 'lbfgs', 'classify__tol': 0.0001, 'impute': SimpleImputer(strategy='median'), 'select': SelectKBest(score_func=<function mutual_info_classif at 0x766691e17420>), 'select__k': 7, 'transform': None}",0.6137566137566137,0.7063492063492063,0.6666666666666666,0.6622574955908288,0.037929123752392525,308,0.7272727272727273,0.7636363636363637,0.790909090909091,0.7606060606060607,0.026067652324371627,165,0.6190476190476191,0.7142857142857143,0.6666666666666666,0.6666666666666666,0.038880789567986955,308
0.11654265721638997,0.010560026573205261,0.015967130661010742,0.0029512377605931785,,1.0,100,2,l2,42,lbfgs,0.0001,SimpleImputer(strategy='median'),SelectKBest(score_func=<function mutual_info_classif at 0x766691e17420>),7,,"{'balance': None, 'classify__C': 1.0, 'classify__max_iter': 100, 'classify__n_jobs': 2, 'classify__penalty': 'l2', 'classify__random_state': 42, 'classify__solver': 'lbfgs', 'classify__tol': 0.0001, 'impute': SimpleImputer(strategy='median'), 'select': SelectKBest(score_func=<function mutual_info_classif at 0x766691e17420>), 'select__k': 7, 'transform': None}",0.6137566137566137,0.7063492063492063,0.6666666666666666,0.6622574955908288,0.037929123752392525,308,0.7272727272727273,0.7636363636363637,0.790909090909091,0.7606060606060607,0.026067652324371627,165,0.6190476190476191,0.7142857142857143,0.6666666666666666,0.6666666666666666,0.038880789567986955,308
0.2525168259938558,0.05501427553498278,0.02696712811787923,0.01294949775804343,,1.0,100,2,l2,42,lbfgs,1e-08,SimpleImputer(strategy='median'),SelectKBest(score_func=<function mutual_info_classif at 0x766691e17420>),7,,"{'balance': None, 'classify__C': 1.0, 'classify__max_iter': 100, 'classify__n_jobs': 2, 'classify__penalty': 'l2', 'classify__random_state': 42, 'classify__solver': 'lbfgs', 'classify__tol': 1e-08, 'impute': SimpleImputer(strategy='median'), 'select': SelectKBest(score_func=<function mutual_info_classif at 0x766691e17420>), 'select__k': 7, 'transform': None}",0.6137566137566137,0.7063492063492063,0.6666666666666666,0.6622574955908288,0.037929123752392525,308,0.7272727272727273,0.7636363636363637,0.790909090909091,0.7606060606060607,0.026067652324371627,165,0.6190476190476191,0.7142857142857143,0.6666666666666666,0.6666666666666666,0.038880789567986955,308
0.18898630142211914,0.02919498039111617,0.017165422439575195,0.0024247323516761615,,1.0,100,2,l2,42,lbfgs,1e-06,SimpleImputer(strategy='median'),SelectKBest(score_func=<function mutual_info_classif at 0x766691e17420>),7,,"{'balance': None, 'classify__C': 1.0, 'classify__max_iter': 100, 'classify__n_jobs': 2, 'classify__penalty': 'l2', 'classify__random_state': 42, 'classify__solver': 'lbfgs', 'classify__tol': 1e-06, 'impute': SimpleImputer(strategy='median'), 'select': SelectKBest(score_func=<function mutual_info_classif at 0x766691e17420>), 'select__k': 7, 'transform': None}",0.6137566137566137,0.7063492063492063,0.6666666666666666,0.6622574955908288,0.037929123752392525,308,0.7272727272727273,0.7636363636363637,0.790909090909091,0.7606060606060607,0.026067652324371627,165,0.6190476190476191,0.7142857142857143,0.6666666666666666,0.6666666666666666,0.038880789567986955,308
0.24260830879211426,0.01706261476309137,0.026923418045043945,0.004577356870527902,,1.0,100,2,l2,42,lbfgs,1e-08,,SelectKBest(score_func=<function mutual_info_classif at 0x766691e17420>),7,,"{'balance': None, 'classify__C': 1.0, 'classify__max_iter': 100, 'classify__n_jobs': 2, 'classify__penalty': 'l2', 'classify__random_state': 42, 'classify__solver': 'lbfgs', 'classify__tol': 1e-08, 'impute': None, 'select': SelectKBest(score_func=<function mutual_info_classif at 0x766691e17420>), 'select__k': 7, 'transform': None}",0.6137566137566137,0.7063492063492063,0.6666666666666666,0.6622574955908288,0.037929123752392525,308,0.7272727272727273,0.7636363636363637,0.790909090909091,0.7606060606060607,0.026067652324371627,165,0.6190476190476191,0.7142857142857143,0.6666666666666666,0.6666666666666666,0.038880789567986955,308
0.21321654319763184,0.008309305749250633,0.02413010597229004,0.0029506057885923496,,1.0,100,2,l2,42,lbfgs,1e-06,,SelectKBest(score_func=<function mutual_info_classif at 0x766691e17420>),7,,"{'balance': None, 'classify__C': 1.0, 'classify__max_iter': 100, 'classify__n_jobs': 2, 'classify__penalty': 'l2', 'classify__random_state': 42, 'classify__solver': 'lbfgs', 'classify__tol': 1e-06, 'impute': None, 'select': SelectKBest(score_func=<function mutual_info_classif at 0x766691e17420>), 'select__k': 7, 'transform': None}",0.6137566137566137,0.7063492063492063,0.6666666666666666,0.6622574955908288,0.037929123752392525,308,0.7272727272727273,0.7636363636363637,0.790909090909091,0.7606060606060607,0.026067652324371627,165,0.6190476190476191,0.7142857142857143,0.6666666666666666,0.6666666666666666,0.038880789567986955,308
0.24799251556396484,0.07766399239054224,0.024794658025105793,0.013612561646340145,,1.0,200,2,l2,42,lbfgs,1e-08,,SelectKBest(score_func=<function mutual_info_classif at 0x766691e17420>),7,,"{'balance': None, 'classify__C': 1.0, 'classify__max_iter': 200, 'classify__n_jobs': 2, 'classify__penalty': 'l2', 'classify__random_state': 42, 'classify__solver': 'lbfgs', 'classify__tol': 1e-08, 'impute': None, 'select': SelectKBest(score_func=<function mutual_info_classif at 0x766691e17420>), 'select__k': 7, 'transform': None}",0.6137566137566137,0.7063492063492063,0.6666666666666666,0.6622574955908288,0.037929123752392525,308,0.7272727272727273,0.7636363636363637,0.790909090909091,0.7606060606060607,0.026067652324371627,165,0.6190476190476191,0.7142857142857143,0.6666666666666666,0.6666666666666666,0.038880789567986955,308
0.21996712684631348,0.08444976829189586,0.014632542928059896,0.007774625068295699,,1.0,500,2,l2,42,lbfgs,1e-08,,SelectKBest(score_func=<function mutual_info_classif at 0x766691e17420>),7,,"{'balance': None, 'classify__C': 1.0, 'classify__max_iter': 500, 'classify__n_jobs': 2, 'classify__penalty': 'l2', 'classify__random_state': 42, 'classify__solver': 'lbfgs', 'classify__tol': 1e-08, 'impute': None, 'select': SelectKBest(score_func=<function mutual_info_classif at 0x766691e17420>), 'select__k': 7, 'transform': None}",0.6137566137566137,0.7063492063492063,0.6666666666666666,0.6622574955908288,0.037929123752392525,308,0.7272727272727273,0.7636363636363637,0.790909090909091,0.7606060606060607,0.026067652324371627,165,0.6190476190476191,0.7142857142857143,0.6666666666666666,0.6666666666666666,0.038880789567986955,308
0.2808435757954915,0.04751759157498919,0.029276450475056965,0.003165819609862265,,1.0,2000,2,l2,42,lbfgs,1e-08,,SelectKBest(score_func=<function mutual_info_classif at 0x766691e17420>),7,,"{'balance': None, 'classify__C': 1.0, 'classify__max_iter': 2000, 'classify__n_jobs': 2, 'classify__penalty': 'l2', 'classify__random_state': 42, 'classify__solver': 'lbfgs', 'classify__tol': 1e-08, 'impute': None, 'select': SelectKBest(score_func=<function mutual_info_classif at 0x766691e17420>), 'select__k': 7, 'transform': None}",0.6137566137566137,0.7063492063492063,0.6666666666666666,0.6622574955908288,0.037929123752392525,308,0.7272727272727273,0.7636363636363637,0.790909090909091,0.7606060606060607,0.026067652324371627,165,0.6190476190476191,0.7142857142857143,0.6666666666666666,0.6666666666666666,0.038880789567986955,308
0.11049628257751465,0.003615271290929278,0.010539770126342773,0.00040301358694987154,,1.0,500,2,l2,42,lbfgs,1e-06,SimpleImputer(strategy='median'),SelectKBest(score_func=<function mutual_info_classif at 0x766691e17420>),7,,"{'balance': None, 'classify__C': 1.0, 'classify__max_iter': 500, 'classify__n_jobs': 2, 'classify__penalty': 'l2', 'classify__random_state': 42, 'classify__solver': 'lbfgs', 'classify__tol': 1e-06, 'impute': SimpleImputer(strategy='median'), 'select': SelectKBest(score_func=<function mutual_info_classif at 0x766691e17420>), 'select__k': 7, 'transform': None}",0.6137566137566137,0.7063492063492063,0.6666666666666666,0.6622574955908288,0.037929123752392525,308,0.7272727272727273,0.7636363636363637,0.790909090909091,0.7606060606060607,0.026067652324371627,165,0.6190476190476191,0.7142857142857143,0.6666666666666666,0.6666666666666666,0.038880789567986955,308
0.2558225790659587,0.1172591021839026,0.028306086858113606,0.013823304763851683,,1.0,1000,2,l2,42,lbfgs,1e-08,SimpleImputer(strategy='median'),SelectKBest(score_func=<function mutual_info_classif at 0x766691e17420>),7,,"{'balance': None, 'classify__C': 1.0, 'classify__max_iter': 1000, 'classify__n_jobs': 2, 'classify__penalty': 'l2', 'classify__random_state': 42, 'classify__solver': 'lbfgs', 'classify__tol': 1e-08, 'impute': SimpleImputer(strategy='median'), 'select': SelectKBest(score_func=<function mutual_info_classif at 0x766691e17420>), 'select__k': 7, 'transform': None}",0.6137566137566137,0.7063492063492063,0.6666666666666666,0.6622574955908288,0.037929123752392525,308,0.7272727272727273,0.7636363636363637,0.790909090909091,0.7606060606060607,0.026067652324371627,165,0.6190476190476191,0.7142857142857143,0.6666666666666666,0.6666666666666666,0.038880789567986955,308
0.06554810206095378,0.009750072023867807,0.009683847427368164,0.0004427522671404052,,1.0,500,2,l2,42,lbfgs,0.0001,SimpleImputer(strategy='median'),SelectKBest(score_func=<function mutual_info_classif at 0x766691e17420>),7,,"{'balance': None, 'classify__C': 1.0, 'classify__max_iter': 500, 'classify__n_jobs': 2, 'classify__penalty': 'l2', 'classify__random_state': 42, 'classify__solver': 'lbfgs', 'classify__tol': 0.0001, 'impute': SimpleImputer(strategy='median'), 'select': SelectKBest(score_func=<function mutual_info_classif at 0x766691e17420>), 'select__k': 7, 'transform': None}",0.6137566137566137,0.7063492063492063,0.6666666666666666,0.6622574955908288,0.037929123752392525,308,0.7272727272727273,0.7636363636363637,0.790909090909091,0.7606060606060607,0.026067652324371627,165,0.6190476190476191,0.7142857142857143,0.6666666666666666,0.6666666666666666,0.038880789567986955,308
0.15561111768086752,0.03216487772310209,0.024854580561319988,0.008922557777898747,,1.0,1000,2,l2,42,lbfgs,0.0001,,SelectKBest(score_func=<function mutual_info_classif at 0x766691e17420>),7,,"{'balance': None, 'classify__C': 1.0, 'classify__max_iter': 1000, 'classify__n_jobs': 2, 'classify__penalty': 'l2', 'classify__random_state': 42, 'classify__solver': 'lbfgs', 'classify__tol': 0.0001, 'impute': None, 'select': SelectKBest(score_func=<function mutual_info_classif at 0x766691e17420>), 'select__k': 7, 'transform': None}",0.6137566137566137,0.7063492063492063,0.6666666666666666,0.6622574955908288,0.037929123752392525,308,0.7272727272727273,0.7636363636363637,0.790909090909091,0.7606060606060607,0.026067652324371627,165,0.6190476190476191,0.7142857142857143,0.6666666666666666,0.6666666666666666,0.038880789567986955,308
0.11046926180521648,0.005232185148880586,0.00879057248433431,6.156967146633964e-05,,1.0,1000,2,l2,42,lbfgs,1e-06,,SelectKBest(score_func=<function mutual_info_classif at 0x766691e17420>),7,,"{'balance': None, 'classify__C': 1.0, 'classify__max_iter': 1000, 'classify__n_jobs': 2, 'classify__penalty': 'l2', 'classify__random_state': 42, 'classify__solver': 'lbfgs', 'classify__tol': 1e-06, 'impute': None, 'select': SelectKBest(score_func=<function mutual_info_classif at 0x766691e17420>), 'select__k': 7, 'transform': None}",0.6137566137566137,0.7063492063492063,0.6666666666666666,0.6622574955908288,0.037929123752392525,308,0.7272727272727273,0.7636363636363637,0.790909090909091,0.7606060606060607,0.026067652324371627,165,0.6190476190476191,0.7142857142857143,0.6666666666666666,0.6666666666666666,0.038880789567986955,308
0.27550776799519855,0.028720483999071948,0.020346879959106445,0.009805578107264503,,1.0,2000,2,l2,42,lbfgs,1e-06,,SelectKBest(score_func=<function mutual_info_classif at 0x766691e17420>),7,,"{'balance': None, 'classify__C': 1.0, 'classify__max_iter': 2000, 'classify__n_jobs': 2, 'classify__penalty': 'l2', 'classify__random_state': 42, 'classify__solver': 'lbfgs', 'classify__tol': 1e-06, 'impute': None, 'select': SelectKBest(score_func=<function mutual_info_classif at 0x766691e17420>), 'select__k': 7, 'transform': None}",0.6137566137566137,0.7063492063492063,0.6666666666666666,0.6622574955908288,0.037929123752392525,308,0.7272727272727273,0.7636363636363637,0.790909090909091,0.7606060606060607,0.026067652324371627,165,0.6190476190476191,0.7142857142857143,0.6666666666666666,0.6666666666666666,0.038880789567986955,308
0.1597426732381185,0.10193408319550679,0.024244070053100586,0.020251961477577136,,1.0,200,2,l2,42,lbfgs,1e-06,SimpleImputer(strategy='median'),SelectKBest(score_func=<function mutual_info_classif at 0x766691e17420>),7,,"{'balance': None, 'classify__C': 1.0, 'classify__max_iter': 200, 'classify__n_jobs': 2, 'classify__penalty': 'l2', 'classify__random_state': 42, 'classify__solver': 'lbfgs', 'classify__tol': 1e-06, 'impute': SimpleImputer(strategy='median'), 'select': SelectKBest(score_func=<function mutual_info_classif at 0x766691e17420>), 'select__k': 7, 'transform': None}",0.6137566137566137,0.7063492063492063,0.6666666666666666,0.6622574955908288,0.037929123752392525,308,0.7272727272727273,0.7636363636363637,0.790909090909091,0.7606060606060607,0.026067652324371627,165,0.6190476190476191,0.7142857142857143,0.6666666666666666,0.6666666666666666,0.038880789567986955,308
0.07187112172444661,0.019219196520879535,0.01233379046122233,0.004623038395618841,,1.0,500,2,l2,42,lbfgs,1e-08,SimpleImputer(strategy='median'),SelectKBest(score_func=<function mutual_info_classif at 0x766691e17420>),7,,"{'balance': None, 'classify__C': 1.0, 'classify__max_iter': 500, 'classify__n_jobs': 2, 'classify__penalty': 'l2', 'classify__random_state': 42, 'classify__solver': 'lbfgs', 'classify__tol': 1e-08, 'impute': SimpleImputer(strategy='median'), 'select': SelectKBest(score_func=<function mutual_info_classif at 0x766691e17420>), 'select__k': 7, 'transform': None}",0.6137566137566137,0.7063492063492063,0.6666666666666666,0.6622574955908288,0.037929123752392525,308,0.7272727272727273,0.7636363636363637,0.790909090909091,0.7606060606060607,0.026067652324371627,165,0.6190476190476191,0.7142857142857143,0.6666666666666666,0.6666666666666666,0.038880789567986955,308
0.11196716626485188,0.05763502346306109,0.016890446345011394,0.010948725355416121,,1.0,200,2,l2,42,lbfgs,0.0001,SimpleImputer(strategy='median'),SelectKBest(score_func=<function mutual_info_classif at 0x766691e17420>),7,,"{'balance': None, 'classify__C': 1.0, 'classify__max_iter': 200, 'classify__n_jobs': 2, 'classify__penalty': 'l2', 'classify__random_state': 42, 'classify__solver': 'lbfgs', 'classify__tol': 0.0001, 'impute': SimpleImputer(strategy='median'), 'select': SelectKBest(score_func=<function mutual_info_classif at 0x766691e17420>), 'select__k': 7, 'transform': None}",0.6137566137566137,0.7063492063492063,0.6666666666666666,0.6622574955908288,0.037929123752392525,308,0.7272727272727273,0.7636363636363637,0.790909090909091,0.7606060606060607,0.026067652324371627,165,0.6190476190476191,0.7142857142857143,0.6666666666666666,0.6666666666666666,0.038880789567986955,308
0.08288741111755371,0.01256669924301282,0.008443752924601236,0.0001480809501159036,,1.0,500,2,l2,42,lbfgs,0.0001,,SelectKBest(score_func=<function mutual_info_classif at 0x766691e17420>),7,,"{'balance': None, 'classify__C': 1.0, 'classify__max_iter': 500, 'classify__n_jobs': 2, 'classify__penalty': 'l2', 'classify__random_state': 42, 'classify__solver': 'lbfgs', 'classify__tol': 0.0001, 'impute': None, 'select': SelectKBest(score_func=<function mutual_info_classif at 0x766691e17420>), 'select__k': 7, 'transform': None}",0.6137566137566137,0.7063492063492063,0.6666666666666666,0.6622574955908288,0.037929123752392525,308,0.7272727272727273,0.7636363636363637,0.790909090909091,0.7606060606060607,0.026067652324371627,165,0.6190476190476191,0.7142857142857143,0.6666666666666666,0.6666666666666666,0.038880789567986955,308
0.11310036977132161,0.01432645688165804,0.009688297907511393,0.00017679776794738588,,1.0,200,2,l2,42,lbfgs,1e-08,SimpleImputer(strategy='median'),SelectKBest(score_func=<function mutual_info_classif at 0x766691e17420>),7,,"{'balance': None, 'classify__C': 1.0, 'classify__max_iter': 200, 'classify__n_jobs': 2, 'classify__penalty': 'l2', 'classify__random_state': 42, 'classify__solver': 'lbfgs', 'classify__tol': 1e-08, 'impute': SimpleImputer(strategy='median'), 'select': SelectKBest(score_func=<function mutual_info_classif at 0x766691e17420>), 'select__k': 7, 'transform': None}",0.6137566137566137,0.7063492063492063,0.6666666666666666,0.6622574955908288,0.037929123752392525,308,0.7272727272727273,0.7636363636363637,0.790909090909091,0.7606060606060607,0.026067652324371627,165,0.6190476190476191,0.7142857142857143,0.6666666666666666,0.6666666666666666,0.038880789567986955,308
0.10912823677062988,0.009226481892642194,0.009040196736653646,0.000694680017498554,,1.0,200,2,l2,42,lbfgs,1e-06,,SelectKBest(score_func=<function mutual_info_classif at 0x766691e17420>),7,,"{'balance': None, 'classify__C': 1.0, 'classify__max_iter': 200, 'classify__n_jobs': 2, 'classify__penalty': 'l2', 'classify__random_state': 42, 'classify__solver': 'lbfgs', 'classify__tol': 1e-06, 'impute': None, 'select': SelectKBest(score_func=<function mutual_info_classif at 0x766691e17420>), 'select__k': 7, 'transform': None}",0.6137566137566137,0.7063492063492063,0.6666666666666666,0.6622574955908288,0.037929123752392525,308,0.7272727272727273,0.7636363636363637,0.790909090909091,0.7606060606060607,0.026067652324371627,165,0.6190476190476191,0.7142857142857143,0.6666666666666666,0.6666666666666666,0.038880789567986955,308
0.31904880205790204,0.062427311133536445,0.041405042012532554,0.0022695063111455613,,1.0,1000,2,l2,42,lbfgs,1e-06,SimpleImputer(strategy='median'),SelectKBest(score_func=<function mutual_info_classif at 0x766691e17420>),7,,"{'balance': None, 'classify__C': 1.0, 'classify__max_iter': 1000, 'classify__n_jobs': 2, 'classify__penalty': 'l2', 'classify__random_state': 42, 'classify__solver': 'lbfgs', 'classify__tol': 1e-06, 'impute': SimpleImputer(strategy='median'), 'select': SelectKBest(score_func=<function mutual_info_classif at 0x766691e17420>), 'select__k': 7, 'transform': None}",0.6137566137566137,0.7063492063492063,0.6666666666666666,0.6622574955908288,0.037929123752392525,308,0.7272727272727273,0.7636363636363637,0.790909090909091,0.7606060606060607,0.026067652324371627,165,0.6190476190476191,0.7142857142857143,0.6666666666666666,0.6666666666666666,0.038880789567986955,308
0.12854083379109701,0.05411642689545481,0.020841280619303387,0.00832972572998591,,1.0,100,2,l2,42,lbfgs,0.0001,,SelectKBest(score_func=<function mutual_info_classif at 0x766691e17420>),7,,"{'balance': None, 'classify__C': 1.0, 'classify__max_iter': 100, 'classify__n_jobs': 2, 'classify__penalty': 'l2', 'classify__random_state': 42, 'classify__solver': 'lbfgs', 'classify__tol': 0.0001, 'impute': None, 'select': SelectKBest(score_func=<function mutual_info_classif at 0x766691e17420>), 'select__k': 7, 'transform': None}",0.6137566137566137,0.7063492063492063,0.6666666666666666,0.6622574955908288,0.037929123752392525,308,0.7272727272727273,0.7636363636363637,0.790909090909091,0.7606060606060607,0.026067652324371627,165,0.6190476190476191,0.7142857142857143,0.6666666666666666,0.6666666666666666,0.038880789567986955,308
0.041455348332722984,0.0008324940504691996,0.009118159612019857,0.0007110054127972064,,0.01,100,2,l2,42,lbfgs,0.0001,,SelectKBest(score_func=<function mutual_info_classif at 0x766691e17420>),7,,"{'balance': None, 'classify__C': 0.01, 'classify__max_iter': 100, 'classify__n_jobs': 2, 'classify__penalty': 'l2', 'classify__random_state': 42, 'classify__solver': 'lbfgs', 'classify__tol': 0.0001, 'impute': None, 'select': SelectKBest(score_func=<function mutual_info_classif at 0x766691e17420>), 'select__k': 7, 'transform': None}",0.6419753086419753,0.7551820728291316,0.5593277310924369,0.6521617041878479,0.08028097651349801,334,0.7818181818181817,0.8181818181818182,0.7363636363636364,0.7787878787878788,0.0334707909611735,155,0.6666666666666666,0.7619047619047619,0.5714285714285714,0.6666666666666666,0.07776157913597391,308
0.1102307637532552,0.021907715443196356,0.015464862187703451,0.004279090847367364,,0.01,100,2,l2,42,lbfgs,1e-08,SimpleImputer(strategy='median'),SelectKBest(score_func=<function mutual_info_classif at 0x766691e17420>),7,,"{'balance': None, 'classify__C': 0.01, 'classify__max_iter': 100, 'classify__n_jobs': 2, 'classify__penalty': 'l2', 'classify__random_state': 42, 'classify__solver': 'lbfgs', 'classify__tol': 1e-08, 'impute': SimpleImputer(strategy='median'), 'select': SelectKBest(score_func=<function mutual_info_classif at 0x766691e17420>), 'select__k': 7, 'transform': None}",0.6419753086419753,0.7551820728291316,0.5593277310924369,0.6521617041878479,0.08028097651349801,334,0.7818181818181817,0.7363636363636364,0.7363636363636364,0.7515151515151515,0.021427478217774094,194,0.6666666666666666,0.7619047619047619,0.5714285714285714,0.6666666666666666,0.07776157913597391,308
0.1004792849222819,0.03377741468854286,0.011924982070922852,0.004421890328959149,,0.01,100,2,l2,42,lbfgs,1e-08,,SelectKBest(score_func=<function mutual_info_classif at 0x766691e17420>),7,,"{'balance': None, 'classify__C': 0.01, 'classify__max_iter': 100, 'classify__n_jobs': 2, 'classify__penalty': 'l2', 'classify__random_state': 42, 'classify__solver': 'lbfgs', 'classify__tol': 1e-08, 'impute': None, 'select': SelectKBest(score_func=<function mutual_info_classif at 0x766691e17420>), 'select__k': 7, 'transform': None}",0.6419753086419753,0.7551820728291316,0.5593277310924369,0.6521617041878479,0.08028097651349801,334,0.7818181818181817,0.7363636363636364,0.7363636363636364,0.7515151515151515,0.021427478217774094,194,0.6666666666666666,0.7619047619047619,0.5714285714285714,0.6666666666666666,0.07776157913597391,308
0.09893536567687988,0.004965710510466847,0.012439966201782227,0.003290984709818409,,0.01,200,2,l2,42,lbfgs,1e-08,,SelectKBest(score_func=<function mutual_info_classif at 0x766691e17420>),7,,"{'balance': None, 'classify__C': 0.01, 'classify__max_iter': 200, 'classify__n_jobs': 2, 'classify__penalty': 'l2', 'classify__random_state': 42, 'classify__solver': 'lbfgs', 'classify__tol': 1e-08, 'impute': None, 'select': SelectKBest(score_func=<function mutual_info_classif at 0x766691e17420>), 'select__k': 7, 'transform': None}",0.6419753086419753,0.7551820728291316,0.5593277310924369,0.6521617041878479,0.08028097651349801,334,0.7818181818181817,0.8181818181818182,0.7363636363636364,0.7787878787878788,0.0334707909611735,155,0.6666666666666666,0.7619047619047619,0.5714285714285714,0.6666666666666666,0.07776157913597391,308
0.05547539393107096,0.005073267453990457,0.011864344278971354,0.0018841137525030917,,0.01,100,2,l2,42,lbfgs,0.0001,SimpleImputer(strategy='median'),SelectKBest(score_func=<function mutual_info_classif at 0x766691e17420>),7,,"{'balance': None, 'classify__C': 0.01, 'classify__max_iter': 100, 'classify__n_jobs': 2, 'classify__penalty': 'l2', 'classify__random_state': 42, 'classify__solver': 'lbfgs', 'classify__tol': 0.0001, 'impute': SimpleImputer(strategy='median'), 'select': SelectKBest(score_func=<function mutual_info_classif at 0x766691e17420>), 'select__k': 7, 'transform': None}",0.6419753086419753,0.7551820728291316,0.5593277310924369,0.6521617041878479,0.08028097651349801,334,0.7818181818181817,0.7363636363636364,0.7363636363636364,0.7515151515151515,0.021427478217774094,194,0.6666666666666666,0.7619047619047619,0.5714285714285714,0.6666666666666666,0.07776157913597391,308
0.06829126675923665,0.034816191851191634,0.015458186467488607,0.008856148286144996,,0.01,100,2,l2,42,lbfgs,1e-06,SimpleImputer(strategy='median'),SelectKBest(score_func=<function mutual_info_classif at 0x766691e17420>),7,,"{'balance': None, 'classify__C': 0.01, 'classify__max_iter': 100, 'classify__n_jobs': 2, 'classify__penalty': 'l2', 'classify__random_state': 42, 'classify__solver': 'lbfgs', 'classify__tol': 1e-06, 'impute': SimpleImputer(strategy='median'), 'select': SelectKBest(score_func=<function mutual_info_classif at 0x766691e17420>), 'select__k': 7, 'transform': None}",0.6419753086419753,0.7551820728291316,0.5593277310924369,0.6521617041878479,0.08028097651349801,334,0.7818181818181817,0.8181818181818182,0.7363636363636364,0.7787878787878788,0.0334707909611735,155,0.6666666666666666,0.7619047619047619,0.5714285714285714,0.6666666666666666,0.07776157913597391,308
0.10070967674255371,0.01477446807463068,0.02465089162190755,0.013933623150106348,,0.01,500,2,l2,42,lbfgs,0.0001,,SelectKBest(score_func=<function mutual_info_classif at 0x766691e17420>),7,,"{'balance': None, 'classify__C': 0.01, 'classify__max_iter': 500, 'classify__n_jobs': 2, 'classify__penalty': 'l2', 'classify__random_state': 42, 'classify__solver': 'lbfgs', 'classify__tol': 0.0001, 'impute': None, 'select': SelectKBest(score_func=<function mutual_info_classif at 0x766691e17420>), 'select__k': 7, 'transform': None}",0.6419753086419753,0.7551820728291316,0.5593277310924369,0.6521617041878479,0.08028097651349801,334,0.7818181818181817,0.8181818181818182,0.7363636363636364,0.7787878787878788,0.0334707909611735,155,0.6666666666666666,0.7619047619047619,0.5714285714285714,0.6666666666666666,0.07776157913597391,308
0.10371804237365723,0.01753591330839932,0.012353817621866861,0.004384747820899464,,0.01,200,2,l2,42,lbfgs,1e-08,SimpleImputer(strategy='median'),SelectKBest(score_func=<function mutual_info_classif at 0x766691e17420>),7,,"{'balance': None, 'classify__C': 0.01, 'classify__max_iter': 200, 'classify__n_jobs': 2, 'classify__penalty': 'l2', 'classify__random_state': 42, 'classify__solver': 'lbfgs', 'classify__tol': 1e-08, 'impute': SimpleImputer(strategy='median'), 'select': SelectKBest(score_func=<function mutual_info_classif at 0x766691e17420>), 'select__k': 7, 'transform': None}",0.6419753086419753,0.7551820728291316,0.5593277310924369,0.6521617041878479,0.08028097651349801,334,0.7818181818181817,0.7363636363636364,0.7363636363636364,0.7515151515151515,0.021427478217774094,194,0.6666666666666666,0.7619047619047619,0.5714285714285714,0.6666666666666666,0.07776157913597391,308
0.05146431922912598,0.011910809543569144,0.00833749771118164,7.80171750627873e-05,,0.01,100,2,l2,42,lbfgs,1e-06,,SelectKBest(score_func=<function mutual_info_classif at 0x766691e17420>),7,,"{'balance': None, 'classify__C': 0.01, 'classify__max_iter': 100, 'classify__n_jobs': 2, 'classify__penalty': 'l2', 'classify__random_state': 42, 'classify__solver': 'lbfgs', 'classify__tol': 1e-06, 'impute': None, 'select': SelectKBest(score_func=<function mutual_info_classif at 0x766691e17420>), 'select__k': 7, 'transform': None}",0.6419753086419753,0.7551820728291316,0.5593277310924369,0.6521617041878479,0.08028097651349801,334,0.7818181818181817,0.7363636363636364,0.7363636363636364,0.7515151515151515,0.021427478217774094,194,0.6666666666666666,0.7619047619047619,0.5714285714285714,0.6666666666666666,0.07776157913597391,308
0.07605147361755371,0.028762502641161595,0.014446338017781576,0.0038305556475643245,,0.01,200,2,l2,42,lbfgs,1e-06,SimpleImputer(strategy='median'),SelectKBest(score_func=<function mutual_info_classif at 0x766691e17420>),7,,"{'balance': None, 'classify__C': 0.01, 'classify__max_iter': 200, 'classify__n_jobs': 2, 'classify__penalty': 'l2', 'classify__random_state': 42, 'classify__solver': 'lbfgs', 'classify__tol': 1e-06, 'impute': SimpleImputer(strategy='median'), 'select': SelectKBest(score_func=<function mutual_info_classif at 0x766691e17420>), 'select__k': 7, 'transform': None}",0.6419753086419753,0.7551820728291316,0.5593277310924369,0.6521617041878479,0.08028097651349801,334,0.7818181818181817,0.8181818181818182,0.7363636363636364,0.7787878787878788,0.0334707909611735,155,0.6666666666666666,0.7619047619047619,0.5714285714285714,0.6666666666666666,0.07776157913597391,308
0.09014614423116048,0.03605327496544772,0.012643257776896158,0.0033385309744843727,,0.01,200,2,l2,42,lbfgs,1e-06,,SelectKBest(score_func=<function mutual_info_classif at 0x766691e17420>),7,,"{'balance': None, 'classify__C': 0.01, 'classify__max_iter': 200, 'classify__n_jobs': 2, 'classify__penalty': 'l2', 'classify__random_state': 42, 'classify__solver': 'lbfgs', 'classify__tol': 1e-06, 'impute': None, 'select': SelectKBest(score_func=<function mutual_info_classif at 0x766691e17420>), 'select__k': 7, 'transform': None}",0.6419753086419753,0.7551820728291316,0.5593277310924369,0.6521617041878479,0.08028097651349801,334,0.7818181818181817,0.7363636363636364,0.7363636363636364,0.7515151515151515,0.021427478217774094,194,0.6666666666666666,0.7619047619047619,0.5714285714285714,0.6666666666666666,0.07776157913597391,308
0.11543019612630208,0.0323605867673991,0.018542051315307617,0.0006557940413958208,,0.01,200,2,l2,42,lbfgs,0.0001,,SelectKBest(score_func=<function mutual_info_classif at 0x766691e17420>),7,,"{'balance': None, 'classify__C': 0.01, 'classify__max_iter': 200, 'classify__n_jobs': 2, 'classify__penalty': 'l2', 'classify__random_state': 42, 'classify__solver': 'lbfgs', 'classify__tol': 0.0001, 'impute': None, 'select': SelectKBest(score_func=<function mutual_info_classif at 0x766691e17420>), 'select__k': 7, 'transform': None}",0.6419753086419753,0.7551820728291316,0.5593277310924369,0.6521617041878479,0.08028097651349801,334,0.7818181818181817,0.7363636363636364,0.7363636363636364,0.7515151515151515,0.021427478217774094,194,0.6666666666666666,0.7619047619047619,0.5714285714285714,0.6666666666666666,0.07776157913597391,308
0.11043437321980794,0.013615407144135304,0.015117168426513672,0.003076740399576946,,0.01,500,2,l2,42,lbfgs,1e-06,SimpleImputer(strategy='median'),SelectKBest(score_func=<function mutual_info_classif at 0x766691e17420>),7,,"{'balance': None, 'classify__C': 0.01, 'classify__max_iter': 500, 'classify__n_jobs': 2, 'classify__penalty': 'l2', 'classify__random_state': 42, 'classify__solver': 'lbfgs', 'classify__tol': 1e-06, 'impute': SimpleImputer(strategy='median'), 'select': SelectKBest(score_func=<function mutual_info_classif at 0x766691e17420>), 'select__k': 7, 'transform': None}",0.6419753086419753,0.7551820728291316,0.5593277310924369,0.6521617041878479,0.08028097651349801,334,0.7818181818181817,0.7363636363636364,0.7363636363636364,0.7515151515151515,0.021427478217774094,194,0.6666666666666666,0.7619047619047619,0.5714285714285714,0.6666666666666666,0.07776157913597391,308
0.11101476351420085,0.030286748920153674,0.018686294555664062,0.00022376325651224935,,0.01,500,2,l2,42,lbfgs,1e-08,SimpleImputer(strategy='median'),SelectKBest(score_func=<function mutual_info_classif at 0x766691e17420>),7,,"{'balance': None, 'classify__C': 0.01, 'classify__max_iter': 500, 'classify__n_jobs': 2, 'classify__penalty': 'l2', 'classify__random_state': 42, 'classify__solver': 'lbfgs', 'classify__tol': 1e-08, 'impute': SimpleImputer(strategy='median'), 'select': SelectKBest(score_func=<function mutual_info_classif at 0x766691e17420>), 'select__k': 7, 'transform': None}",0.6419753086419753,0.7551820728291316,0.5593277310924369,0.6521617041878479,0.08028097651349801,334,0.7818181818181817,0.7363636363636364,0.7363636363636364,0.7515151515151515,0.021427478217774094,194,0.6666666666666666,0.7619047619047619,0.5714285714285714,0.6666666666666666,0.07776157913597391,308
0.12203113238016765,0.02492295693613953,0.022648016611735027,0.0043684319842448764,,0.01,500,2,l2,42,lbfgs,0.0001,SimpleImputer(strategy='median'),SelectKBest(score_func=<function mutual_info_classif at 0x766691e17420>),7,,"{'balance': None, 'classify__C': 0.01, 'classify__max_iter': 500, 'classify__n_jobs': 2, 'classify__penalty': 'l2', 'classify__random_state': 42, 'classify__solver': 'lbfgs', 'classify__tol': 0.0001, 'impute': SimpleImputer(strategy='median'), 'select': SelectKBest(score_func=<function mutual_info_classif at 0x766691e17420>), 'select__k': 7, 'transform': None}",0.6419753086419753,0.7551820728291316,0.5593277310924369,0.6521617041878479,0.08028097651349801,334,0.7818181818181817,0.7363636363636364,0.7363636363636364,0.7515151515151515,0.021427478217774094,194,0.6666666666666666,0.7619047619047619,0.5714285714285714,0.6666666666666666,0.07776157913597391,308
0.1008450984954834,0.009947032557090254,0.018292903900146484,0.005751296896527868,,0.01,2000,2,l2,42,lbfgs,1e-06,,SelectKBest(score_func=<function mutual_info_classif at 0x766691e17420>),7,,"{'balance': None, 'classify__C': 0.01, 'classify__max_iter': 2000, 'classify__n_jobs': 2, 'classify__penalty': 'l2', 'classify__random_state': 42, 'classify__solver': 'lbfgs', 'classify__tol': 1e-06, 'impute': None, 'select': SelectKBest(score_func=<function mutual_info_classif at 0x766691e17420>), 'select__k': 7, 'transform': None}",0.6419753086419753,0.7551820728291316,0.5593277310924369,0.6521617041878479,0.08028097651349801,334,0.7818181818181817,0.7363636363636364,0.7363636363636364,0.7515151515151515,0.021427478217774094,194,0.6666666666666666,0.7619047619047619,0.5714285714285714,0.6666666666666666,0.07776157913597391,308
0.09086386362711589,0.036106095282816046,0.014265298843383789,0.006408609993356965,,0.01,2000,2,l2,42,lbfgs,0.0001,,SelectKBest(score_func=<function mutual_info_classif at 0x766691e17420>),7,,"{'balance': None, 'classify__C': 0.01, 'classify__max_iter': 2000, 'classify__n_jobs': 2, 'classify__penalty': 'l2', 'classify__random_state': 42, 'classify__solver': 'lbfgs', 'classify__tol': 0.0001, 'impute': None, 'select': SelectKBest(score_func=<function mutual_info_classif at 0x766691e17420>), 'select__k': 7, 'transform': None}",0.6419753086419753,0.7551820728291316,0.5593277310924369,0.6521617041878479,0.08028097651349801,334,0.7818181818181817,0.7363636363636364,0.7363636363636364,0.7515151515151515,0.021427478217774094,194,0.6666666666666666,0.7619047619047619,0.5714285714285714,0.6666666666666666,0.07776157913597391,308
0.09692875544230144,0.042107148221268216,0.019893566767374676,0.007424841320866417,,0.01,2000,2,l2,42,lbfgs,1e-06,SimpleImputer(strategy='median'),SelectKBest(score_func=<function mutual_info_classif at 0x766691e17420>),7,,"{'balance': None, 'classify__C': 0.01, 'classify__max_iter': 2000, 'classify__n_jobs': 2, 'classify__penalty': 'l2', 'classify__random_state': 42, 'classify__solver': 'lbfgs', 'classify__tol': 1e-06, 'impute': SimpleImputer(strategy='median'), 'select': SelectKBest(score_func=<function mutual_info_classif at 0x766691e17420>), 'select__k': 7, 'transform': None}",0.6419753086419753,0.7551820728291316,0.5593277310924369,0.6521617041878479,0.08028097651349801,334,0.7818181818181817,0.7363636363636364,0.7363636363636364,0.7515151515151515,0.021427478217774094,194,0.6666666666666666,0.7619047619047619,0.5714285714285714,0.6666666666666666,0.07776157913597391,308
0.0930182933807373,0.014492976852708525,0.01701966921488444,0.0024915311229870376,,0.01,1000,2,l2,42,lbfgs,0.0001,SimpleImputer(strategy='median'),SelectKBest(score_func=<function mutual_info_classif at 0x766691e17420>),7,,"{'balance': None, 'classify__C': 0.01, 'classify__max_iter': 1000, 'classify__n_jobs': 2, 'classify__penalty': 'l2', 'classify__random_state': 42, 'classify__solver': 'lbfgs', 'classify__tol': 0.0001, 'impute': SimpleImputer(strategy='median'), 'select': SelectKBest(score_func=<function mutual_info_classif at 0x766691e17420>), 'select__k': 7, 'transform': None}",0.6419753086419753,0.7551820728291316,0.5593277310924369,0.6521617041878479,0.08028097651349801,334,0.7818181818181817,0.7363636363636364,0.7363636363636364,0.7515151515151515,0.021427478217774094,194,0.6666666666666666,0.7619047619047619,0.5714285714285714,0.6666666666666666,0.07776157913597391,308
0.09823075930277507,0.02648755705153089,0.01718751589457194,0.006333920015989279,,0.01,500,2,l2,42,lbfgs,1e-06,,SelectKBest(score_func=<function mutual_info_classif at 0x766691e17420>),7,,"{'balance': None, 'classify__C': 0.01, 'classify__max_iter': 500, 'classify__n_jobs': 2, 'classify__penalty': 'l2', 'classify__random_state': 42, 'classify__solver': 'lbfgs', 'classify__tol': 1e-06, 'impute': None, 'select': SelectKBest(score_func=<function mutual_info_classif at 0x766691e17420>), 'select__k': 7, 'transform': None}",0.6419753086419753,0.7551820728291316,0.5593277310924369,0.6521617041878479,0.08028097651349801,334,0.7818181818181817,0.7363636363636364,0.7363636363636364,0.7515151515151515,0.021427478217774094,194,0.6666666666666666,0.7619047619047619,0.5714285714285714,0.6666666666666666,0.07776157913597391,308
0.09942944844563802,0.011037376073397236,0.027534882227579754,0.006180380001930274,,0.01,1000,2,l2,42,lbfgs,1e-06,SimpleImputer(strategy='median'),SelectKBest(score_func=<function mutual_info_classif at 0x766691e17420>),7,,"{'balance': None, 'classify__C': 0.01, 'classify__max_iter': 1000, 'classify__n_jobs': 2, 'classify__penalty': 'l2', 'classify__random_state': 42, 'classify__solver': 'lbfgs', 'classify__tol': 1e-06, 'impute': SimpleImputer(strategy='median'), 'select': SelectKBest(score_func=<function mutual_info_classif at 0x766691e17420>), 'select__k': 7, 'transform': None}",0.6419753086419753,0.7551820728291316,0.5593277310924369,0.6521617041878479,0.08028097651349801,334,0.7818181818181817,0.7363636363636364,0.7363636363636364,0.7515151515151515,0.021427478217774094,194,0.6666666666666666,0.7619047619047619,0.5714285714285714,0.6666666666666666,0.07776157913597391,308
0.08131019274393718,0.03338099137860392,0.01630536715189616,0.008563597926595229,,0.01,1000,2,l2,42,lbfgs,0.0001,,SelectKBest(score_func=<function mutual_info_classif at 0x766691e17420>),7,,"{'balance': None, 'classify__C': 0.01, 'classify__max_iter': 1000, 'classify__n_jobs': 2, 'classify__penalty': 'l2', 'classify__random_state': 42, 'classify__solver': 'lbfgs', 'classify__tol': 0.0001, 'impute': None, 'select': SelectKBest(score_func=<function mutual_info_classif at 0x766691e17420>), 'select__k': 7, 'transform': None}",0.6419753086419753,0.7551820728291316,0.5593277310924369,0.6521617041878479,0.08028097651349801,334,0.7818181818181817,0.7363636363636364,0.7363636363636364,0.7515151515151515,0.021427478217774094,194,0.6666666666666666,0.7619047619047619,0.5714285714285714,0.6666666666666666,0.07776157913597391,308
0.15634258588155112,0.037436631615219866,0.025869369506835938,0.013715533365783883,,0.01,2000,2,l2,42,lbfgs,1e-08,SimpleImputer(strategy='median'),SelectKBest(score_func=<function mutual_info_classif at 0x766691e17420>),7,,"{'balance': None, 'classify__C': 0.01, 'classify__max_iter': 2000, 'classify__n_jobs': 2, 'classify__penalty': 'l2', 'classify__random_state': 42, 'classify__solver': 'lbfgs', 'classify__tol': 1e-08, 'impute': SimpleImputer(strategy='median'), 'select': SelectKBest(score_func=<function mutual_info_classif at 0x766691e17420>), 'select__k': 7, 'transform': None}",0.6419753086419753,0.7551820728291316,0.5593277310924369,0.6521617041878479,0.08028097651349801,334,0.7818181818181817,0.7363636363636364,0.7363636363636364,0.7515151515151515,0.021427478217774094,194,0.6666666666666666,0.7619047619047619,0.5714285714285714,0.6666666666666666,0.07776157913597391,308
0.12200140953063965,0.016500921061734623,0.019327163696289062,0.0008734904706990183,,0.01,1000,2,l2,42,lbfgs,1e-06,,SelectKBest(score_func=<function mutual_info_classif at 0x766691e17420>),7,,"{'balance': None, 'classify__C': 0.01, 'classify__max_iter': 1000, 'classify__n_jobs': 2, 'classify__penalty': 'l2', 'classify__random_state': 42, 'classify__solver': 'lbfgs', 'classify__tol': 1e-06, 'impute': None, 'select': SelectKBest(score_func=<function mutual_info_classif at 0x766691e17420>), 'select__k': 7, 'transform': None}",0.6419753086419753,0.7551820728291316,0.5593277310924369,0.6521617041878479,0.08028097651349801,334,0.7818181818181817,0.7363636363636364,0.7363636363636364,0.7515151515151515,0.021427478217774094,194,0.6666666666666666,0.7619047619047619,0.5714285714285714,0.6666666666666666,0.07776157913597391,308
0.11648885409037273,0.010906412711667023,0.024402936299641926,0.009315866019194617,,0.01,200,2,l2,42,lbfgs,0.0001,SimpleImputer(strategy='median'),SelectKBest(score_func=<function mutual_info_classif at 0x766691e17420>),7,,"{'balance': None, 'classify__C': 0.01, 'classify__max_iter': 200, 'classify__n_jobs': 2, 'classify__penalty': 'l2', 'classify__random_state': 42, 'classify__solver': 'lbfgs', 'classify__tol': 0.0001, 'impute': SimpleImputer(strategy='median'), 'select': SelectKBest(score_func=<function mutual_info_classif at 0x766691e17420>), 'select__k': 7, 'transform': None}",0.6419753086419753,0.7551820728291316,0.5593277310924369,0.6521617041878479,0.08028097651349801,334,0.7818181818181817,0.7363636363636364,0.7363636363636364,0.7515151515151515,0.021427478217774094,194,0.6666666666666666,0.7619047619047619,0.5714285714285714,0.6666666666666666,0.07776157913597391,308
0.1589655081431071,0.014208491664242233,0.025341033935546875,0.0046148462064335176,,0.01,1000,2,l2,42,lbfgs,1e-08,,SelectKBest(score_func=<function mutual_info_classif at 0x766691e17420>),7,,"{'balance': None, 'classify__C': 0.01, 'classify__max_iter': 1000, 'classify__n_jobs': 2, 'classify__penalty': 'l2', 'classify__random_state': 42, 'classify__solver': 'lbfgs', 'classify__tol': 1e-08, 'impute': None, 'select': SelectKBest(score_func=<function mutual_info_classif at 0x766691e17420>), 'select__k': 7, 'transform': None}",0.6419753086419753,0.7551820728291316,0.5593277310924369,0.6521617041878479,0.08028097651349801,334,0.7818181818181817,0.7363636363636364,0.7363636363636364,0.7515151515151515,0.021427478217774094,194,0.6666666666666666,0.7619047619047619,0.5714285714285714,0.6666666666666666,0.07776157913597391,308
0.13196667035420737,0.014922797399279306,0.016838550567626953,0.0020916289781361726,,0.01,1000,2,l2,42,lbfgs,1e-08,SimpleImputer(strategy='median'),SelectKBest(score_func=<function mutual_info_classif at 0x766691e17420>),7,,"{'balance': None, 'classify__C': 0.01, 'classify__max_iter': 1000, 'classify__n_jobs': 2, 'classify__penalty': 'l2', 'classify__random_state': 42, 'classify__solver': 'lbfgs', 'classify__tol': 1e-08, 'impute': SimpleImputer(strategy='median'), 'select': SelectKBest(score_func=<function mutual_info_classif at 0x766691e17420>), 'select__k': 7, 'transform': None}",0.6419753086419753,0.7551820728291316,0.5593277310924369,0.6521617041878479,0.08028097651349801,334,0.7818181818181817,0.7363636363636364,0.7363636363636364,0.7515151515151515,0.021427478217774094,194,0.6666666666666666,0.7619047619047619,0.5714285714285714,0.6666666666666666,0.07776157913597391,308
0.13796782493591309,0.04628040368157522,0.018447478612263996,0.004300166990346324,,0.01,500,2,l2,42,lbfgs,1e-08,,SelectKBest(score_func=<function mutual_info_classif at 0x766691e17420>),7,,"{'balance': None, 'classify__C': 0.01, 'classify__max_iter': 500, 'classify__n_jobs': 2, 'classify__penalty': 'l2', 'classify__random_state': 42, 'classify__solver': 'lbfgs', 'classify__tol': 1e-08, 'impute': None, 'select': SelectKBest(score_func=<function mutual_info_classif at 0x766691e17420>), 'select__k': 7, 'transform': None}",0.6419753086419753,0.7551820728291316,0.5593277310924369,0.6521617041878479,0.08028097651349801,334,0.7818181818181817,0.7363636363636364,0.7363636363636364,0.7515151515151515,0.021427478217774094,194,0.6666666666666666,0.7619047619047619,0.5714285714285714,0.6666666666666666,0.07776157913597391,308
0.051685492197672524,0.004496362341409617,0.01035165786743164,0.00018690343947406137,,0.01,2000,2,l2,42,lbfgs,0.0001,SimpleImputer(strategy='median'),SelectKBest(score_func=<function mutual_info_classif at 0x766691e17420>),7,,"{'balance': None, 'classify__C': 0.01, 'classify__max_iter': 2000, 'classify__n_jobs': 2, 'classify__penalty': 'l2', 'classify__random_state': 42, 'classify__solver': 'lbfgs', 'classify__tol': 0.0001, 'impute': SimpleImputer(strategy='median'), 'select': SelectKBest(score_func=<function mutual_info_classif at 0x766691e17420>), 'select__k': 7, 'transform': None}",0.6419753086419753,0.7551820728291316,0.5593277310924369,0.6521617041878479,0.08028097651349801,334,0.7818181818181817,0.7363636363636364,0.7363636363636364,0.7515151515151515,0.021427478217774094,194,0.6666666666666666,0.7619047619047619,0.5714285714285714,0.6666666666666666,0.07776157913597391,308
0.1600219408671061,0.017109591221050005,0.029059727986653645,0.010125839726608105,,0.01,2000,2,l2,42,lbfgs,1e-08,,SelectKBest(score_func=<function mutual_info_classif at 0x766691e17420>),7,,"{'balance': None, 'classify__C': 0.01, 'classify__max_iter': 2000, 'classify__n_jobs': 2, 'classify__penalty': 'l2', 'classify__random_state': 42, 'classify__solver': 'lbfgs', 'classify__tol': 1e-08, 'impute': None, 'select': SelectKBest(score_func=<function mutual_info_classif at 0x766691e17420>), 'select__k': 7, 'transform': None}",0.6419753086419753,0.7551820728291316,0.5593277310924369,0.6521617041878479,0.08028097651349801,334,0.7818181818181817,0.7363636363636364,0.7363636363636364,0.7515151515151515,0.021427478217774094,194,0.6666666666666666,0.7619047619047619,0.5714285714285714,0.6666666666666666,0.07776157913597391,308
0.3215961456298828,0.013929392751528312,0.03841312726338705,0.006074708532721434,,100.0,100,2,l2,42,lbfgs,0.0001,SimpleImputer(strategy='median'),SelectKBest(score_func=<function mutual_info_classif at 0x766691e17420>),5,,"{'balance': None, 'classify__C': 100.0, 'classify__max_iter': 100, 'classify__n_jobs': 2, 'classify__penalty': 'l2', 'classify__random_state': 42, 'classify__solver': 'lbfgs', 'classify__tol': 0.0001, 'impute': SimpleImputer(strategy='median'), 'select': SelectKBest(score_func=<function mutual_info_classif at 0x766691e17420>), 'select__k': 5, 'transform': None}",0.6666666666666666,0.6190476190476191,0.6666666666666666,0.6507936507936507,0.022447834323382435,364,0.7363636363636363,0.6545454545454545,0.7363636363636363,0.709090909090909,0.038569460791993485,426,0.6666666666666666,0.6190476190476191,0.6666666666666666,0.6507936507936507,0.022447834323382435,393
0.34601513544718426,0.07054192323958285,0.04163980484008789,0.015307125728015876,,100.0,200,2,l2,42,lbfgs,1e-08,,SelectKBest(score_func=<function mutual_info_classif at 0x766691e17420>),5,,"{'balance': None, 'classify__C': 100.0, 'classify__max_iter': 200, 'classify__n_jobs': 2, 'classify__penalty': 'l2', 'classify__random_state': 42, 'classify__solver': 'lbfgs', 'classify__tol': 1e-08, 'impute': None, 'select': SelectKBest(score_func=<function mutual_info_classif at 0x766691e17420>), 'select__k': 5, 'transform': None}",0.6666666666666666,0.6190476190476191,0.6666666666666666,0.6507936507936507,0.022447834323382435,364,0.7363636363636363,0.6545454545454545,0.7363636363636363,0.709090909090909,0.038569460791993485,426,0.6666666666666666,0.6190476190476191,0.6666666666666666,0.6507936507936507,0.022447834323382435,393
0.19103082021077475,0.06373205512550674,0.022982041041056316,0.011337100810181973,,100.0,200,2,l2,42,lbfgs,1e-06,,SelectKBest(score_func=<function mutual_info_classif at 0x766691e17420>),5,,"{'balance': None, 'classify__C': 100.0, 'classify__max_iter': 200, 'classify__n_jobs': 2, 'classify__penalty': 'l2', 'classify__random_state': 42, 'classify__solver': 'lbfgs', 'classify__tol': 1e-06, 'impute': None, 'select': SelectKBest(score_func=<function mutual_info_classif at 0x766691e17420>), 'select__k': 5, 'transform': None}",0.6666666666666666,0.6190476190476191,0.6666666666666666,0.6507936507936507,0.022447834323382435,364,0.7363636363636363,0.6545454545454545,0.7363636363636363,0.709090909090909,0.038569460791993485,426,0.6666666666666666,0.6190476190476191,0.6666666666666666,0.6507936507936507,0.022447834323382435,393
0.2860852877298991,0.13357699931057776,0.02326822280883789,0.009894086052340977,,100.0,2000,2,l2,42,lbfgs,1e-08,,SelectKBest(score_func=<function mutual_info_classif at 0x766691e17420>),5,,"{'balance': None, 'classify__C': 100.0, 'classify__max_iter': 2000, 'classify__n_jobs': 2, 'classify__penalty': 'l2', 'classify__random_state': 42, 'classify__solver': 'lbfgs', 'classify__tol': 1e-08, 'impute': None, 'select': SelectKBest(score_func=<function mutual_info_classif at 0x766691e17420>), 'select__k': 5, 'transform': None}",0.6666666666666666,0.6190476190476191,0.6666666666666666,0.6507936507936507,0.022447834323382435,364,0.7363636363636363,0.6545454545454545,0.7363636363636363,0.709090909090909,0.038569460791993485,426,0.6666666666666666,0.6190476190476191,0.6666666666666666,0.6507936507936507,0.022447834323382435,393
0.23815441131591797,0.04607435108041668,0.028713464736938477,0.014182722745751162,,100.0,200,2,l2,42,lbfgs,1e-08,SimpleImputer(strategy='median'),SelectKBest(score_func=<function mutual_info_classif at 0x766691e17420>),5,,"{'balance': None, 'classify__C': 100.0, 'classify__max_iter': 200, 'classify__n_jobs': 2, 'classify__penalty': 'l2', 'classify__random_state': 42, 'classify__solver': 'lbfgs', 'classify__tol': 1e-08, 'impute': SimpleImputer(strategy='median'), 'select': SelectKBest(score_func=<function mutual_info_classif at 0x766691e17420>), 'select__k': 5, 'transform': None}",0.6666666666666666,0.6190476190476191,0.6666666666666666,0.6507936507936507,0.022447834323382435,364,0.7363636363636363,0.6545454545454545,0.7363636363636363,0.709090909090909,0.038569460791993485,426,0.6666666666666666,0.6190476190476191,0.6666666666666666,0.6507936507936507,0.022447834323382435,393
0.11742488543192546,0.012240602055517429,0.016942262649536133,0.006520190610303101,,100.0,100,2,l2,42,lbfgs,0.0001,,SelectKBest(score_func=<function mutual_info_classif at 0x766691e17420>),5,,"{'balance': None, 'classify__C': 100.0, 'classify__max_iter': 100, 'classify__n_jobs': 2, 'classify__penalty': 'l2', 'classify__random_state': 42, 'classify__solver': 'lbfgs', 'classify__tol': 0.0001, 'impute': None, 'select': SelectKBest(score_func=<function mutual_info_classif at 0x766691e17420>), 'select__k': 5, 'transform': None}",0.6666666666666666,0.6190476190476191,0.6666666666666666,0.6507936507936507,0.022447834323382435,364,0.7363636363636363,0.6545454545454545,0.7363636363636363,0.709090909090909,0.038569460791993485,426,0.6666666666666666,0.6190476190476191,0.6666666666666666,0.6507936507936507,0.022447834323382435,393
0.1365652084350586,0.030195862254158004,0.012795289357503256,0.005049923665790729,,100.0,100,2,l2,42,lbfgs,1e-08,,SelectKBest(score_func=<function mutual_info_classif at 0x766691e17420>),5,,"{'balance': None, 'classify__C': 100.0, 'classify__max_iter': 100, 'classify__n_jobs': 2, 'classify__penalty': 'l2', 'classify__random_state': 42, 'classify__solver': 'lbfgs', 'classify__tol': 1e-08, 'impute': None, 'select': SelectKBest(score_func=<function mutual_info_classif at 0x766691e17420>), 'select__k': 5, 'transform': None}",0.6666666666666666,0.6190476190476191,0.6666666666666666,0.6507936507936507,0.022447834323382435,364,0.7363636363636363,0.6545454545454545,0.7363636363636363,0.709090909090909,0.038569460791993485,426,0.6666666666666666,0.6190476190476191,0.6666666666666666,0.6507936507936507,0.022447834323382435,393
0.18179972966512045,0.03526401708067697,0.02008334795633952,0.008063537158620819,,100.0,200,2,l2,42,lbfgs,0.0001,,SelectKBest(score_func=<function mutual_info_classif at 0x766691e17420>),5,,"{'balance': None, 'classify__C': 100.0, 'classify__max_iter': 200, 'classify__n_jobs': 2, 'classify__penalty': 'l2', 'classify__random_state': 42, 'classify__solver': 'lbfgs', 'classify__tol': 0.0001, 'impute': None, 'select': SelectKBest(score_func=<function mutual_info_classif at 0x766691e17420>), 'select__k': 5, 'transform': None}",0.6666666666666666,0.6190476190476191,0.6666666666666666,0.6507936507936507,0.022447834323382435,364,0.7363636363636363,0.6545454545454545,0.7363636363636363,0.709090909090909,0.038569460791993485,426,0.6666666666666666,0.6190476190476191,0.6666666666666666,0.6507936507936507,0.022447834323382435,393
0.1839733123779297,0.053174885424753175,0.012568155924479166,0.004830594096117573,,100.0,200,2,l2,42,lbfgs,1e-06,SimpleImputer(strategy='median'),SelectKBest(score_func=<function mutual_info_classif at 0x766691e17420>),5,,"{'balance': None, 'classify__C': 100.0, 'classify__max_iter': 200, 'classify__n_jobs': 2, 'classify__penalty': 'l2', 'classify__random_state': 42, 'classify__solver': 'lbfgs', 'classify__tol': 1e-06, 'impute': SimpleImputer(strategy='median'), 'select': SelectKBest(score_func=<function mutual_info_classif at 0x766691e17420>), 'select__k': 5, 'transform': None}",0.6666666666666666,0.6190476190476191,0.6666666666666666,0.6507936507936507,0.022447834323382435,364,0.7363636363636363,0.6545454545454545,0.7363636363636363,0.709090909090909,0.038569460791993485,426,0.6666666666666666,0.6190476190476191,0.6666666666666666,0.6507936507936507,0.022447834323382435,393
0.2806434631347656,0.07853639127359001,0.025141318639119465,0.01136692697923184,,100.0,500,2,l2,42,lbfgs,1e-06,SimpleImputer(strategy='median'),SelectKBest(score_func=<function mutual_info_classif at 0x766691e17420>),5,,"{'balance': None, 'classify__C': 100.0, 'classify__max_iter': 500, 'classify__n_jobs': 2, 'classify__penalty': 'l2', 'classify__random_state': 42, 'classify__solver': 'lbfgs', 'classify__tol': 1e-06, 'impute': SimpleImputer(strategy='median'), 'select': SelectKBest(score_func=<function mutual_info_classif at 0x766691e17420>), 'select__k': 5, 'transform': None}",0.6666666666666666,0.6190476190476191,0.6666666666666666,0.6507936507936507,0.022447834323382435,364,0.7363636363636363,0.6545454545454545,0.7363636363636363,0.709090909090909,0.038569460791993485,426,0.6666666666666666,0.6190476190476191,0.6666666666666666,0.6507936507936507,0.022447834323382435,393
0.11274878184000652,0.003330215238936617,0.00981752077738444,0.0003826188290757048,,100.0,200,2,l2,42,lbfgs,0.0001,SimpleImputer(strategy='median'),SelectKBest(score_func=<function mutual_info_classif at 0x766691e17420>),5,,"{'balance': None, 'classify__C': 100.0, 'classify__max_iter': 200, 'classify__n_jobs': 2, 'classify__penalty': 'l2', 'classify__random_state': 42, 'classify__solver': 'lbfgs', 'classify__tol': 0.0001, 'impute': SimpleImputer(strategy='median'), 'select': SelectKBest(score_func=<function mutual_info_classif at 0x766691e17420>), 'select__k': 5, 'transform': None}",0.6666666666666666,0.6190476190476191,0.6666666666666666,0.6507936507936507,0.022447834323382435,364,0.7363636363636363,0.6545454545454545,0.7363636363636363,0.709090909090909,0.038569460791993485,426,0.6666666666666666,0.6190476190476191,0.6666666666666666,0.6507936507936507,0.022447834323382435,393
0.134536345799764,0.006100391437514633,0.013556559880574545,0.005959746410773634,,100.0,100,2,l2,42,lbfgs,1e-06,SimpleImputer(strategy='median'),SelectKBest(score_func=<function mutual_info_classif at 0x766691e17420>),5,,"{'balance': None, 'classify__C': 100.0, 'classify__max_iter': 100, 'classify__n_jobs': 2, 'classify__penalty': 'l2', 'classify__random_state': 42, 'classify__solver': 'lbfgs', 'classify__tol': 1e-06, 'impute': SimpleImputer(strategy='median'), 'select': SelectKBest(score_func=<function mutual_info_classif at 0x766691e17420>), 'select__k': 5, 'transform': None}",0.6666666666666666,0.6190476190476191,0.6666666666666666,0.6507936507936507,0.022447834323382435,364,0.7363636363636363,0.6545454545454545,0.7363636363636363,0.709090909090909,0.038569460791993485,426,0.6666666666666666,0.6190476190476191,0.6666666666666666,0.6507936507936507,0.022447834323382435,393
0.24527565638224283,0.0814880616719592,0.023358980814615887,0.010961745675895761,,100.0,100,2,l2,42,lbfgs,1e-06,,SelectKBest(score_func=<function mutual_info_classif at 0x766691e17420>),5,,"{'balance': None, 'classify__C': 100.0, 'classify__max_iter': 100, 'classify__n_jobs': 2, 'classify__penalty': 'l2', 'classify__random_state': 42, 'classify__solver': 'lbfgs', 'classify__tol': 1e-06, 'impute': None, 'select': SelectKBest(score_func=<function mutual_info_classif at 0x766691e17420>), 'select__k': 5, 'transform': None}",0.6666666666666666,0.6190476190476191,0.6666666666666666,0.6507936507936507,0.022447834323382435,364,0.7363636363636363,0.6545454545454545,0.7363636363636363,0.709090909090909,0.038569460791993485,426,0.6666666666666666,0.6190476190476191,0.6666666666666666,0.6507936507936507,0.022447834323382435,393
0.18196463584899902,0.05191883301722325,0.01750032107035319,0.011242395001975871,,100.0,100,2,l2,42,lbfgs,1e-08,SimpleImputer(strategy='median'),SelectKBest(score_func=<function mutual_info_classif at 0x766691e17420>),5,,"{'balance': None, 'classify__C': 100.0, 'classify__max_iter': 100, 'classify__n_jobs': 2, 'classify__penalty': 'l2', 'classify__random_state': 42, 'classify__solver': 'lbfgs', 'classify__tol': 1e-08, 'impute': SimpleImputer(strategy='median'), 'select': SelectKBest(score_func=<function mutual_info_classif at 0x766691e17420>), 'select__k': 5, 'transform': None}",0.6666666666666666,0.6190476190476191,0.6666666666666666,0.6507936507936507,0.022447834323382435,364,0.7363636363636363,0.6545454545454545,0.7363636363636363,0.709090909090909,0.038569460791993485,426,0.6666666666666666,0.6190476190476191,0.6666666666666666,0.6507936507936507,0.022447834323382435,393
0.2943708101908366,0.056747087983289715,0.03341857592264811,0.00758150590597045,,100.0,1000,2,l2,42,lbfgs,0.0001,,SelectKBest(score_func=<function mutual_info_classif at 0x766691e17420>),5,,"{'balance': None, 'classify__C': 100.0, 'classify__max_iter': 1000, 'classify__n_jobs': 2, 'classify__penalty': 'l2', 'classify__random_state': 42, 'classify__solver': 'lbfgs', 'classify__tol': 0.0001, 'impute': None, 'select': SelectKBest(score_func=<function mutual_info_classif at 0x766691e17420>), 'select__k': 5, 'transform': None}",0.6666666666666666,0.6190476190476191,0.6666666666666666,0.6507936507936507,0.022447834323382435,364,0.7363636363636363,0.6545454545454545,0.7363636363636363,0.709090909090909,0.038569460791993485,426,0.6666666666666666,0.6190476190476191,0.6666666666666666,0.6507936507936507,0.022447834323382435,393
0.24441210428873697,0.0731065040954798,0.03485806783040365,0.014782135273110548,,100.0,1000,2,l2,42,lbfgs,0.0001,SimpleImputer(strategy='median'),SelectKBest(score_func=<function mutual_info_classif at 0x766691e17420>),5,,"{'balance': None, 'classify__C': 100.0, 'classify__max_iter': 1000, 'classify__n_jobs': 2, 'classify__penalty': 'l2', 'classify__random_state': 42, 'classify__solver': 'lbfgs', 'classify__tol': 0.0001, 'impute': SimpleImputer(strategy='median'), 'select': SelectKBest(score_func=<function mutual_info_classif at 0x766691e17420>), 'select__k': 5, 'transform': None}",0.6666666666666666,0.6190476190476191,0.6666666666666666,0.6507936507936507,0.022447834323382435,364,0.7363636363636363,0.6545454545454545,0.7363636363636363,0.709090909090909,0.038569460791993485,426,0.6666666666666666,0.6190476190476191,0.6666666666666666,0.6507936507936507,0.022447834323382435,393
0.3588390350341797,0.029931811873638827,0.027269681294759113,0.009517285792057842,,100.0,1000,2,l2,42,lbfgs,1e-08,SimpleImputer(strategy='median'),SelectKBest(score_func=<function mutual_info_classif at 0x766691e17420>),5,,"{'balance': None, 'classify__C': 100.0, 'classify__max_iter': 1000, 'classify__n_jobs': 2, 'classify__penalty': 'l2', 'classify__random_state': 42, 'classify__solver': 'lbfgs', 'classify__tol': 1e-08, 'impute': SimpleImputer(strategy='median'), 'select': SelectKBest(score_func=<function mutual_info_classif at 0x766691e17420>), 'select__k': 5, 'transform': None}",0.6666666666666666,0.6190476190476191,0.6666666666666666,0.6507936507936507,0.022447834323382435,364,0.7363636363636363,0.6545454545454545,0.7363636363636363,0.709090909090909,0.038569460791993485,426,0.6666666666666666,0.6190476190476191,0.6666666666666666,0.6507936507936507,0.022447834323382435,393
0.26450880368550617,0.01983440335400563,0.028719345728556316,0.0025587324305684114,,100.0,2000,2,l2,42,lbfgs,0.0001,,SelectKBest(score_func=<function mutual_info_classif at 0x766691e17420>),5,,"{'balance': None, 'classify__C': 100.0, 'classify__max_iter': 2000, 'classify__n_jobs': 2, 'classify__penalty': 'l2', 'classify__random_state': 42, 'classify__solver': 'lbfgs', 'classify__tol': 0.0001, 'impute': None, 'select': SelectKBest(score_func=<function mutual_info_classif at 0x766691e17420>), 'select__k': 5, 'transform': None}",0.6666666666666666,0.6190476190476191,0.6666666666666666,0.6507936507936507,0.022447834323382435,364,0.7363636363636363,0.6545454545454545,0.7363636363636363,0.709090909090909,0.038569460791993485,426,0.6666666666666666,0.6190476190476191,0.6666666666666666,0.6507936507936507,0.022447834323382435,393
0.17069204648335776,0.025771636042957485,0.008853753407796225,0.0004066941267912464,,100.0,500,2,l2,42,lbfgs,1e-08,,SelectKBest(score_func=<function mutual_info_classif at 0x766691e17420>),5,,"{'balance': None, 'classify__C': 100.0, 'classify__max_iter': 500, 'classify__n_jobs': 2, 'classify__penalty': 'l2', 'classify__random_state': 42, 'classify__solver': 'lbfgs', 'classify__tol': 1e-08, 'impute': None, 'select': SelectKBest(score_func=<function mutual_info_classif at 0x766691e17420>), 'select__k': 5, 'transform': None}",0.6666666666666666,0.6190476190476191,0.6666666666666666,0.6507936507936507,0.022447834323382435,364,0.7363636363636363,0.6545454545454545,0.7363636363636363,0.709090909090909,0.038569460791993485,426,0.6666666666666666,0.6190476190476191,0.6666666666666666,0.6507936507936507,0.022447834323382435,393
0.2631218433380127,0.09379922278120903,0.01889204978942871,0.013261660542049037,,100.0,500,2,l2,42,lbfgs,1e-08,SimpleImputer(strategy='median'),SelectKBest(score_func=<function mutual_info_classif at 0x766691e17420>),5,,"{'balance': None, 'classify__C': 100.0, 'classify__max_iter': 500, 'classify__n_jobs': 2, 'classify__penalty': 'l2', 'classify__random_state': 42, 'classify__solver': 'lbfgs', 'classify__tol': 1e-08, 'impute': SimpleImputer(strategy='median'), 'select': SelectKBest(score_func=<function mutual_info_classif at 0x766691e17420>), 'select__k': 5, 'transform': None}",0.6666666666666666,0.6190476190476191,0.6666666666666666,0.6507936507936507,0.022447834323382435,364,0.7363636363636363,0.6545454545454545,0.7363636363636363,0.709090909090909,0.038569460791993485,426,0.6666666666666666,0.6190476190476191,0.6666666666666666,0.6507936507936507,0.022447834323382435,393
0.28464531898498535,0.12230297866059767,0.009852329889933268,0.0018982230406163283,,100.0,2000,2,l2,42,lbfgs,1e-06,,SelectKBest(score_func=<function mutual_info_classif at 0x766691e17420>),5,,"{'balance': None, 'classify__C': 100.0, 'classify__max_iter': 2000, 'classify__n_jobs': 2, 'classify__penalty': 'l2', 'classify__random_state': 42, 'classify__solver': 'lbfgs', 'classify__tol': 1e-06, 'impute': None, 'select': SelectKBest(score_func=<function mutual_info_classif at 0x766691e17420>), 'select__k': 5, 'transform': None}",0.6666666666666666,0.6190476190476191,0.6666666666666666,0.6507936507936507,0.022447834323382435,364,0.7363636363636363,0.6545454545454545,0.7363636363636363,0.709090909090909,0.038569460791993485,426,0.6666666666666666,0.6190476190476191,0.6666666666666666,0.6507936507936507,0.022447834323382435,393
0.41486374537150067,0.05701555658533106,0.04950714111328125,0.004131527194299399,,100.0,2000,2,l2,42,lbfgs,1e-08,SimpleImputer(strategy='median'),SelectKBest(score_func=<function mutual_info_classif at 0x766691e17420>),5,,"{'balance': None, 'classify__C': 100.0, 'classify__max_iter': 2000, 'classify__n_jobs': 2, 'classify__penalty': 'l2', 'classify__random_state': 42, 'classify__solver': 'lbfgs', 'classify__tol': 1e-08, 'impute': SimpleImputer(strategy='median'), 'select': SelectKBest(score_func=<function mutual_info_classif at 0x766691e17420>), 'select__k': 5, 'transform': None}",0.6666666666666666,0.6190476190476191,0.6666666666666666,0.6507936507936507,0.022447834323382435,364,0.7363636363636363,0.6545454545454545,0.7363636363636363,0.709090909090909,0.038569460791993485,426,0.6666666666666666,0.6190476190476191,0.6666666666666666,0.6507936507936507,0.022447834323382435,393
0.34026455879211426,0.025832636738126403,0.0443575382232666,0.018997321377158916,,100.0,1000,2,l2,42,lbfgs,1e-06,SimpleImputer(strategy='median'),SelectKBest(score_func=<function mutual_info_classif at 0x766691e17420>),5,,"{'balance': None, 'classify__C': 100.0, 'classify__max_iter': 1000, 'classify__n_jobs': 2, 'classify__penalty': 'l2', 'classify__random_state': 42, 'classify__solver': 'lbfgs', 'classify__tol': 1e-06, 'impute': SimpleImputer(strategy='median'), 'select': SelectKBest(score_func=<function mutual_info_classif at 0x766691e17420>), 'select__k': 5, 'transform': None}",0.6666666666666666,0.6190476190476191,0.6666666666666666,0.6507936507936507,0.022447834323382435,364,0.7363636363636363,0.6545454545454545,0.7363636363636363,0.709090909090909,0.038569460791993485,426,0.6666666666666666,0.6190476190476191,0.6666666666666666,0.6507936507936507,0.022447834323382435,393
0.32006057103474933,0.06135718537279403,0.025462945302327473,0.004080088114143675,,100.0,1000,2,l2,42,lbfgs,1e-08,,SelectKBest(score_func=<function mutual_info_classif at 0x766691e17420>),5,,"{'balance': None, 'classify__C': 100.0, 'classify__max_iter': 1000, 'classify__n_jobs': 2, 'classify__penalty': 'l2', 'classify__random_state': 42, 'classify__solver': 'lbfgs', 'classify__tol': 1e-08, 'impute': None, 'select': SelectKBest(score_func=<function mutual_info_classif at 0x766691e17420>), 'select__k': 5, 'transform': None}",0.6666666666666666,0.6190476190476191,0.6666666666666666,0.6507936507936507,0.022447834323382435,364,0.7363636363636363,0.6545454545454545,0.7363636363636363,0.709090909090909,0.038569460791993485,426,0.6666666666666666,0.6190476190476191,0.6666666666666666,0.6507936507936507,0.022447834323382435,393
0.2745490074157715,0.019578158637833715,0.036207358042399086,0.007896945466308647,,100.0,500,2,l2,42,lbfgs,0.0001,SimpleImputer(strategy='median'),SelectKBest(score_func=<function mutual_info_classif at 0x766691e17420>),5,,"{'balance': None, 'classify__C': 100.0, 'classify__max_iter': 500, 'classify__n_jobs': 2, 'classify__penalty': 'l2', 'classify__random_state': 42, 'classify__solver': 'lbfgs', 'classify__tol': 0.0001, 'impute': SimpleImputer(strategy='median'), 'select': SelectKBest(score_func=<function mutual_info_classif at 0x766691e17420>), 'select__k': 5, 'transform': None}",0.6666666666666666,0.6190476190476191,0.6666666666666666,0.6507936507936507,0.022447834323382435,364,0.7363636363636363,0.6545454545454545,0.7363636363636363,0.709090909090909,0.038569460791993485,426,0.6666666666666666,0.6190476190476191,0.6666666666666666,0.6507936507936507,0.022447834323382435,393
0.1291526953379313,0.05895564745669107,0.025984923044840496,0.006266455405376796,,1.0,1000,2,l2,42,lbfgs,0.0001,SimpleImputer(strategy='median'),SelectKBest(score_func=<function mutual_info_classif at 0x766691e17420>),7,,"{'balance': None, 'classify__C': 1.0, 'classify__max_iter': 1000, 'classify__n_jobs': 2, 'classify__penalty': 'l2', 'classify__random_state': 42, 'classify__solver': 'lbfgs', 'classify__tol': 0.0001, 'impute': SimpleImputer(strategy='median'), 'select': SelectKBest(score_func=<function mutual_info_classif at 0x766691e17420>), 'select__k': 7, 'transform': None}",0.6137566137566137,0.662090007627765,0.6666666666666666,0.6475044293503484,0.023936342591703998,389,0.7272727272727273,0.8545454545454545,0.790909090909091,0.790909090909091,0.051958873331764355,121,0.6190476190476191,0.6666666666666666,0.6666666666666666,0.6507936507936507,0.022447834323382435,393
0.19678942362467447,0.013068563204129148,0.01409459114074707,0.009128658724013153,,1.0,1000,2,l2,42,lbfgs,1e-08,,SelectKBest(score_func=<function mutual_info_classif at 0x766691e17420>),7,,"{'balance': None, 'classify__C': 1.0, 'classify__max_iter': 1000, 'classify__n_jobs': 2, 'classify__penalty': 'l2', 'classify__random_state': 42, 'classify__solver': 'lbfgs', 'classify__tol': 1e-08, 'impute': None, 'select': SelectKBest(score_func=<function mutual_info_classif at 0x766691e17420>), 'select__k': 7, 'transform': None}",0.6137566137566137,0.662090007627765,0.6666666666666666,0.6475044293503484,0.023936342591703998,389,0.7272727272727273,0.8545454545454545,0.790909090909091,0.790909090909091,0.051958873331764355,121,0.6190476190476191,0.6666666666666666,0.6666666666666666,0.6507936507936507,0.022447834323382435,393
0.28363625208536786,0.06371774926420301,0.029482046763102215,0.002558818477004697,,1.0,2000,2,l2,42,lbfgs,1e-08,SimpleImputer(strategy='median'),SelectKBest(score_func=<function mutual_info_classif at 0x766691e17420>),7,,"{'balance': None, 'classify__C': 1.0, 'classify__max_iter': 2000, 'classify__n_jobs': 2, 'classify__penalty': 'l2', 'classify__random_state': 42, 'classify__solver': 'lbfgs', 'classify__tol': 1e-08, 'impute': SimpleImputer(strategy='median'), 'select': SelectKBest(score_func=<function mutual_info_classif at 0x766691e17420>), 'select__k': 7, 'transform': None}",0.6137566137566137,0.662090007627765,0.6666666666666666,0.6475044293503484,0.023936342591703998,389,0.7272727272727273,0.8545454545454545,0.790909090909091,0.790909090909091,0.051958873331764355,121,0.6190476190476191,0.6666666666666666,0.6666666666666666,0.6507936507936507,0.022447834323382435,393
0.11420083045959473,0.012795758259614202,0.009426514307657877,0.0006949854914772278,,1.0,500,2,l2,42,lbfgs,1e-06,,SelectKBest(score_func=<function mutual_info_classif at 0x766691e17420>),7,,"{'balance': None, 'classify__C': 1.0, 'classify__max_iter': 500, 'classify__n_jobs': 2, 'classify__penalty': 'l2', 'classify__random_state': 42, 'classify__solver': 'lbfgs', 'classify__tol': 1e-06, 'impute': None, 'select': SelectKBest(score_func=<function mutual_info_classif at 0x766691e17420>), 'select__k': 7, 'transform': None}",0.6137566137566137,0.662090007627765,0.6666666666666666,0.6475044293503484,0.023936342591703998,389,0.7272727272727273,0.8545454545454545,0.790909090909091,0.790909090909091,0.051958873331764355,121,0.6190476190476191,0.6666666666666666,0.6666666666666666,0.6507936507936507,0.022447834323382435,393
0.2487034797668457,0.011927471659020743,0.029024600982666016,0.005970020654070854,,10.0,100,2,l2,42,lbfgs,1e-08,,SelectKBest(score_func=<function mutual_info_classif at 0x766691e17420>),5,,"{'balance': None, 'classify__C': 10.0, 'classify__max_iter': 100, 'classify__n_jobs': 2, 'classify__penalty': 'l2', 'classify__random_state': 42, 'classify__solver': 'lbfgs', 'classify__tol': 1e-08, 'impute': None, 'select': SelectKBest(score_func=<function mutual_info_classif at 0x766691e17420>), 'select__k': 5, 'transform': None}",0.6651411136536994,0.5714285714285714,0.6666666666666666,0.6344121172496457,0.04454044687057207,393,0.7272727272727273,0.6545454545454545,0.7545454545454545,0.712121212121212,0.04220723720358823,408,0.6666666666666666,0.5714285714285714,0.6666666666666666,0.6349206349206349,0.04489566864676491,422
0.1758561929066976,0.04075631704784071,0.02815842628479004,0.003511474952648712,,10.0,100,2,l2,42,lbfgs,0.0001,,SelectKBest(score_func=<function mutual_info_classif at 0x766691e17420>),5,,"{'balance': None, 'classify__C': 10.0, 'classify__max_iter': 100, 'classify__n_jobs': 2, 'classify__penalty': 'l2', 'classify__random_state': 42, 'classify__solver': 'lbfgs', 'classify__tol': 0.0001, 'impute': None, 'select': SelectKBest(score_func=<function mutual_info_classif at 0x766691e17420>), 'select__k': 5, 'transform': None}",0.6651411136536994,0.5714285714285714,0.6666666666666666,0.6344121172496457,0.04454044687057207,393,0.7363636363636363,0.6545454545454545,0.7545454545454545,0.7151515151515152,0.04349303058911309,398,0.6666666666666666,0.5714285714285714,0.6666666666666666,0.6349206349206349,0.04489566864676491,422
0.19166350364685059,0.016968569553337823,0.031417528788248696,0.011097325446767765,,10.0,200,2,l2,42,lbfgs,1e-06,SimpleImputer(strategy='median'),SelectKBest(score_func=<function mutual_info_classif at 0x766691e17420>),5,,"{'balance': None, 'classify__C': 10.0, 'classify__max_iter': 200, 'classify__n_jobs': 2, 'classify__penalty': 'l2', 'classify__random_state': 42, 'classify__solver': 'lbfgs', 'classify__tol': 1e-06, 'impute': SimpleImputer(strategy='median'), 'select': SelectKBest(score_func=<function mutual_info_classif at 0x766691e17420>), 'select__k': 5, 'transform': None}",0.6651411136536994,0.5714285714285714,0.6666666666666666,0.6344121172496457,0.04454044687057207,393,0.7272727272727273,0.6545454545454545,0.7545454545454545,0.712121212121212,0.04220723720358823,408,0.6666666666666666,0.5714285714285714,0.6666666666666666,0.6349206349206349,0.04489566864676491,422
0.11188395818074544,0.03569245570471345,0.013160943984985352,0.004863000378121806,,10.0,200,2,l2,42,lbfgs,0.0001,SimpleImputer(strategy='median'),SelectKBest(score_func=<function mutual_info_classif at 0x766691e17420>),5,,"{'balance': None, 'classify__C': 10.0, 'classify__max_iter': 200, 'classify__n_jobs': 2, 'classify__penalty': 'l2', 'classify__random_state': 42, 'classify__solver': 'lbfgs', 'classify__tol': 0.0001, 'impute': SimpleImputer(strategy='median'), 'select': SelectKBest(score_func=<function mutual_info_classif at 0x766691e17420>), 'select__k': 5, 'transform': None}",0.6651411136536994,0.5714285714285714,0.6666666666666666,0.6344121172496457,0.04454044687057207,393,0.7363636363636363,0.6545454545454545,0.7545454545454545,0.7151515151515152,0.04349303058911309,398,0.6666666666666666,0.5714285714285714,0.6666666666666666,0.6349206349206349,0.04489566864676491,422
0.14527519543965658,0.050020953596017284,0.01446207364400228,0.006803723167305385,,10.0,200,2,l2,42,lbfgs,0.0001,,SelectKBest(score_func=<function mutual_info_classif at 0x766691e17420>),5,,"{'balance': None, 'classify__C': 10.0, 'classify__max_iter': 200, 'classify__n_jobs': 2, 'classify__penalty': 'l2', 'classify__random_state': 42, 'classify__solver': 'lbfgs', 'classify__tol': 0.0001, 'impute': None, 'select': SelectKBest(score_func=<function mutual_info_classif at 0x766691e17420>), 'select__k': 5, 'transform': None}",0.6651411136536994,0.5714285714285714,0.6666666666666666,0.6344121172496457,0.04454044687057207,393,0.7363636363636363,0.6545454545454545,0.7545454545454545,0.7151515151515152,0.04349303058911309,398,0.6666666666666666,0.5714285714285714,0.6666666666666666,0.6349206349206349,0.04489566864676491,422
0.14417481422424316,0.06952632509025007,0.02056280771891276,0.01422037417096964,,10.0,100,2,l2,42,lbfgs,1e-08,SimpleImputer(strategy='median'),SelectKBest(score_func=<function mutual_info_classif at 0x766691e17420>),5,,"{'balance': None, 'classify__C': 10.0, 'classify__max_iter': 100, 'classify__n_jobs': 2, 'classify__penalty': 'l2', 'classify__random_state': 42, 'classify__solver': 'lbfgs', 'classify__tol': 1e-08, 'impute': SimpleImputer(strategy='median'), 'select': SelectKBest(score_func=<function mutual_info_classif at 0x766691e17420>), 'select__k': 5, 'transform': None}",0.6651411136536994,0.5714285714285714,0.6666666666666666,0.6344121172496457,0.04454044687057207,393,0.7272727272727273,0.6545454545454545,0.7545454545454545,0.712121212121212,0.04220723720358823,408,0.6666666666666666,0.5714285714285714,0.6666666666666666,0.6349206349206349,0.04489566864676491,422
0.1569507122039795,0.028894366307265915,0.020764748255411785,0.011229443516697865,,10.0,100,2,l2,42,lbfgs,0.0001,SimpleImputer(strategy='median'),SelectKBest(score_func=<function mutual_info_classif at 0x766691e17420>),5,,"{'balance': None, 'classify__C': 10.0, 'classify__max_iter': 100, 'classify__n_jobs': 2, 'classify__penalty': 'l2', 'classify__random_state': 42, 'classify__solver': 'lbfgs', 'classify__tol': 0.0001, 'impute': SimpleImputer(strategy='median'), 'select': SelectKBest(score_func=<function mutual_info_classif at 0x766691e17420>), 'select__k': 5, 'transform': None}",0.6651411136536994,0.5714285714285714,0.6666666666666666,0.6344121172496457,0.04454044687057207,393,0.7363636363636363,0.6545454545454545,0.7545454545454545,0.7151515151515152,0.04349303058911309,398,0.6666666666666666,0.5714285714285714,0.6666666666666666,0.6349206349206349,0.04489566864676491,422
0.21397709846496582,0.006411859062629705,0.021632830301920574,0.0092707042882016,,10.0,100,2,l2,42,lbfgs,1e-06,,SelectKBest(score_func=<function mutual_info_classif at 0x766691e17420>),5,,"{'balance': None, 'classify__C': 10.0, 'classify__max_iter': 100, 'classify__n_jobs': 2, 'classify__penalty': 'l2', 'classify__random_state': 42, 'classify__solver': 'lbfgs', 'classify__tol': 1e-06, 'impute': None, 'select': SelectKBest(score_func=<function mutual_info_classif at 0x766691e17420>), 'select__k': 5, 'transform': None}",0.6651411136536994,0.5714285714285714,0.6666666666666666,0.6344121172496457,0.04454044687057207,393,0.7272727272727273,0.6545454545454545,0.7545454545454545,0.712121212121212,0.04220723720358823,408,0.6666666666666666,0.5714285714285714,0.6666666666666666,0.6349206349206349,0.04489566864676491,422
0.08110570907592773,0.024359533772464432,0.010454336802164713,0.001792724498699822,,10.0,1000,2,l2,42,lbfgs,1e-08,,SelectKBest(score_func=<function mutual_info_classif at 0x766691e17420>),5,,"{'balance': None, 'classify__C': 10.0, 'classify__max_iter': 1000, 'classify__n_jobs': 2, 'classify__penalty': 'l2', 'classify__random_state': 42, 'classify__solver': 'lbfgs', 'classify__tol': 1e-08, 'impute': None, 'select': SelectKBest(score_func=<function mutual_info_classif at 0x766691e17420>), 'select__k': 5, 'transform': None}",0.6651411136536994,0.5714285714285714,0.6666666666666666,0.6344121172496457,0.04454044687057207,393,0.7272727272727273,0.6545454545454545,0.7545454545454545,0.712121212121212,0.04220723720358823,408,0.6666666666666666,0.5714285714285714,0.6666666666666666,0.6349206349206349,0.04489566864676491,422
0.1267697016398112,0.061425007586190516,0.018732388814290363,0.009506278302602233,,10.0,1000,2,l2,42,lbfgs,1e-06,SimpleImputer(strategy='median'),SelectKBest(score_func=<function mutual_info_classif at 0x766691e17420>),5,,"{'balance': None, 'classify__C': 10.0, 'classify__max_iter': 1000, 'classify__n_jobs': 2, 'classify__penalty': 'l2', 'classify__random_state': 42, 'classify__solver': 'lbfgs', 'classify__tol': 1e-06, 'impute': SimpleImputer(strategy='median'), 'select': SelectKBest(score_func=<function mutual_info_classif at 0x766691e17420>), 'select__k': 5, 'transform': None}",0.6651411136536994,0.5714285714285714,0.6666666666666666,0.6344121172496457,0.04454044687057207,393,0.7272727272727273,0.6545454545454545,0.7545454545454545,0.712121212121212,0.04220723720358823,408,0.6666666666666666,0.5714285714285714,0.6666666666666666,0.6349206349206349,0.04489566864676491,422
0.15089082717895508,0.008919056530913488,0.02353644371032715,0.00792420211145593,,10.0,500,2,l2,42,lbfgs,1e-08,,SelectKBest(score_func=<function mutual_info_classif at 0x766691e17420>),5,,"{'balance': None, 'classify__C': 10.0, 'classify__max_iter': 500, 'classify__n_jobs': 2, 'classify__penalty': 'l2', 'classify__random_state': 42, 'classify__solver': 'lbfgs', 'classify__tol': 1e-08, 'impute': None, 'select': SelectKBest(score_func=<function mutual_info_classif at 0x766691e17420>), 'select__k': 5, 'transform': None}",0.6651411136536994,0.5714285714285714,0.6666666666666666,0.6344121172496457,0.04454044687057207,393,0.7272727272727273,0.6545454545454545,0.7545454545454545,0.712121212121212,0.04220723720358823,408,0.6666666666666666,0.5714285714285714,0.6666666666666666,0.6349206349206349,0.04489566864676491,422
0.14957785606384277,0.01872100644168853,0.009722471237182617,0.00014944604488217357,,10.0,200,2,l2,42,lbfgs,1e-08,SimpleImputer(strategy='median'),SelectKBest(score_func=<function mutual_info_classif at 0x766691e17420>),5,,"{'balance': None, 'classify__C': 10.0, 'classify__max_iter': 200, 'classify__n_jobs': 2, 'classify__penalty': 'l2', 'classify__random_state': 42, 'classify__solver': 'lbfgs', 'classify__tol': 1e-08, 'impute': SimpleImputer(strategy='median'), 'select': SelectKBest(score_func=<function mutual_info_classif at 0x766691e17420>), 'select__k': 5, 'transform': None}",0.6651411136536994,0.5714285714285714,0.6666666666666666,0.6344121172496457,0.04454044687057207,393,0.7272727272727273,0.6545454545454545,0.7545454545454545,0.712121212121212,0.04220723720358823,408,0.6666666666666666,0.5714285714285714,0.6666666666666666,0.6349206349206349,0.04489566864676491,422
0.25051697095235187,0.009935864994981216,0.03242826461791992,0.009115600688953562,,10.0,200,2,l2,42,lbfgs,1e-08,,SelectKBest(score_func=<function mutual_info_classif at 0x766691e17420>),5,,"{'balance': None, 'classify__C': 10.0, 'classify__max_iter': 200, 'classify__n_jobs': 2, 'classify__penalty': 'l2', 'classify__random_state': 42, 'classify__solver': 'lbfgs', 'classify__tol': 1e-08, 'impute': None, 'select': SelectKBest(score_func=<function mutual_info_classif at 0x766691e17420>), 'select__k': 5, 'transform': None}",0.6651411136536994,0.5714285714285714,0.6666666666666666,0.6344121172496457,0.04454044687057207,393,0.7272727272727273,0.6545454545454545,0.7545454545454545,0.712121212121212,0.04220723720358823,408,0.6666666666666666,0.5714285714285714,0.6666666666666666,0.6349206349206349,0.04489566864676491,422
0.05874514579772949,0.013674885810373376,0.008715073267618815,5.07468903474972e-05,,10.0,500,2,l2,42,lbfgs,0.0001,,SelectKBest(score_func=<function mutual_info_classif at 0x766691e17420>),5,,"{'balance': None, 'classify__C': 10.0, 'classify__max_iter': 500, 'classify__n_jobs': 2, 'classify__penalty': 'l2', 'classify__random_state': 42, 'classify__solver': 'lbfgs', 'classify__tol': 0.0001, 'impute': None, 'select': SelectKBest(score_func=<function mutual_info_classif at 0x766691e17420>), 'select__k': 5, 'transform': None}",0.6651411136536994,0.5714285714285714,0.6666666666666666,0.6344121172496457,0.04454044687057207,393,0.7363636363636363,0.6545454545454545,0.7545454545454545,0.7151515151515152,0.04349303058911309,398,0.6666666666666666,0.5714285714285714,0.6666666666666666,0.6349206349206349,0.04489566864676491,422
0.20557522773742676,0.07027380352997953,0.021279176076253254,0.007028786899925322,,10.0,500,2,l2,42,lbfgs,1e-06,SimpleImputer(strategy='median'),SelectKBest(score_func=<function mutual_info_classif at 0x766691e17420>),5,,"{'balance': None, 'classify__C': 10.0, 'classify__max_iter': 500, 'classify__n_jobs': 2, 'classify__penalty': 'l2', 'classify__random_state': 42, 'classify__solver': 'lbfgs', 'classify__tol': 1e-06, 'impute': SimpleImputer(strategy='median'), 'select': SelectKBest(score_func=<function mutual_info_classif at 0x766691e17420>), 'select__k': 5, 'transform': None}",0.6651411136536994,0.5714285714285714,0.6666666666666666,0.6344121172496457,0.04454044687057207,393,0.7272727272727273,0.6545454545454545,0.7545454545454545,0.712121212121212,0.04220723720358823,408,0.6666666666666666,0.5714285714285714,0.6666666666666666,0.6349206349206349,0.04489566864676491,422
0.12489676475524902,0.012606732527436791,0.010089556376139322,0.00043379491538775744,,10.0,500,2,l2,42,lbfgs,1e-06,,SelectKBest(score_func=<function mutual_info_classif at 0x766691e17420>),5,,"{'balance': None, 'classify__C': 10.0, 'classify__max_iter': 500, 'classify__n_jobs': 2, 'classify__penalty': 'l2', 'classify__random_state': 42, 'classify__solver': 'lbfgs', 'classify__tol': 1e-06, 'impute': None, 'select': SelectKBest(score_func=<function mutual_info_classif at 0x766691e17420>), 'select__k': 5, 'transform': None}",0.6651411136536994,0.5714285714285714,0.6666666666666666,0.6344121172496457,0.04454044687057207,393,0.7272727272727273,0.6545454545454545,0.7545454545454545,0.712121212121212,0.04220723720358823,408,0.6666666666666666,0.5714285714285714,0.6666666666666666,0.6349206349206349,0.04489566864676491,422
0.1588122844696045,0.04513550289176716,0.010412851969401041,0.00038683502422155036,,10.0,500,2,l2,42,lbfgs,1e-08,SimpleImputer(strategy='median'),SelectKBest(score_func=<function mutual_info_classif at 0x766691e17420>),5,,"{'balance': None, 'classify__C': 10.0, 'classify__max_iter': 500, 'classify__n_jobs': 2, 'classify__penalty': 'l2', 'classify__random_state': 42, 'classify__solver': 'lbfgs', 'classify__tol': 1e-08, 'impute': SimpleImputer(strategy='median'), 'select': SelectKBest(score_func=<function mutual_info_classif at 0x766691e17420>), 'select__k': 5, 'transform': None}",0.6651411136536994,0.5714285714285714,0.6666666666666666,0.6344121172496457,0.04454044687057207,393,0.7272727272727273,0.6545454545454545,0.7545454545454545,0.712121212121212,0.04220723720358823,408,0.6666666666666666,0.5714285714285714,0.6666666666666666,0.6349206349206349,0.04489566864676491,422
0.14870826403299967,0.03920938607843204,0.011589924494425455,0.0042256775072109926,,10.0,200,2,l2,42,lbfgs,1e-06,,SelectKBest(score_func=<function mutual_info_classif at 0x766691e17420>),5,,"{'balance': None, 'classify__C': 10.0, 'classify__max_iter': 200, 'classify__n_jobs': 2, 'classify__penalty': 'l2', 'classify__random_state': 42, 'classify__solver': 'lbfgs', 'classify__tol': 1e-06, 'impute': None, 'select': SelectKBest(score_func=<function mutual_info_classif at 0x766691e17420>), 'select__k': 5, 'transform': None}",0.6651411136536994,0.5714285714285714,0.6666666666666666,0.6344121172496457,0.04454044687057207,393,0.7272727272727273,0.6545454545454545,0.7545454545454545,0.712121212121212,0.04220723720358823,408,0.6666666666666666,0.5714285714285714,0.6666666666666666,0.6349206349206349,0.04489566864676491,422
0.10223086675008138,0.012301974868887683,0.008875846862792969,0.0001199851221192705,,10.0,2000,2,l2,42,lbfgs,0.0001,,SelectKBest(score_func=<function mutual_info_classif at 0x766691e17420>),5,,"{'balance': None, 'classify__C': 10.0, 'classify__max_iter': 2000, 'classify__n_jobs': 2, 'classify__penalty': 'l2', 'classify__random_state': 42, 'classify__solver': 'lbfgs', 'classify__tol': 0.0001, 'impute': None, 'select': SelectKBest(score_func=<function mutual_info_classif at 0x766691e17420>), 'select__k': 5, 'transform': None}",0.6651411136536994,0.5714285714285714,0.6666666666666666,0.6344121172496457,0.04454044687057207,393,0.7363636363636363,0.6545454545454545,0.7545454545454545,0.7151515151515152,0.04349303058911309,398,0.6666666666666666,0.5714285714285714,0.6666666666666666,0.6349206349206349,0.04489566864676491,422
0.13296771049499512,0.026570707324644064,0.016515811284383137,0.004911427746053148,,10.0,2000,2,l2,42,lbfgs,0.0001,SimpleImputer(strategy='median'),SelectKBest(score_func=<function mutual_info_classif at 0x766691e17420>),5,,"{'balance': None, 'classify__C': 10.0, 'classify__max_iter': 2000, 'classify__n_jobs': 2, 'classify__penalty': 'l2', 'classify__random_state': 42, 'classify__solver': 'lbfgs', 'classify__tol': 0.0001, 'impute': SimpleImputer(strategy='median'), 'select': SelectKBest(score_func=<function mutual_info_classif at 0x766691e17420>), 'select__k': 5, 'transform': None}",0.6651411136536994,0.5714285714285714,0.6666666666666666,0.6344121172496457,0.04454044687057207,393,0.7363636363636363,0.6545454545454545,0.7545454545454545,0.7151515151515152,0.04349303058911309,398,0.6666666666666666,0.5714285714285714,0.6666666666666666,0.6349206349206349,0.04489566864676491,422
0.09564495086669922,0.042303109937337165,0.012955029805501303,0.002434005160549494,,10.0,1000,2,l2,42,lbfgs,0.0001,,SelectKBest(score_func=<function mutual_info_classif at 0x766691e17420>),5,,"{'balance': None, 'classify__C': 10.0, 'classify__max_iter': 1000, 'classify__n_jobs': 2, 'classify__penalty': 'l2', 'classify__random_state': 42, 'classify__solver': 'lbfgs', 'classify__tol': 0.0001, 'impute': None, 'select': SelectKBest(score_func=<function mutual_info_classif at 0x766691e17420>), 'select__k': 5, 'transform': None}",0.6651411136536994,0.5714285714285714,0.6666666666666666,0.6344121172496457,0.04454044687057207,393,0.7363636363636363,0.6545454545454545,0.7545454545454545,0.7151515151515152,0.04349303058911309,398,0.6666666666666666,0.5714285714285714,0.6666666666666666,0.6349206349206349,0.04489566864676491,422
0.07509700457255046,0.004594445578950623,0.010123491287231445,0.00019973766964626323,,10.0,500,2,l2,42,lbfgs,0.0001,SimpleImputer(strategy='median'),SelectKBest(score_func=<function mutual_info_classif at 0x766691e17420>),5,,"{'balance': None, 'classify__C': 10.0, 'classify__max_iter': 500, 'classify__n_jobs': 2, 'classify__penalty': 'l2', 'classify__random_state': 42, 'classify__solver': 'lbfgs', 'classify__tol': 0.0001, 'impute': SimpleImputer(strategy='median'), 'select': SelectKBest(score_func=<function mutual_info_classif at 0x766691e17420>), 'select__k': 5, 'transform': None}",0.6651411136536994,0.5714285714285714,0.6666666666666666,0.6344121172496457,0.04454044687057207,393,0.7363636363636363,0.6545454545454545,0.7545454545454545,0.7151515151515152,0.04349303058911309,398,0.6666666666666666,0.5714285714285714,0.6666666666666666,0.6349206349206349,0.04489566864676491,422
0.19149120648701987,0.0271593956277988,0.014701286951700846,0.006817337883405386,,10.0,1000,2,l2,42,lbfgs,1e-06,,SelectKBest(score_func=<function mutual_info_classif at 0x766691e17420>),5,,"{'balance': None, 'classify__C': 10.0, 'classify__max_iter': 1000, 'classify__n_jobs': 2, 'classify__penalty': 'l2', 'classify__random_state': 42, 'classify__solver': 'lbfgs', 'classify__tol': 1e-06, 'impute': None, 'select': SelectKBest(score_func=<function mutual_info_classif at 0x766691e17420>), 'select__k': 5, 'transform': None}",0.6651411136536994,0.5714285714285714,0.6666666666666666,0.6344121172496457,0.04454044687057207,393,0.7272727272727273,0.6545454545454545,0.7545454545454545,0.712121212121212,0.04220723720358823,408,0.6666666666666666,0.5714285714285714,0.6666666666666666,0.6349206349206349,0.04489566864676491,422
0.21272635459899902,0.026797720852596064,0.017108043034871418,0.0021081761732872975,,10.0,1000,2,l2,42,lbfgs,1e-08,SimpleImputer(strategy='median'),SelectKBest(score_func=<function mutual_info_classif at 0x766691e17420>),5,,"{'balance': None, 'classify__C': 10.0, 'classify__max_iter': 1000, 'classify__n_jobs': 2, 'classify__penalty': 'l2', 'classify__random_state': 42, 'classify__solver': 'lbfgs', 'classify__tol': 1e-08, 'impute': SimpleImputer(strategy='median'), 'select': SelectKBest(score_func=<function mutual_info_classif at 0x766691e17420>), 'select__k': 5, 'transform': None}",0.6651411136536994,0.5714285714285714,0.6666666666666666,0.6344121172496457,0.04454044687057207,393,0.7272727272727273,0.6545454545454545,0.7545454545454545,0.712121212121212,0.04220723720358823,408,0.6666666666666666,0.5714285714285714,0.6666666666666666,0.6349206349206349,0.04489566864676491,422
0.28860704104105633,0.06704440775732987,0.02537679672241211,0.003054022253112565,,10.0,2000,2,l2,42,lbfgs,1e-06,,SelectKBest(score_func=<function mutual_info_classif at 0x766691e17420>),5,,"{'balance': None, 'classify__C': 10.0, 'classify__max_iter': 2000, 'classify__n_jobs': 2, 'classify__penalty': 'l2', 'classify__random_state': 42, 'classify__solver': 'lbfgs', 'classify__tol': 1e-06, 'impute': None, 'select': SelectKBest(score_func=<function mutual_info_classif at 0x766691e17420>), 'select__k': 5, 'transform': None}",0.6651411136536994,0.5714285714285714,0.6666666666666666,0.6344121172496457,0.04454044687057207,393,0.7272727272727273,0.6545454545454545,0.7545454545454545,0.712121212121212,0.04220723720358823,408,0.6666666666666666,0.5714285714285714,0.6666666666666666,0.6349206349206349,0.04489566864676491,422
0.2603556315104167,0.0608396694043745,0.021379470825195312,0.006565967643936249,,10.0,2000,2,l2,42,lbfgs,1e-08,SimpleImputer(strategy='median'),SelectKBest(score_func=<function mutual_info_classif at 0x766691e17420>),5,,"{'balance': None, 'classify__C': 10.0, 'classify__max_iter': 2000, 'classify__n_jobs': 2, 'classify__penalty': 'l2', 'classify__random_state': 42, 'classify__solver': 'lbfgs', 'classify__tol': 1e-08, 'impute': SimpleImputer(strategy='median'), 'select': SelectKBest(score_func=<function mutual_info_classif at 0x766691e17420>), 'select__k': 5, 'transform': None}",0.6651411136536994,0.5714285714285714,0.6666666666666666,0.6344121172496457,0.04454044687057207,393,0.7272727272727273,0.6545454545454545,0.7545454545454545,0.712121212121212,0.04220723720358823,408,0.6666666666666666,0.5714285714285714,0.6666666666666666,0.6349206349206349,0.04489566864676491,422
0.18200151125590006,0.017935623490085924,0.022566556930541992,0.004096035273627249,,10.0,1000,2,l2,42,lbfgs,0.0001,SimpleImputer(strategy='median'),SelectKBest(score_func=<function mutual_info_classif at 0x766691e17420>),5,,"{'balance': None, 'classify__C': 10.0, 'classify__max_iter': 1000, 'classify__n_jobs': 2, 'classify__penalty': 'l2', 'classify__random_state': 42, 'classify__solver': 'lbfgs', 'classify__tol': 0.0001, 'impute': SimpleImputer(strategy='median'), 'select': SelectKBest(score_func=<function mutual_info_classif at 0x766691e17420>), 'select__k': 5, 'transform': None}",0.6651411136536994,0.5714285714285714,0.6666666666666666,0.6344121172496457,0.04454044687057207,393,0.7363636363636363,0.6545454545454545,0.7545454545454545,0.7151515151515152,0.04349303058911309,398,0.6666666666666666,0.5714285714285714,0.6666666666666666,0.6349206349206349,0.04489566864676491,422
0.2800181706746419,0.02462330411444032,0.025214433670043945,0.004986694299079094,,10.0,2000,2,l2,42,lbfgs,1e-08,,SelectKBest(score_func=<function mutual_info_classif at 0x766691e17420>),5,,"{'balance': None, 'classify__C': 10.0, 'classify__max_iter': 2000, 'classify__n_jobs': 2, 'classify__penalty': 'l2', 'classify__random_state': 42, 'classify__solver': 'lbfgs', 'classify__tol': 1e-08, 'impute': None, 'select': SelectKBest(score_func=<function mutual_info_classif at 0x766691e17420>), 'select__k': 5, 'transform': None}",0.6651411136536994,0.5714285714285714,0.6666666666666666,0.6344121172496457,0.04454044687057207,393,0.7272727272727273,0.6545454545454545,0.7545454545454545,0.712121212121212,0.04220723720358823,408,0.6666666666666666,0.5714285714285714,0.6666666666666666,0.6349206349206349,0.04489566864676491,422
0.09869829813639323,0.013904104958003555,0.020520528157552082,0.007309263332052064,,0.01,200,2,l2,42,lbfgs,1e-08,,SelectKBest(score_func=<function mutual_info_classif at 0x766691e17420>),5,,"{'balance': None, 'classify__C': 0.01, 'classify__max_iter': 200, 'classify__n_jobs': 2, 'classify__penalty': 'l2', 'classify__random_state': 42, 'classify__solver': 'lbfgs', 'classify__tol': 1e-08, 'impute': None, 'select': SelectKBest(score_func=<function mutual_info_classif at 0x766691e17420>), 'select__k': 5, 'transform': None}",0.6419753086419753,0.7005494505494505,0.5593277310924369,0.6339508300946209,0.05793207346290179,421,0.7909090909090909,0.7454545454545455,0.7181818181818181,0.7515151515151515,0.029998469504883843,194,0.6666666666666666,0.7142857142857143,0.5714285714285714,0.6507936507936508,0.05939138709164988,364
0.0648941198984782,0.018199583533181057,0.010392983754475912,0.0029351374609570768,,0.01,100,2,l2,42,lbfgs,1e-06,,SelectKBest(score_func=<function mutual_info_classif at 0x766691e17420>),5,,"{'balance': None, 'classify__C': 0.01, 'classify__max_iter': 100, 'classify__n_jobs': 2, 'classify__penalty': 'l2', 'classify__random_state': 42, 'classify__solver': 'lbfgs', 'classify__tol': 1e-06, 'impute': None, 'select': SelectKBest(score_func=<function mutual_info_classif at 0x766691e17420>), 'select__k': 5, 'transform': None}",0.6419753086419753,0.7005494505494505,0.5593277310924369,0.6339508300946209,0.05793207346290179,421,0.7909090909090909,0.7454545454545455,0.7181818181818181,0.7515151515151515,0.029998469504883843,194,0.6666666666666666,0.7142857142857143,0.5714285714285714,0.6507936507936508,0.05939138709164988,364
0.050855000813802086,0.02028029117286527,0.009184519449869791,0.0003275240947463746,,0.01,100,2,l2,42,lbfgs,1e-06,SimpleImputer(strategy='median'),SelectKBest(score_func=<function mutual_info_classif at 0x766691e17420>),5,,"{'balance': None, 'classify__C': 0.01, 'classify__max_iter': 100, 'classify__n_jobs': 2, 'classify__penalty': 'l2', 'classify__random_state': 42, 'classify__solver': 'lbfgs', 'classify__tol': 1e-06, 'impute': SimpleImputer(strategy='median'), 'select': SelectKBest(score_func=<function mutual_info_classif at 0x766691e17420>), 'select__k': 5, 'transform': None}",0.6419753086419753,0.7005494505494505,0.5593277310924369,0.6339508300946209,0.05793207346290179,421,0.7909090909090909,0.7454545454545455,0.7181818181818181,0.7515151515151515,0.029998469504883843,194,0.6666666666666666,0.7142857142857143,0.5714285714285714,0.6507936507936508,0.05939138709164988,364
0.03731123606363932,0.0032328711975749894,0.011351267496744791,0.0025878997426709927,,0.01,100,2,l2,42,lbfgs,0.0001,SimpleImputer(strategy='median'),SelectKBest(score_func=<function mutual_info_classif at 0x766691e17420>),5,,"{'balance': None, 'classify__C': 0.01, 'classify__max_iter': 100, 'classify__n_jobs': 2, 'classify__penalty': 'l2', 'classify__random_state': 42, 'classify__solver': 'lbfgs', 'classify__tol': 0.0001, 'impute': SimpleImputer(strategy='median'), 'select': SelectKBest(score_func=<function mutual_info_classif at 0x766691e17420>), 'select__k': 5, 'transform': None}",0.6419753086419753,0.7005494505494505,0.5593277310924369,0.6339508300946209,0.05793207346290179,421,0.7909090909090909,0.7454545454545455,0.7181818181818181,0.7515151515151515,0.029998469504883843,194,0.6666666666666666,0.7142857142857143,0.5714285714285714,0.6507936507936508,0.05939138709164988,364
0.09698327382405598,0.013758931976642852,0.015391111373901367,0.005132534574218904,,0.01,200,2,l2,42,lbfgs,1e-06,,SelectKBest(score_func=<function mutual_info_classif at 0x766691e17420>),5,,"{'balance': None, 'classify__C': 0.01, 'classify__max_iter': 200, 'classify__n_jobs': 2, 'classify__penalty': 'l2', 'classify__random_state': 42, 'classify__solver': 'lbfgs', 'classify__tol': 1e-06, 'impute': None, 'select': SelectKBest(score_func=<function mutual_info_classif at 0x766691e17420>), 'select__k': 5, 'transform': None}",0.6419753086419753,0.7005494505494505,0.5593277310924369,0.6339508300946209,0.05793207346290179,421,0.7909090909090909,0.7454545454545455,0.7181818181818181,0.7515151515151515,0.029998469504883843,194,0.6666666666666666,0.7142857142857143,0.5714285714285714,0.6507936507936508,0.05939138709164988,364
0.1063993771870931,0.02356345722720138,0.016234318415323894,0.0045915609146510335,,0.01,500,2,l2,42,lbfgs,1e-08,SimpleImputer(strategy='median'),SelectKBest(score_func=<function mutual_info_classif at 0x766691e17420>),5,,"{'balance': None, 'classify__C': 0.01, 'classify__max_iter': 500, 'classify__n_jobs': 2, 'classify__penalty': 'l2', 'classify__random_state': 42, 'classify__solver': 'lbfgs', 'classify__tol': 1e-08, 'impute': SimpleImputer(strategy='median'), 'select': SelectKBest(score_func=<function mutual_info_classif at 0x766691e17420>), 'select__k': 5, 'transform': None}",0.6419753086419753,0.7005494505494505,0.5593277310924369,0.6339508300946209,0.05793207346290179,421,0.7909090909090909,0.7454545454545455,0.7181818181818181,0.7515151515151515,0.029998469504883843,194,0.6666666666666666,0.7142857142857143,0.5714285714285714,0.6507936507936508,0.05939138709164988,364
0.03681739171346029,0.003385827704812076,0.00862264633178711,0.00039158643377909107,,0.01,100,2,l2,42,lbfgs,0.0001,,SelectKBest(score_func=<function mutual_info_classif at 0x766691e17420>),5,,"{'balance': None, 'classify__C': 0.01, 'classify__max_iter': 100, 'classify__n_jobs': 2, 'classify__penalty': 'l2', 'classify__random_state': 42, 'classify__solver': 'lbfgs', 'classify__tol': 0.0001, 'impute': None, 'select': SelectKBest(score_func=<function mutual_info_classif at 0x766691e17420>), 'select__k': 5, 'transform': None}",0.6419753086419753,0.7005494505494505,0.5593277310924369,0.6339508300946209,0.05793207346290179,421,0.7909090909090909,0.7454545454545455,0.7181818181818181,0.7515151515151515,0.029998469504883843,194,0.6666666666666666,0.7142857142857143,0.5714285714285714,0.6507936507936508,0.05939138709164988,364
0.07862234115600586,0.061463442202388086,0.015401919682820639,0.00923382487558843,,0.01,200,2,l2,42,lbfgs,1e-06,SimpleImputer(strategy='median'),SelectKBest(score_func=<function mutual_info_classif at 0x766691e17420>),5,,"{'balance': None, 'classify__C': 0.01, 'classify__max_iter': 200, 'classify__n_jobs': 2, 'classify__penalty': 'l2', 'classify__random_state': 42, 'classify__solver': 'lbfgs', 'classify__tol': 1e-06, 'impute': SimpleImputer(strategy='median'), 'select': SelectKBest(score_func=<function mutual_info_classif at 0x766691e17420>), 'select__k': 5, 'transform': None}",0.6419753086419753,0.7005494505494505,0.5593277310924369,0.6339508300946209,0.05793207346290179,421,0.7909090909090909,0.7454545454545455,0.7181818181818181,0.7515151515151515,0.029998469504883843,194,0.6666666666666666,0.7142857142857143,0.5714285714285714,0.6507936507936508,0.05939138709164988,364
0.0454710324605306,0.007590018685747735,0.009205261866251627,0.0002126819642981269,,0.01,100,2,l2,42,lbfgs,1e-08,SimpleImputer(strategy='median'),SelectKBest(score_func=<function mutual_info_classif at 0x766691e17420>),5,,"{'balance': None, 'classify__C': 0.01, 'classify__max_iter': 100, 'classify__n_jobs': 2, 'classify__penalty': 'l2', 'classify__random_state': 42, 'classify__solver': 'lbfgs', 'classify__tol': 1e-08, 'impute': SimpleImputer(strategy='median'), 'select': SelectKBest(score_func=<function mutual_info_classif at 0x766691e17420>), 'select__k': 5, 'transform': None}",0.6419753086419753,0.7005494505494505,0.5593277310924369,0.6339508300946209,0.05793207346290179,421,0.7909090909090909,0.7454545454545455,0.7181818181818181,0.7515151515151515,0.029998469504883843,194,0.6666666666666666,0.7142857142857143,0.5714285714285714,0.6507936507936508,0.05939138709164988,364
0.10573395093282063,0.014238449910661954,0.0187222162882487,0.005350735417405526,,0.01,1000,2,l2,42,lbfgs,1e-06,SimpleImputer(strategy='median'),SelectKBest(score_func=<function mutual_info_classif at 0x766691e17420>),5,,"{'balance': None, 'classify__C': 0.01, 'classify__max_iter': 1000, 'classify__n_jobs': 2, 'classify__penalty': 'l2', 'classify__random_state': 42, 'classify__solver': 'lbfgs', 'classify__tol': 1e-06, 'impute': SimpleImputer(strategy='median'), 'select': SelectKBest(score_func=<function mutual_info_classif at 0x766691e17420>), 'select__k': 5, 'transform': None}",0.6419753086419753,0.7005494505494505,0.5593277310924369,0.6339508300946209,0.05793207346290179,421,0.7909090909090909,0.7454545454545455,0.7181818181818181,0.7515151515151515,0.029998469504883843,194,0.6666666666666666,0.7142857142857143,0.5714285714285714,0.6507936507936508,0.05939138709164988,364
0.09086076418558757,0.021775831568071048,0.01907070477803548,0.00036237482027139583,,0.01,2000,2,l2,42,lbfgs,1e-06,,SelectKBest(score_func=<function mutual_info_classif at 0x766691e17420>),5,,"{'balance': None, 'classify__C': 0.01, 'classify__max_iter': 2000, 'classify__n_jobs': 2, 'classify__penalty': 'l2', 'classify__random_state': 42, 'classify__solver': 'lbfgs', 'classify__tol': 1e-06, 'impute': None, 'select': SelectKBest(score_func=<function mutual_info_classif at 0x766691e17420>), 'select__k': 5, 'transform': None}",0.6419753086419753,0.7005494505494505,0.5593277310924369,0.6339508300946209,0.05793207346290179,421,0.7909090909090909,0.7454545454545455,0.7181818181818181,0.7515151515151515,0.029998469504883843,194,0.6666666666666666,0.7142857142857143,0.5714285714285714,0.6507936507936508,0.05939138709164988,364
0.061609506607055664,0.00047298548698766963,0.009443839391072592,0.0002477321119334454,,0.01,2000,2,l2,42,lbfgs,0.0001,,SelectKBest(score_func=<function mutual_info_classif at 0x766691e17420>),5,,"{'balance': None, 'classify__C': 0.01, 'classify__max_iter': 2000, 'classify__n_jobs': 2, 'classify__penalty': 'l2', 'classify__random_state': 42, 'classify__solver': 'lbfgs', 'classify__tol': 0.0001, 'impute': None, 'select': SelectKBest(score_func=<function mutual_info_classif at 0x766691e17420>), 'select__k': 5, 'transform': None}",0.6419753086419753,0.7005494505494505,0.5593277310924369,0.6339508300946209,0.05793207346290179,421,0.7909090909090909,0.7454545454545455,0.7181818181818181,0.7515151515151515,0.029998469504883843,194,0.6666666666666666,0.7142857142857143,0.5714285714285714,0.6507936507936508,0.05939138709164988,364
0.12349367141723633,0.02835524371234814,0.02332480748494466,0.0026422809517002415,,0.01,2000,2,l2,42,lbfgs,1e-06,SimpleImputer(strategy='median'),SelectKBest(score_func=<function mutual_info_classif at 0x766691e17420>),5,,"{'balance': None, 'classify__C': 0.01, 'classify__max_iter': 2000, 'classify__n_jobs': 2, 'classify__penalty': 'l2', 'classify__random_state': 42, 'classify__solver': 'lbfgs', 'classify__tol': 1e-06, 'impute': SimpleImputer(strategy='median'), 'select': SelectKBest(score_func=<function mutual_info_classif at 0x766691e17420>), 'select__k': 5, 'transform': None}",0.6419753086419753,0.7005494505494505,0.5593277310924369,0.6339508300946209,0.05793207346290179,421,0.7909090909090909,0.7454545454545455,0.7181818181818181,0.7515151515151515,0.029998469504883843,194,0.6666666666666666,0.7142857142857143,0.5714285714285714,0.6507936507936508,0.05939138709164988,364
0.09136064847310384,0.028626918826039623,0.014249563217163086,0.003897235343572708,,0.01,2000,2,l2,42,lbfgs,0.0001,SimpleImputer(strategy='median'),SelectKBest(score_func=<function mutual_info_classif at 0x766691e17420>),5,,"{'balance': None, 'classify__C': 0.01, 'classify__max_iter': 2000, 'classify__n_jobs': 2, 'classify__penalty': 'l2', 'classify__random_state': 42, 'classify__solver': 'lbfgs', 'classify__tol': 0.0001, 'impute': SimpleImputer(strategy='median'), 'select': SelectKBest(score_func=<function mutual_info_classif at 0x766691e17420>), 'select__k': 5, 'transform': None}",0.6419753086419753,0.7005494505494505,0.5593277310924369,0.6339508300946209,0.05793207346290179,421,0.7909090909090909,0.7454545454545455,0.7181818181818181,0.7515151515151515,0.029998469504883843,194,0.6666666666666666,0.7142857142857143,0.5714285714285714,0.6507936507936508,0.05939138709164988,364
0.12076266606648763,0.06361923674304115,0.021009286244710285,0.010442995880873652,,0.01,1000,2,l2,42,lbfgs,0.0001,,SelectKBest(score_func=<function mutual_info_classif at 0x766691e17420>),5,,"{'balance': None, 'classify__C': 0.01, 'classify__max_iter': 1000, 'classify__n_jobs': 2, 'classify__penalty': 'l2', 'classify__random_state': 42, 'classify__solver': 'lbfgs', 'classify__tol': 0.0001, 'impute': None, 'select': SelectKBest(score_func=<function mutual_info_classif at 0x766691e17420>), 'select__k': 5, 'transform': None}",0.6419753086419753,0.7005494505494505,0.5593277310924369,0.6339508300946209,0.05793207346290179,421,0.7909090909090909,0.7454545454545455,0.7181818181818181,0.7515151515151515,0.029998469504883843,194,0.6666666666666666,0.7142857142857143,0.5714285714285714,0.6507936507936508,0.05939138709164988,364
0.13260936737060547,0.014346306195616405,0.019632975260416668,0.0060403351778210435,,0.01,2000,2,l2,42,lbfgs,1e-08,,SelectKBest(score_func=<function mutual_info_classif at 0x766691e17420>),5,,"{'balance': None, 'classify__C': 0.01, 'classify__max_iter': 2000, 'classify__n_jobs': 2, 'classify__penalty': 'l2', 'classify__random_state': 42, 'classify__solver': 'lbfgs', 'classify__tol': 1e-08, 'impute': None, 'select': SelectKBest(score_func=<function mutual_info_classif at 0x766691e17420>), 'select__k': 5, 'transform': None}",0.6419753086419753,0.7005494505494505,0.5593277310924369,0.6339508300946209,0.05793207346290179,421,0.7909090909090909,0.7454545454545455,0.7181818181818181,0.7515151515151515,0.029998469504883843,194,0.6666666666666666,0.7142857142857143,0.5714285714285714,0.6507936507936508,0.05939138709164988,364
0.08937946955362956,0.007771400599665713,0.02089977264404297,0.012244486654627011,,0.01,1000,2,l2,42,lbfgs,0.0001,SimpleImputer(strategy='median'),SelectKBest(score_func=<function mutual_info_classif at 0x766691e17420>),5,,"{'balance': None, 'classify__C': 0.01, 'classify__max_iter': 1000, 'classify__n_jobs': 2, 'classify__penalty': 'l2', 'classify__random_state': 42, 'classify__solver': 'lbfgs', 'classify__tol': 0.0001, 'impute': SimpleImputer(strategy='median'), 'select': SelectKBest(score_func=<function mutual_info_classif at 0x766691e17420>), 'select__k': 5, 'transform': None}",0.6419753086419753,0.7005494505494505,0.5593277310924369,0.6339508300946209,0.05793207346290179,421,0.7909090909090909,0.7454545454545455,0.7181818181818181,0.7515151515151515,0.029998469504883843,194,0.6666666666666666,0.7142857142857143,0.5714285714285714,0.6507936507936508,0.05939138709164988,364
0.11732323964436848,0.026773667247697277,0.021289666493733723,0.004720606724258996,,0.01,2000,2,l2,42,lbfgs,1e-08,SimpleImputer(strategy='median'),SelectKBest(score_func=<function mutual_info_classif at 0x766691e17420>),5,,"{'balance': None, 'classify__C': 0.01, 'classify__max_iter': 2000, 'classify__n_jobs': 2, 'classify__penalty': 'l2', 'classify__random_state': 42, 'classify__solver': 'lbfgs', 'classify__tol': 1e-08, 'impute': SimpleImputer(strategy='median'), 'select': SelectKBest(score_func=<function mutual_info_classif at 0x766691e17420>), 'select__k': 5, 'transform': None}",0.6419753086419753,0.7005494505494505,0.5593277310924369,0.6339508300946209,0.05793207346290179,421,0.7909090909090909,0.7454545454545455,0.7181818181818181,0.7515151515151515,0.029998469504883843,194,0.6666666666666666,0.7142857142857143,0.5714285714285714,0.6507936507936508,0.05939138709164988,364
0.10324160257975261,0.03463907340773349,0.023987372716267902,0.0061947735049086156,,0.01,500,2,l2,42,lbfgs,0.0001,,SelectKBest(score_func=<function mutual_info_classif at 0x766691e17420>),5,,"{'balance': None, 'classify__C': 0.01, 'classify__max_iter': 500, 'classify__n_jobs': 2, 'classify__penalty': 'l2', 'classify__random_state': 42, 'classify__solver': 'lbfgs', 'classify__tol': 0.0001, 'impute': None, 'select': SelectKBest(score_func=<function mutual_info_classif at 0x766691e17420>), 'select__k': 5, 'transform': None}",0.6419753086419753,0.7005494505494505,0.5593277310924369,0.6339508300946209,0.05793207346290179,421,0.7909090909090909,0.7454545454545455,0.7181818181818181,0.7515151515151515,0.029998469504883843,194,0.6666666666666666,0.7142857142857143,0.5714285714285714,0.6507936507936508,0.05939138709164988,364
0.1698918342590332,0.031351919755946665,0.031920671463012695,0.01541101764776091,,0.01,1000,2,l2,42,lbfgs,1e-08,,SelectKBest(score_func=<function mutual_info_classif at 0x766691e17420>),5,,"{'balance': None, 'classify__C': 0.01, 'classify__max_iter': 1000, 'classify__n_jobs': 2, 'classify__penalty': 'l2', 'classify__random_state': 42, 'classify__solver': 'lbfgs', 'classify__tol': 1e-08, 'impute': None, 'select': SelectKBest(score_func=<function mutual_info_classif at 0x766691e17420>), 'select__k': 5, 'transform': None}",0.6419753086419753,0.7005494505494505,0.5593277310924369,0.6339508300946209,0.05793207346290179,421,0.7909090909090909,0.7454545454545455,0.7181818181818181,0.7515151515151515,0.029998469504883843,194,0.6666666666666666,0.7142857142857143,0.5714285714285714,0.6507936507936508,0.05939138709164988,364
0.0966954231262207,0.045658677709547776,0.021436611811319988,0.0075768366735190044,,0.01,500,2,l2,42,lbfgs,0.0001,SimpleImputer(strategy='median'),SelectKBest(score_func=<function mutual_info_classif at 0x766691e17420>),5,,"{'balance': None, 'classify__C': 0.01, 'classify__max_iter': 500, 'classify__n_jobs': 2, 'classify__penalty': 'l2', 'classify__random_state': 42, 'classify__solver': 'lbfgs', 'classify__tol': 0.0001, 'impute': SimpleImputer(strategy='median'), 'select': SelectKBest(score_func=<function mutual_info_classif at 0x766691e17420>), 'select__k': 5, 'transform': None}",0.6419753086419753,0.7005494505494505,0.5593277310924369,0.6339508300946209,0.05793207346290179,421,0.7909090909090909,0.7454545454545455,0.7181818181818181,0.7515151515151515,0.029998469504883843,194,0.6666666666666666,0.7142857142857143,0.5714285714285714,0.6507936507936508,0.05939138709164988,364
0.10280291239420573,0.009723181598373728,0.01593359311421712,0.0048999304801745185,,0.01,100,2,l2,42,lbfgs,1e-08,,SelectKBest(score_func=<function mutual_info_classif at 0x766691e17420>),5,,"{'balance': None, 'classify__C': 0.01, 'classify__max_iter': 100, 'classify__n_jobs': 2, 'classify__penalty': 'l2', 'classify__random_state': 42, 'classify__solver': 'lbfgs', 'classify__tol': 1e-08, 'impute': None, 'select': SelectKBest(score_func=<function mutual_info_classif at 0x766691e17420>), 'select__k': 5, 'transform': None}",0.6419753086419753,0.7005494505494505,0.5593277310924369,0.6339508300946209,0.05793207346290179,421,0.7909090909090909,0.7454545454545455,0.7181818181818181,0.7515151515151515,0.029998469504883843,194,0.6666666666666666,0.7142857142857143,0.5714285714285714,0.6507936507936508,0.05939138709164988,364
0.05551767349243164,0.014041258329156493,0.014853795369466146,0.0065606966307878226,,0.01,500,2,l2,42,lbfgs,1e-06,,SelectKBest(score_func=<function mutual_info_classif at 0x766691e17420>),5,,"{'balance': None, 'classify__C': 0.01, 'classify__max_iter': 500, 'classify__n_jobs': 2, 'classify__penalty': 'l2', 'classify__random_state': 42, 'classify__solver': 'lbfgs', 'classify__tol': 1e-06, 'impute': None, 'select': SelectKBest(score_func=<function mutual_info_classif at 0x766691e17420>), 'select__k': 5, 'transform': None}",0.6419753086419753,0.7005494505494505,0.5593277310924369,0.6339508300946209,0.05793207346290179,421,0.7909090909090909,0.7454545454545455,0.7181818181818181,0.7515151515151515,0.029998469504883843,194,0.6666666666666666,0.7142857142857143,0.5714285714285714,0.6507936507936508,0.05939138709164988,364
0.11200475692749023,0.017466716827781115,0.01828463872273763,0.0012226021874329335,,0.01,500,2,l2,42,lbfgs,1e-06,SimpleImputer(strategy='median'),SelectKBest(score_func=<function mutual_info_classif at 0x766691e17420>),5,,"{'balance': None, 'classify__C': 0.01, 'classify__max_iter': 500, 'classify__n_jobs': 2, 'classify__penalty': 'l2', 'classify__random_state': 42, 'classify__solver': 'lbfgs', 'classify__tol': 1e-06, 'impute': SimpleImputer(strategy='median'), 'select': SelectKBest(score_func=<function mutual_info_classif at 0x766691e17420>), 'select__k': 5, 'transform': None}",0.6419753086419753,0.7005494505494505,0.5593277310924369,0.6339508300946209,0.05793207346290179,421,0.7909090909090909,0.7454545454545455,0.7181818181818181,0.7515151515151515,0.029998469504883843,194,0.6666666666666666,0.7142857142857143,0.5714285714285714,0.6507936507936508,0.05939138709164988,364
0.13110772768656412,0.026346479348752706,0.021742582321166992,0.002993903889087771,,0.01,1000,2,l2,42,lbfgs,1e-06,,SelectKBest(score_func=<function mutual_info_classif at 0x766691e17420>),5,,"{'balance': None, 'classify__C': 0.01, 'classify__max_iter': 1000, 'classify__n_jobs': 2, 'classify__penalty': 'l2', 'classify__random_state': 42, 'classify__solver': 'lbfgs', 'classify__tol': 1e-06, 'impute': None, 'select': SelectKBest(score_func=<function mutual_info_classif at 0x766691e17420>), 'select__k': 5, 'transform': None}",0.6419753086419753,0.7005494505494505,0.5593277310924369,0.6339508300946209,0.05793207346290179,421,0.7909090909090909,0.7454545454545455,0.7181818181818181,0.7515151515151515,0.029998469504883843,194,0.6666666666666666,0.7142857142857143,0.5714285714285714,0.6507936507936508,0.05939138709164988,364
0.12752294540405273,0.040269940391304694,0.02672688166300456,0.005106853708594463,,0.01,1000,2,l2,42,lbfgs,1e-08,SimpleImputer(strategy='median'),SelectKBest(score_func=<function mutual_info_classif at 0x766691e17420>),5,,"{'balance': None, 'classify__C': 0.01, 'classify__max_iter': 1000, 'classify__n_jobs': 2, 'classify__penalty': 'l2', 'classify__random_state': 42, 'classify__solver': 'lbfgs', 'classify__tol': 1e-08, 'impute': SimpleImputer(strategy='median'), 'select': SelectKBest(score_func=<function mutual_info_classif at 0x766691e17420>), 'select__k': 5, 'transform': None}",0.6419753086419753,0.7005494505494505,0.5593277310924369,0.6339508300946209,0.05793207346290179,421,0.7909090909090909,0.7454545454545455,0.7181818181818181,0.7515151515151515,0.029998469504883843,194,0.6666666666666666,0.7142857142857143,0.5714285714285714,0.6507936507936508,0.05939138709164988,364
0.07424314816792806,0.015078366099942904,0.014530658721923828,0.001580709785348656,,0.01,500,2,l2,42,lbfgs,1e-08,,SelectKBest(score_func=<function mutual_info_classif at 0x766691e17420>),5,,"{'balance': None, 'classify__C': 0.01, 'classify__max_iter': 500, 'classify__n_jobs': 2, 'classify__penalty': 'l2', 'classify__random_state': 42, 'classify__solver': 'lbfgs', 'classify__tol': 1e-08, 'impute': None, 'select': SelectKBest(score_func=<function mutual_info_classif at 0x766691e17420>), 'select__k': 5, 'transform': None}",0.6419753086419753,0.7005494505494505,0.5593277310924369,0.6339508300946209,0.05793207346290179,421,0.7909090909090909,0.7454545454545455,0.7181818181818181,0.7515151515151515,0.029998469504883843,194,0.6666666666666666,0.7142857142857143,0.5714285714285714,0.6507936507936508,0.05939138709164988,364
0.11745985349019368,0.022835816211691146,0.02266518274943034,0.00633074332471654,,0.01,200,2,l2,42,lbfgs,0.0001,SimpleImputer(strategy='median'),SelectKBest(score_func=<function mutual_info_classif at 0x766691e17420>),5,,"{'balance': None, 'classify__C': 0.01, 'classify__max_iter': 200, 'classify__n_jobs': 2, 'classify__penalty': 'l2', 'classify__random_state': 42, 'classify__solver': 'lbfgs', 'classify__tol': 0.0001, 'impute': SimpleImputer(strategy='median'), 'select': SelectKBest(score_func=<function mutual_info_classif at 0x766691e17420>), 'select__k': 5, 'transform': None}",0.6419753086419753,0.7005494505494505,0.5593277310924369,0.6339508300946209,0.05793207346290179,421,0.7909090909090909,0.7454545454545455,0.7181818181818181,0.7515151515151515,0.029998469504883843,194,0.6666666666666666,0.7142857142857143,0.5714285714285714,0.6507936507936508,0.05939138709164988,364
0.08998902638753255,0.045001220459830536,0.011370182037353516,0.001173118762199806,,0.01,200,2,l2,42,lbfgs,1e-08,SimpleImputer(strategy='median'),SelectKBest(score_func=<function mutual_info_classif at 0x766691e17420>),5,,"{'balance': None, 'classify__C': 0.01, 'classify__max_iter': 200, 'classify__n_jobs': 2, 'classify__penalty': 'l2', 'classify__random_state': 42, 'classify__solver': 'lbfgs', 'classify__tol': 1e-08, 'impute': SimpleImputer(strategy='median'), 'select': SelectKBest(score_func=<function mutual_info_classif at 0x766691e17420>), 'select__k': 5, 'transform': None}",0.6419753086419753,0.7005494505494505,0.5593277310924369,0.6339508300946209,0.05793207346290179,421,0.7909090909090909,0.7454545454545455,0.7181818181818181,0.7515151515151515,0.029998469504883843,194,0.6666666666666666,0.7142857142857143,0.5714285714285714,0.6507936507936508,0.05939138709164988,364
0.10656070709228516,0.013937702930164489,0.02209774653116862,0.0034455969370827894,,0.01,200,2,l2,42,lbfgs,0.0001,,SelectKBest(score_func=<function mutual_info_classif at 0x766691e17420>),5,,"{'balance': None, 'classify__C': 0.01, 'classify__max_iter': 200, 'classify__n_jobs': 2, 'classify__penalty': 'l2', 'classify__random_state': 42, 'classify__solver': 'lbfgs', 'classify__tol': 0.0001, 'impute': None, 'select': SelectKBest(score_func=<function mutual_info_classif at 0x766691e17420>), 'select__k': 5, 'transform': None}",0.6419753086419753,0.6419753086419753,0.5593277310924369,0.6144261161254625,0.03896044168927974,450,0.7909090909090909,0.7454545454545455,0.7181818181818181,0.7515151515151515,0.029998469504883843,194,0.6666666666666666,0.6666666666666666,0.5714285714285714,0.6349206349206349,0.04489566864676492,422
0.0018908977508544922,0.0014426472795450805,0.0,0.0,SMOTE(random_state=42),100.0,2000,2,l2,42,lbfgs,0.0001,SimpleImputer(strategy='median'),SelectKBest(score_func=<function mutual_info_classif at 0x766691e17420>),9,,"{'balance': SMOTE(random_state=42), 'classify__C': 100.0, 'classify__max_iter': 2000, 'classify__n_jobs': 2, 'classify__penalty': 'l2', 'classify__random_state': 42, 'classify__solver': 'lbfgs', 'classify__tol': 0.0001, 'impute': SimpleImputer(strategy='median'), 'select': SelectKBest(score_func=<function mutual_info_classif at 0x766691e17420>), 'select__k': 9, 'transform': None}",,,,,,451,,,,,,451,,,,,,451
0.0008699893951416016,3.289888433856623e-05,0.0,0.0,SMOTE(random_state=42),100.0,2000,2,l2,42,lbfgs,0.0001,SimpleImputer(strategy='median'),SelectKBest(score_func=<function mutual_info_classif at 0x766691e17420>),7,,"{'balance': SMOTE(random_state=42), 'classify__C': 100.0, 'classify__max_iter': 2000, 'classify__n_jobs': 2, 'classify__penalty': 'l2', 'classify__random_state': 42, 'classify__solver': 'lbfgs', 'classify__tol': 0.0001, 'impute': SimpleImputer(strategy='median'), 'select': SelectKBest(score_func=<function mutual_info_classif at 0x766691e17420>), 'select__k': 7, 'transform': None}",,,,,,451,,,,,,451,,,,,,451
0.003945350646972656,0.00250737866330683,0.0,0.0,SMOTE(random_state=42),100.0,2000,2,l2,42,lbfgs,0.0001,SimpleImputer(strategy='median'),SelectKBest(score_func=<function mutual_info_classif at 0x766691e17420>),5,,"{'balance': SMOTE(random_state=42), 'classify__C': 100.0, 'classify__max_iter': 2000, 'classify__n_jobs': 2, 'classify__penalty': 'l2', 'classify__random_state': 42, 'classify__solver': 'lbfgs', 'classify__tol': 0.0001, 'impute': SimpleImputer(strategy='median'), 'select': SelectKBest(score_func=<function mutual_info_classif at 0x766691e17420>), 'select__k': 5, 'transform': None}",,,,,,451,,,,,,451,,,,,,451
0.0027663707733154297,0.0029027816416504412,0.0,0.0,SMOTE(random_state=42),100.0,2000,2,l2,42,lbfgs,0.0001,,SelectKBest(score_func=<function mutual_info_classif at 0x766691e17420>),9,,"{'balance': SMOTE(random_state=42), 'classify__C': 100.0, 'classify__max_iter': 2000, 'classify__n_jobs': 2, 'classify__penalty': 'l2', 'classify__random_state': 42, 'classify__solver': 'lbfgs', 'classify__tol': 0.0001, 'impute': None, 'select': SelectKBest(score_func=<function mutual_info_classif at 0x766691e17420>), 'select__k': 9, 'transform': None}",,,,,,451,,,,,,451,,,,,,451
0.0007071495056152344,3.656598006951169e-05,0.0,0.0,SMOTE(random_state=42),100.0,2000,2,l2,42,lbfgs,0.0001,,SelectKBest(score_func=<function mutual_info_classif at 0x766691e17420>),7,,"{'balance': SMOTE(random_state=42), 'classify__C': 100.0, 'classify__max_iter': 2000, 'classify__n_jobs': 2, 'classify__penalty': 'l2', 'classify__random_state': 42, 'classify__solver': 'lbfgs', 'classify__tol': 0.0001, 'impute': None, 'select': SelectKBest(score_func=<function mutual_info_classif at 0x766691e17420>), 'select__k': 7, 'transform': None}",,,,,,451,,,,,,451,,,,,,451
0.0007157325744628906,8.735777334910598e-05,0.0,0.0,SMOTE(random_state=42),100.0,2000,2,l2,42,lbfgs,0.0001,,SelectKBest(score_func=<function mutual_info_classif at 0x766691e17420>),5,,"{'balance': SMOTE(random_state=42), 'classify__C': 100.0, 'classify__max_iter': 2000, 'classify__n_jobs': 2, 'classify__penalty': 'l2', 'classify__random_state': 42, 'classify__solver': 'lbfgs', 'classify__tol': 0.0001, 'impute': None, 'select': SelectKBest(score_func=<function mutual_info_classif at 0x766691e17420>), 'select__k': 5, 'transform': None}",,,,,,451,,,,,,451,,,,,,451
0.0017844835917154949,0.001428416324959462,0.0,0.0,SMOTE(random_state=42),100.0,2000,2,l2,42,lbfgs,1e-06,SimpleImputer(strategy='median'),SelectKBest(score_func=<function mutual_info_classif at 0x766691e17420>),9,,"{'balance': SMOTE(random_state=42), 'classify__C': 100.0, 'classify__max_iter': 2000, 'classify__n_jobs': 2, 'classify__penalty': 'l2', 'classify__random_state': 42, 'classify__solver': 'lbfgs', 'classify__tol': 1e-06, 'impute': SimpleImputer(strategy='median'), 'select': SelectKBest(score_func=<function mutual_info_classif at 0x766691e17420>), 'select__k': 9, 'transform': None}",,,,,,451,,,,,,451,,,,,,451
0.0017317136128743489,0.0014149503502411647,0.0,0.0,SMOTE(random_state=42),100.0,2000,2,l2,42,lbfgs,1e-06,SimpleImputer(strategy='median'),SelectKBest(score_func=<function mutual_info_classif at 0x766691e17420>),7,,"{'balance': SMOTE(random_state=42), 'classify__C': 100.0, 'classify__max_iter': 2000, 'classify__n_jobs': 2, 'classify__penalty': 'l2', 'classify__random_state': 42, 'classify__solver': 'lbfgs', 'classify__tol': 1e-06, 'impute': SimpleImputer(strategy='median'), 'select': SelectKBest(score_func=<function mutual_info_classif at 0x766691e17420>), 'select__k': 7, 'transform': None}",,,,,,451,,,,,,451,,,,,,451
0.001736005147298177,0.0014186548081347062,0.0,0.0,SMOTE(random_state=42),100.0,2000,2,l2,42,lbfgs,1e-06,SimpleImputer(strategy='median'),SelectKBest(score_func=<function mutual_info_classif at 0x766691e17420>),5,,"{'balance': SMOTE(random_state=42), 'classify__C': 100.0, 'classify__max_iter': 2000, 'classify__n_jobs': 2, 'classify__penalty': 'l2', 'classify__random_state': 42, 'classify__solver': 'lbfgs', 'classify__tol': 1e-06, 'impute': SimpleImputer(strategy='median'), 'select': SelectKBest(score_func=<function mutual_info_classif at 0x766691e17420>), 'select__k': 5, 'transform': None}",,,,,,451,,,,,,451,,,,,,451
0.0006694793701171875,2.2889011421067983e-05,0.0,0.0,SMOTE(random_state=42),100.0,2000,2,l2,42,lbfgs,1e-06,,SelectKBest(score_func=<function mutual_info_classif at 0x766691e17420>),9,,"{'balance': SMOTE(random_state=42), 'classify__C': 100.0, 'classify__max_iter': 2000, 'classify__n_jobs': 2, 'classify__penalty': 'l2', 'classify__random_state': 42, 'classify__solver': 'lbfgs', 'classify__tol': 1e-06, 'impute': None, 'select': SelectKBest(score_func=<function mutual_info_classif at 0x766691e17420>), 'select__k': 9, 'transform': None}",,,,,,451,,,,,,451,,,,,,451
0.0017183621724446614,0.001432649634854879,0.0,0.0,SMOTE(random_state=42),100.0,2000,2,l2,42,lbfgs,1e-06,,SelectKBest(score_func=<function mutual_info_classif at 0x766691e17420>),7,,"{'balance': SMOTE(random_state=42), 'classify__C': 100.0, 'classify__max_iter': 2000, 'classify__n_jobs': 2, 'classify__penalty': 'l2', 'classify__random_state': 42, 'classify__solver': 'lbfgs', 'classify__tol': 1e-06, 'impute': None, 'select': SelectKBest(score_func=<function mutual_info_classif at 0x766691e17420>), 'select__k': 7, 'transform': None}",,,,,,451,,,,,,451,,,,,,451
0.0016744931538899739,0.0014016253516345753,0.0,0.0,SMOTE(random_state=42),100.0,2000,2,l2,42,lbfgs,1e-06,,SelectKBest(score_func=<function mutual_info_classif at 0x766691e17420>),5,,"{'balance': SMOTE(random_state=42), 'classify__C': 100.0, 'classify__max_iter': 2000, 'classify__n_jobs': 2, 'classify__penalty': 'l2', 'classify__random_state': 42, 'classify__solver': 'lbfgs', 'classify__tol': 1e-06, 'impute': None, 'select': SelectKBest(score_func=<function mutual_info_classif at 0x766691e17420>), 'select__k': 5, 'transform': None}",,,,,,451,,,,,,451,,,,,,451
0.004541158676147461,0.0027095521284906648,0.0,0.0,SMOTE(random_state=42),100.0,2000,2,l2,42,lbfgs,1e-08,SimpleImputer(strategy='median'),SelectKBest(score_func=<function mutual_info_classif at 0x766691e17420>),9,,"{'balance': SMOTE(random_state=42), 'classify__C': 100.0, 'classify__max_iter': 2000, 'classify__n_jobs': 2, 'classify__penalty': 'l2', 'classify__random_state': 42, 'classify__solver': 'lbfgs', 'classify__tol': 1e-08, 'impute': SimpleImputer(strategy='median'), 'select': SelectKBest(score_func=<function mutual_info_classif at 0x766691e17420>), 'select__k': 9, 'transform': None}",,,,,,451,,,,,,451,,,,,,451
0.005006233851114909,0.002839897764694393,0.0,0.0,SMOTE(random_state=42),100.0,2000,2,l2,42,lbfgs,1e-08,SimpleImputer(strategy='median'),SelectKBest(score_func=<function mutual_info_classif at 0x766691e17420>),7,,"{'balance': SMOTE(random_state=42), 'classify__C': 100.0, 'classify__max_iter': 2000, 'classify__n_jobs': 2, 'classify__penalty': 'l2', 'classify__random_state': 42, 'classify__solver': 'lbfgs', 'classify__tol': 1e-08, 'impute': SimpleImputer(strategy='median'), 'select': SelectKBest(score_func=<function mutual_info_classif at 0x766691e17420>), 'select__k': 7, 'transform': None}",,,,,,451,,,,,,451,,,,,,451
0.0008792877197265625,4.022614394774044e-06,0.0,0.0,SMOTE(random_state=42),100.0,2000,2,l2,42,lbfgs,1e-08,SimpleImputer(strategy='median'),SelectKBest(score_func=<function mutual_info_classif at 0x766691e17420>),5,,"{'balance': SMOTE(random_state=42), 'classify__C': 100.0, 'classify__max_iter': 2000, 'classify__n_jobs': 2, 'classify__penalty': 'l2', 'classify__random_state': 42, 'classify__solver': 'lbfgs', 'classify__tol': 1e-08, 'impute': SimpleImputer(strategy='median'), 'select': SelectKBest(score_func=<function mutual_info_classif at 0x766691e17420>), 'select__k': 5, 'transform': None}",,,,,,451,,,,,,451,,,,,,451
0.0006770292917887369,4.018671493564742e-05,0.0,0.0,SMOTE(random_state=42),100.0,2000,2,l2,42,lbfgs,1e-08,,SelectKBest(score_func=<function mutual_info_classif at 0x766691e17420>),9,,"{'balance': SMOTE(random_state=42), 'classify__C': 100.0, 'classify__max_iter': 2000, 'classify__n_jobs': 2, 'classify__penalty': 'l2', 'classify__random_state': 42, 'classify__solver': 'lbfgs', 'classify__tol': 1e-08, 'impute': None, 'select': SelectKBest(score_func=<function mutual_info_classif at 0x766691e17420>), 'select__k': 9, 'transform': None}",,,,,,451,,,,,,451,,,,,,451
0.0026488304138183594,0.002819880079005368,0.0,0.0,RandomUnderSampler(random_state=42),0.01,200,2,l2,42,lbfgs,1e-08,,SelectKBest(score_func=<function mutual_info_classif at 0x766691e17420>),7,,"{'balance': RandomUnderSampler(random_state=42), 'classify__C': 0.01, 'classify__max_iter': 200, 'classify__n_jobs': 2, 'classify__penalty': 'l2', 'classify__random_state': 42, 'classify__solver': 'lbfgs', 'classify__tol': 1e-08, 'impute': None, 'select': SelectKBest(score_func=<function mutual_info_classif at 0x766691e17420>), 'select__k': 7, 'transform': None}",,,,,,451,,,,,,451,,,,,,451
0.002987066904703776,0.003297627808165719,0.0,0.0,RandomUnderSampler(random_state=42),0.01,200,2,l2,42,lbfgs,1e-08,,SelectKBest(score_func=<function mutual_info_classif at 0x766691e17420>),5,,"{'balance': RandomUnderSampler(random_state=42), 'classify__C': 0.01, 'classify__max_iter': 200, 'classify__n_jobs': 2, 'classify__penalty': 'l2', 'classify__random_state': 42, 'classify__solver': 'lbfgs', 'classify__tol': 1e-08, 'impute': None, 'select': SelectKBest(score_func=<function mutual_info_classif at 0x766691e17420>), 'select__k': 5, 'transform': None}",,,,,,451,,,,,,451,,,,,,451
0.0007394949595133463,5.621366543782525e-05,0.0,0.0,RandomUnderSampler(random_state=42),0.01,100,2,l2,42,lbfgs,0.0001,SimpleImputer(strategy='median'),SelectKBest(score_func=<function mutual_info_classif at 0x766691e17420>),9,,"{'balance': RandomUnderSampler(random_state=42), 'classify__C': 0.01, 'classify__max_iter': 100, 'classify__n_jobs': 2, 'classify__penalty': 'l2', 'classify__random_state': 42, 'classify__solver': 'lbfgs', 'classify__tol': 0.0001, 'impute': SimpleImputer(strategy='median'), 'select': SelectKBest(score_func=<function mutual_info_classif at 0x766691e17420>), 'select__k': 9, 'transform': None}",,,,,,451,,,,,,451,,,,,,451
0.0026814937591552734,0.0028752618819486227,0.0,0.0,RandomUnderSampler(random_state=42),0.01,100,2,l2,42,lbfgs,0.0001,SimpleImputer(strategy='median'),SelectKBest(score_func=<function mutual_info_classif at 0x766691e17420>),7,,"{'balance': RandomUnderSampler(random_state=42), 'classify__C': 0.01, 'classify__max_iter': 100, 'classify__n_jobs': 2, 'classify__penalty': 'l2', 'classify__random_state': 42, 'classify__solver': 'lbfgs', 'classify__tol': 0.0001, 'impute': SimpleImputer(strategy='median'), 'select': SelectKBest(score_func=<function mutual_info_classif at 0x766691e17420>), 'select__k': 7, 'transform': None}",,,,,,451,,,,,,451,,,,,,451
0.0016932487487792969,0.001405429347191056,0.0,0.0,RandomUnderSampler(random_state=42),0.01,100,2,l2,42,lbfgs,0.0001,SimpleImputer(strategy='median'),SelectKBest(score_func=<function mutual_info_classif at 0x766691e17420>),5,,"{'balance': RandomUnderSampler(random_state=42), 'classify__C': 0.01, 'classify__max_iter': 100, 'classify__n_jobs': 2, 'classify__penalty': 'l2', 'classify__random_state': 42, 'classify__solver': 'lbfgs', 'classify__tol': 0.0001, 'impute': SimpleImputer(strategy='median'), 'select': SelectKBest(score_func=<function mutual_info_classif at 0x766691e17420>), 'select__k': 5, 'transform': None}",,,,,,451,,,,,,451,,,,,,451
0.0006241798400878906,1.8837582545054383e-05,0.0,0.0,RandomUnderSampler(random_state=42),0.01,100,2,l2,42,lbfgs,0.0001,,SelectKBest(score_func=<function mutual_info_classif at 0x766691e17420>),9,,"{'balance': RandomUnderSampler(random_state=42), 'classify__C': 0.01, 'classify__max_iter': 100, 'classify__n_jobs': 2, 'classify__penalty': 'l2', 'classify__random_state': 42, 'classify__solver': 'lbfgs', 'classify__tol': 0.0001, 'impute': None, 'select': SelectKBest(score_func=<function mutual_info_classif at 0x766691e17420>), 'select__k': 9, 'transform': None}",,,,,,451,,,,,,451,,,,,,451
0.0005728403727213541,4.8203155718534095e-05,0.0,0.0,RandomUnderSampler(random_state=42),0.01,100,2,l2,42,lbfgs,0.0001,,SelectKBest(score_func=<function mutual_info_classif at 0x766691e17420>),7,,"{'balance': RandomUnderSampler(random_state=42), 'classify__C': 0.01, 'classify__max_iter': 100, 'classify__n_jobs': 2, 'classify__penalty': 'l2', 'classify__random_state': 42, 'classify__solver': 'lbfgs', 'classify__tol': 0.0001, 'impute': None, 'select': SelectKBest(score_func=<function mutual_info_classif at 0x766691e17420>), 'select__k': 7, 'transform': None}",,,,,,451,,,,,,451,,,,,,451
0.0026836395263671875,0.0028397197011450935,0.0,0.0,RandomUnderSampler(random_state=42),0.01,100,2,l2,42,lbfgs,0.0001,,SelectKBest(score_func=<function mutual_info_classif at 0x766691e17420>),5,,"{'balance': RandomUnderSampler(random_state=42), 'classify__C': 0.01, 'classify__max_iter': 100, 'classify__n_jobs': 2, 'classify__penalty': 'l2', 'classify__random_state': 42, 'classify__solver': 'lbfgs', 'classify__tol': 0.0001, 'impute': None, 'select': SelectKBest(score_func=<function mutual_info_classif at 0x766691e17420>), 'select__k': 5, 'transform': None}",,,,,,451,,,,,,451,,,,,,451
0.005098501841227214,0.0031294764951984976,0.0,0.0,RandomUnderSampler(random_state=42),0.01,100,2,l2,42,lbfgs,1e-06,SimpleImputer(strategy='median'),SelectKBest(score_func=<function mutual_info_classif at 0x766691e17420>),9,,"{'balance': RandomUnderSampler(random_state=42), 'classify__C': 0.01, 'classify__max_iter': 100, 'classify__n_jobs': 2, 'classify__penalty': 'l2', 'classify__random_state': 42, 'classify__solver': 'lbfgs', 'classify__tol': 1e-06, 'impute': SimpleImputer(strategy='median'), 'select': SelectKBest(score_func=<function mutual_info_classif at 0x766691e17420>), 'select__k': 9, 'transform': None}",,,,,,451,,,,,,451,,,,,,451
0.0007034937540690104,2.085068582369217e-05,0.0,0.0,RandomUnderSampler(random_state=42),0.01,100,2,l2,42,lbfgs,1e-06,SimpleImputer(strategy='median'),SelectKBest(score_func=<function mutual_info_classif at 0x766691e17420>),7,,"{'balance': RandomUnderSampler(random_state=42), 'classify__C': 0.01, 'classify__max_iter': 100, 'classify__n_jobs': 2, 'classify__penalty': 'l2', 'classify__random_state': 42, 'classify__solver': 'lbfgs', 'classify__tol': 1e-06, 'impute': SimpleImputer(strategy='median'), 'select': SelectKBest(score_func=<function mutual_info_classif at 0x766691e17420>), 'select__k': 7, 'transform': None}",,,,,,451,,,,,,451,,,,,,451
0.003776073455810547,0.004322286573796862,0.0,0.0,RandomUnderSampler(random_state=42),0.01,100,2,l2,42,lbfgs,1e-06,SimpleImputer(strategy='median'),SelectKBest(score_func=<function mutual_info_classif at 0x766691e17420>),5,,"{'balance': RandomUnderSampler(random_state=42), 'classify__C': 0.01, 'classify__max_iter': 100, 'classify__n_jobs': 2, 'classify__penalty': 'l2', 'classify__random_state': 42, 'classify__solver': 'lbfgs', 'classify__tol': 1e-06, 'impute': SimpleImputer(strategy='median'), 'select': SelectKBest(score_func=<function mutual_info_classif at 0x766691e17420>), 'select__k': 5, 'transform': None}",,,,,,451,,,,,,451,,,,,,451
0.0017251968383789062,0.0015397623511416224,0.0,0.0,RandomUnderSampler(random_state=42),0.01,100,2,l2,42,lbfgs,1e-06,,SelectKBest(score_func=<function mutual_info_classif at 0x766691e17420>),9,,"{'balance': RandomUnderSampler(random_state=42), 'classify__C': 0.01, 'classify__max_iter': 100, 'classify__n_jobs': 2, 'classify__penalty': 'l2', 'classify__random_state': 42, 'classify__solver': 'lbfgs', 'classify__tol': 1e-06, 'impute': None, 'select': SelectKBest(score_func=<function mutual_info_classif at 0x766691e17420>), 'select__k': 9, 'transform': None}",,,,,,451,,,,,,451,,,,,,451
0.0006670951843261719,6.228431555034305e-05,0.0,0.0,RandomUnderSampler(random_state=42),0.01,100,2,l2,42,lbfgs,1e-06,,SelectKBest(score_func=<function mutual_info_classif at 0x766691e17420>),7,,"{'balance': RandomUnderSampler(random_state=42), 'classify__C': 0.01, 'classify__max_iter': 100, 'classify__n_jobs': 2, 'classify__penalty': 'l2', 'classify__random_state': 42, 'classify__solver': 'lbfgs', 'classify__tol': 1e-06, 'impute': None, 'select': SelectKBest(score_func=<function mutual_info_classif at 0x766691e17420>), 'select__k': 7, 'transform': None}",,,,,,451,,,,,,451,,,,,,451
0.004701773325602214,0.005709122296759408,0.0,0.0,RandomUnderSampler(random_state=42),0.01,100,2,l2,42,lbfgs,1e-06,,SelectKBest(score_func=<function mutual_info_classif at 0x766691e17420>),5,,"{'balance': RandomUnderSampler(random_state=42), 'classify__C': 0.01, 'classify__max_iter': 100, 'classify__n_jobs': 2, 'classify__penalty': 'l2', 'classify__random_state': 42, 'classify__solver': 'lbfgs', 'classify__tol': 1e-06, 'impute': None, 'select': SelectKBest(score_func=<function mutual_info_classif at 0x766691e17420>), 'select__k': 5, 'transform': None}",,,,,,451,,,,,,451,,,,,,451
0.0006813208262125651,3.73388834656797e-05,0.0,0.0,RandomUnderSampler(random_state=42),0.01,100,2,l2,42,lbfgs,1e-08,SimpleImputer(strategy='median'),SelectKBest(score_func=<function mutual_info_classif at 0x766691e17420>),9,,"{'balance': RandomUnderSampler(random_state=42), 'classify__C': 0.01, 'classify__max_iter': 100, 'classify__n_jobs': 2, 'classify__penalty': 'l2', 'classify__random_state': 42, 'classify__solver': 'lbfgs', 'classify__tol': 1e-08, 'impute': SimpleImputer(strategy='median'), 'select': SelectKBest(score_func=<function mutual_info_classif at 0x766691e17420>), 'select__k': 9, 'transform': None}",,,,,,451,,,,,,451,,,,,,451
0.01014566421508789,0.006848812891747559,0.0,0.0,RandomUnderSampler(random_state=42),0.01,100,2,l2,42,lbfgs,1e-08,SimpleImputer(strategy='median'),SelectKBest(score_func=<function mutual_info_classif at 0x766691e17420>),7,,"{'balance': RandomUnderSampler(random_state=42), 'classify__C': 0.01, 'classify__max_iter': 100, 'classify__n_jobs': 2, 'classify__penalty': 'l2', 'classify__random_state': 42, 'classify__solver': 'lbfgs', 'classify__tol': 1e-08, 'impute': SimpleImputer(strategy='median'), 'select': SelectKBest(score_func=<function mutual_info_classif at 0x766691e17420>), 'select__k': 7, 'transform': None}",,,,,,451,,,,,,451,,,,,,451
0.0015869935353597004,0.0011827950328190432,0.0,0.0,RandomUnderSampler(random_state=42),0.01,200,2,l2,42,lbfgs,0.0001,SimpleImputer(strategy='median'),SelectKBest(score_func=<function mutual_info_classif at 0x766691e17420>),9,,"{'balance': RandomUnderSampler(random_state=42), 'classify__C': 0.01, 'classify__max_iter': 200, 'classify__n_jobs': 2, 'classify__penalty': 'l2', 'classify__random_state': 42, 'classify__solver': 'lbfgs', 'classify__tol': 0.0001, 'impute': SimpleImputer(strategy='median'), 'select': SelectKBest(score_func=<function mutual_info_classif at 0x766691e17420>), 'select__k': 9, 'transform': None}",,,,,,451,,,,,,451,,,,,,451
0.0018571217854817708,0.0014097115166240215,0.0,0.0,RandomUnderSampler(random_state=42),0.01,200,2,l2,42,lbfgs,0.0001,SimpleImputer(strategy='median'),SelectKBest(score_func=<function mutual_info_classif at 0x766691e17420>),7,,"{'balance': RandomUnderSampler(random_state=42), 'classify__C': 0.01, 'classify__max_iter': 200, 'classify__n_jobs': 2, 'classify__penalty': 'l2', 'classify__random_state': 42, 'classify__solver': 'lbfgs', 'classify__tol': 0.0001, 'impute': SimpleImputer(strategy='median'), 'select': SelectKBest(score_func=<function mutual_info_classif at 0x766691e17420>), 'select__k': 7, 'transform': None}",,,,,,451,,,,,,451,,,,,,451
0.0007968743642171224,3.437658235448199e-05,0.0,0.0,RandomUnderSampler(random_state=42),0.01,200,2,l2,42,lbfgs,0.0001,SimpleImputer(strategy='median'),SelectKBest(score_func=<function mutual_info_classif at 0x766691e17420>),5,,"{'balance': RandomUnderSampler(random_state=42), 'classify__C': 0.01, 'classify__max_iter': 200, 'classify__n_jobs': 2, 'classify__penalty': 'l2', 'classify__random_state': 42, 'classify__solver': 'lbfgs', 'classify__tol': 0.0001, 'impute': SimpleImputer(strategy='median'), 'select': SelectKBest(score_func=<function mutual_info_classif at 0x766691e17420>), 'select__k': 5, 'transform': None}",,,,,,451,,,,,,451,,,,,,451
0.0006867249806722006,3.816302941735505e-05,0.0,0.0,RandomUnderSampler(random_state=42),0.01,200,2,l2,42,lbfgs,0.0001,,SelectKBest(score_func=<function mutual_info_classif at 0x766691e17420>),9,,"{'balance': RandomUnderSampler(random_state=42), 'classify__C': 0.01, 'classify__max_iter': 200, 'classify__n_jobs': 2, 'classify__penalty': 'l2', 'classify__random_state': 42, 'classify__solver': 'lbfgs', 'classify__tol': 0.0001, 'impute': None, 'select': SelectKBest(score_func=<function mutual_info_classif at 0x766691e17420>), 'select__k': 9, 'transform': None}",,,,,,451,,,,,,451,,,,,,451
0.0006796518961588541,2.2682228024904088e-05,0.0,0.0,RandomUnderSampler(random_state=42),0.01,200,2,l2,42,lbfgs,0.0001,,SelectKBest(score_func=<function mutual_info_classif at 0x766691e17420>),7,,"{'balance': RandomUnderSampler(random_state=42), 'classify__C': 0.01, 'classify__max_iter': 200, 'classify__n_jobs': 2, 'classify__penalty': 'l2', 'classify__random_state': 42, 'classify__solver': 'lbfgs', 'classify__tol': 0.0001, 'impute': None, 'select': SelectKBest(score_func=<function mutual_info_classif at 0x766691e17420>), 'select__k': 7, 'transform': None}",,,,,,451,,,,,,451,,,,,,451
0.0006876786549886068,3.214104899710974e-05,0.0,0.0,RandomUnderSampler(random_state=42),0.01,200,2,l2,42,lbfgs,0.0001,,SelectKBest(score_func=<function mutual_info_classif at 0x766691e17420>),5,,"{'balance': RandomUnderSampler(random_state=42), 'classify__C': 0.01, 'classify__max_iter': 200, 'classify__n_jobs': 2, 'classify__penalty': 'l2', 'classify__random_state': 42, 'classify__solver': 'lbfgs', 'classify__tol': 0.0001, 'impute': None, 'select': SelectKBest(score_func=<function mutual_info_classif at 0x766691e17420>), 'select__k': 5, 'transform': None}",,,,,,451,,,,,,451,,,,,,451
0.0007212162017822266,3.166751640944353e-05,0.0,0.0,RandomUnderSampler(random_state=42),0.01,200,2,l2,42,lbfgs,1e-06,SimpleImputer(strategy='median'),SelectKBest(score_func=<function mutual_info_classif at 0x766691e17420>),9,,"{'balance': RandomUnderSampler(random_state=42), 'classify__C': 0.01, 'classify__max_iter': 200, 'classify__n_jobs': 2, 'classify__penalty': 'l2', 'classify__random_state': 42, 'classify__solver': 'lbfgs', 'classify__tol': 1e-06, 'impute': SimpleImputer(strategy='median'), 'select': SelectKBest(score_func=<function mutual_info_classif at 0x766691e17420>), 'select__k': 9, 'transform': None}",,,,,,451,,,,,,451,,,,,,451
0.0006806850433349609,3.3057461786905954e-05,0.0,0.0,RandomUnderSampler(random_state=42),0.01,200,2,l2,42,lbfgs,1e-06,SimpleImputer(strategy='median'),SelectKBest(score_func=<function mutual_info_classif at 0x766691e17420>),7,,"{'balance': RandomUnderSampler(random_state=42), 'classify__C': 0.01, 'classify__max_iter': 200, 'classify__n_jobs': 2, 'classify__penalty': 'l2', 'classify__random_state': 42, 'classify__solver': 'lbfgs', 'classify__tol': 1e-06, 'impute': SimpleImputer(strategy='median'), 'select': SelectKBest(score_func=<function mutual_info_classif at 0x766691e17420>), 'select__k': 7, 'transform': None}",,,,,,451,,,,,,451,,,,,,451
0.0007681051890055338,8.605564037909964e-05,0.0,0.0,RandomUnderSampler(random_state=42),0.01,200,2,l2,42,lbfgs,1e-06,SimpleImputer(strategy='median'),SelectKBest(score_func=<function mutual_info_classif at 0x766691e17420>),5,,"{'balance': RandomUnderSampler(random_state=42), 'classify__C': 0.01, 'classify__max_iter': 200, 'classify__n_jobs': 2, 'classify__penalty': 'l2', 'classify__random_state': 42, 'classify__solver': 'lbfgs', 'classify__tol': 1e-06, 'impute': SimpleImputer(strategy='median'), 'select': SelectKBest(score_func=<function mutual_info_classif at 0x766691e17420>), 'select__k': 5, 'transform': None}",,,,,,451,,,,,,451,,,,,,451
0.0008144378662109375,3.958801527741762e-05,0.0,0.0,RandomUnderSampler(random_state=42),0.01,200,2,l2,42,lbfgs,1e-06,,SelectKBest(score_func=<function mutual_info_classif at 0x766691e17420>),9,,"{'balance': RandomUnderSampler(random_state=42), 'classify__C': 0.01, 'classify__max_iter': 200, 'classify__n_jobs': 2, 'classify__penalty': 'l2', 'classify__random_state': 42, 'classify__solver': 'lbfgs', 'classify__tol': 1e-06, 'impute': None, 'select': SelectKBest(score_func=<function mutual_info_classif at 0x766691e17420>), 'select__k': 9, 'transform': None}",,,,,,451,,,,,,451,,,,,,451
0.0028505325317382812,0.001442942266491787,0.0,0.0,RandomUnderSampler(random_state=42),0.01,200,2,l2,42,lbfgs,1e-06,,SelectKBest(score_func=<function mutual_info_classif at 0x766691e17420>),7,,"{'balance': RandomUnderSampler(random_state=42), 'classify__C': 0.01, 'classify__max_iter': 200, 'classify__n_jobs': 2, 'classify__penalty': 'l2', 'classify__random_state': 42, 'classify__solver': 'lbfgs', 'classify__tol': 1e-06, 'impute': None, 'select': SelectKBest(score_func=<function mutual_info_classif at 0x766691e17420>), 'select__k': 7, 'transform': None}",,,,,,451,,,,,,451,,,,,,451
0.0022024313608805337,0.001193078862515621,0.0,0.0,RandomUnderSampler(random_state=42),0.01,200,2,l2,42,lbfgs,1e-06,,SelectKBest(score_func=<function mutual_info_classif at 0x766691e17420>),5,,"{'balance': RandomUnderSampler(random_state=42), 'classify__C': 0.01, 'classify__max_iter': 200, 'classify__n_jobs': 2, 'classify__penalty': 'l2', 'classify__random_state': 42, 'classify__solver': 'lbfgs', 'classify__tol': 1e-06, 'impute': None, 'select': SelectKBest(score_func=<function mutual_info_classif at 0x766691e17420>), 'select__k': 5, 'transform': None}",,,,,,451,,,,,,451,,,,,,451
0.002924680709838867,0.0008606633536753529,0.0,0.0,RandomUnderSampler(random_state=42),0.01,200,2,l2,42,lbfgs,1e-08,SimpleImputer(strategy='median'),SelectKBest(score_func=<function mutual_info_classif at 0x766691e17420>),9,,"{'balance': RandomUnderSampler(random_state=42), 'classify__C': 0.01, 'classify__max_iter': 200, 'classify__n_jobs': 2, 'classify__penalty': 'l2', 'classify__random_state': 42, 'classify__solver': 'lbfgs', 'classify__tol': 1e-08, 'impute': SimpleImputer(strategy='median'), 'select': SelectKBest(score_func=<function mutual_info_classif at 0x766691e17420>), 'select__k': 9, 'transform': None}",,,,,,451,,,,,,451,,,,,,451
0.0037595431009928384,0.0025049908814616167,0.0,0.0,RandomUnderSampler(random_state=42),0.01,200,2,l2,42,lbfgs,1e-08,SimpleImputer(strategy='median'),SelectKBest(score_func=<function mutual_info_classif at 0x766691e17420>),7,,"{'balance': RandomUnderSampler(random_state=42), 'classify__C': 0.01, 'classify__max_iter': 200, 'classify__n_jobs': 2, 'classify__penalty': 'l2', 'classify__random_state': 42, 'classify__solver': 'lbfgs', 'classify__tol': 1e-08, 'impute': SimpleImputer(strategy='median'), 'select': SelectKBest(score_func=<function mutual_info_classif at 0x766691e17420>), 'select__k': 7, 'transform': None}",,,,,,451,,,,,,451,,,,,,451
0.00072479248046875,3.496932258632237e-05,0.0,0.0,RandomUnderSampler(random_state=42),0.01,200,2,l2,42,lbfgs,1e-08,SimpleImputer(strategy='median'),SelectKBest(score_func=<function mutual_info_classif at 0x766691e17420>),5,,"{'balance': RandomUnderSampler(random_state=42), 'classify__C': 0.01, 'classify__max_iter': 200, 'classify__n_jobs': 2, 'classify__penalty': 'l2', 'classify__random_state': 42, 'classify__solver': 'lbfgs', 'classify__tol': 1e-08, 'impute': SimpleImputer(strategy='median'), 'select': SelectKBest(score_func=<function mutual_info_classif at 0x766691e17420>), 'select__k': 5, 'transform': None}",,,,,,451,,,,,,451,,,,,,451
0.0006318092346191406,7.264949646651791e-05,0.0,0.0,RandomUnderSampler(random_state=42),0.01,200,2,l2,42,lbfgs,1e-08,,SelectKBest(score_func=<function mutual_info_classif at 0x766691e17420>),9,,"{'balance': RandomUnderSampler(random_state=42), 'classify__C': 0.01, 'classify__max_iter': 200, 'classify__n_jobs': 2, 'classify__penalty': 'l2', 'classify__random_state': 42, 'classify__solver': 'lbfgs', 'classify__tol': 1e-08, 'impute': None, 'select': SelectKBest(score_func=<function mutual_info_classif at 0x766691e17420>), 'select__k': 9, 'transform': None}",,,,,,451,,,,,,451,,,,,,451
0.0038391749064127603,0.002496255551040758,0.0,0.0,RandomUnderSampler(random_state=42),0.01,500,2,l2,42,lbfgs,0.0001,SimpleImputer(strategy='median'),SelectKBest(score_func=<function mutual_info_classif at 0x766691e17420>),5,,"{'balance': RandomUnderSampler(random_state=42), 'classify__C': 0.01, 'classify__max_iter': 500, 'classify__n_jobs': 2, 'classify__penalty': 'l2', 'classify__random_state': 42, 'classify__solver': 'lbfgs', 'classify__tol': 0.0001, 'impute': SimpleImputer(strategy='median'), 'select': SelectKBest(score_func=<function mutual_info_classif at 0x766691e17420>), 'select__k': 5, 'transform': None}",,,,,,451,,,,,,451,,,,,,451
0.0005923112233479818,2.3547849902947682e-05,0.0,0.0,RandomUnderSampler(random_state=42),0.01,500,2,l2,42,lbfgs,0.0001,,SelectKBest(score_func=<function mutual_info_classif at 0x766691e17420>),9,,"{'balance': RandomUnderSampler(random_state=42), 'classify__C': 0.01, 'classify__max_iter': 500, 'classify__n_jobs': 2, 'classify__penalty': 'l2', 'classify__random_state': 42, 'classify__solver': 'lbfgs', 'classify__tol': 0.0001, 'impute': None, 'select': SelectKBest(score_func=<function mutual_info_classif at 0x766691e17420>), 'select__k': 9, 'transform': None}",,,,,,451,,,,,,451,,,,,,451
0.0005940596262613932,6.996934274864105e-05,0.0,0.0,RandomUnderSampler(random_state=42),0.01,500,2,l2,42,lbfgs,0.0001,,SelectKBest(score_func=<function mutual_info_classif at 0x766691e17420>),7,,"{'balance': RandomUnderSampler(random_state=42), 'classify__C': 0.01, 'classify__max_iter': 500, 'classify__n_jobs': 2, 'classify__penalty': 'l2', 'classify__random_state': 42, 'classify__solver': 'lbfgs', 'classify__tol': 0.0001, 'impute': None, 'select': SelectKBest(score_func=<function mutual_info_classif at 0x766691e17420>), 'select__k': 7, 'transform': None}",,,,,,451,,,,,,451,,,,,,451
0.001633008321126302,0.001405132665451442,0.0,0.0,RandomUnderSampler(random_state=42),0.01,500,2,l2,42,lbfgs,0.0001,,SelectKBest(score_func=<function mutual_info_classif at 0x766691e17420>),5,,"{'balance': RandomUnderSampler(random_state=42), 'classify__C': 0.01, 'classify__max_iter': 500, 'classify__n_jobs': 2, 'classify__penalty': 'l2', 'classify__random_state': 42, 'classify__solver': 'lbfgs', 'classify__tol': 0.0001, 'impute': None, 'select': SelectKBest(score_func=<function mutual_info_classif at 0x766691e17420>), 'select__k': 5, 'transform': None}",,,,,,451,,,,,,451,,,,,,451
0.0016627311706542969,0.0013993454442901517,0.0,0.0,RandomUnderSampler(random_state=42),0.01,500,2,l2,42,lbfgs,1e-06,SimpleImputer(strategy='median'),SelectKBest(score_func=<function mutual_info_classif at 0x766691e17420>),9,,"{'balance': RandomUnderSampler(random_state=42), 'classify__C': 0.01, 'classify__max_iter': 500, 'classify__n_jobs': 2, 'classify__penalty': 'l2', 'classify__random_state': 42, 'classify__solver': 'lbfgs', 'classify__tol': 1e-06, 'impute': SimpleImputer(strategy='median'), 'select': SelectKBest(score_func=<function mutual_info_classif at 0x766691e17420>), 'select__k': 9, 'transform': None}",,,,,,451,,,,,,451,,,,,,451
0.0006848176320393881,3.226461078759702e-05,0.0,0.0,RandomUnderSampler(random_state=42),0.01,500,2,l2,42,lbfgs,1e-06,SimpleImputer(strategy='median'),SelectKBest(score_func=<function mutual_info_classif at 0x766691e17420>),7,,"{'balance': RandomUnderSampler(random_state=42), 'classify__C': 0.01, 'classify__max_iter': 500, 'classify__n_jobs': 2, 'classify__penalty': 'l2', 'classify__random_state': 42, 'classify__solver': 'lbfgs', 'classify__tol': 1e-06, 'impute': SimpleImputer(strategy='median'), 'select': SelectKBest(score_func=<function mutual_info_classif at 0x766691e17420>), 'select__k': 7, 'transform': None}",,,,,,451,,,,,,451,,,,,,451
0.002681573232014974,0.002873008381272028,0.0,0.0,RandomUnderSampler(random_state=42),0.01,500,2,l2,42,lbfgs,1e-06,SimpleImputer(strategy='median'),SelectKBest(score_func=<function mutual_info_classif at 0x766691e17420>),5,,"{'balance': RandomUnderSampler(random_state=42), 'classify__C': 0.01, 'classify__max_iter': 500, 'classify__n_jobs': 2, 'classify__penalty': 'l2', 'classify__random_state': 42, 'classify__solver': 'lbfgs', 'classify__tol': 1e-06, 'impute': SimpleImputer(strategy='median'), 'select': SelectKBest(score_func=<function mutual_info_classif at 0x766691e17420>), 'select__k': 5, 'transform': None}",,,,,,451,,,,,,451,,,,,,451
0.0007051626841227213,4.6354823438716156e-05,0.0,0.0,RandomUnderSampler(random_state=42),0.01,500,2,l2,42,lbfgs,1e-06,,SelectKBest(score_func=<function mutual_info_classif at 0x766691e17420>),9,,"{'balance': RandomUnderSampler(random_state=42), 'classify__C': 0.01, 'classify__max_iter': 500, 'classify__n_jobs': 2, 'classify__penalty': 'l2', 'classify__random_state': 42, 'classify__solver': 'lbfgs', 'classify__tol': 1e-06, 'impute': None, 'select': SelectKBest(score_func=<function mutual_info_classif at 0x766691e17420>), 'select__k': 9, 'transform': None}",,,,,,451,,,,,,451,,,,,,451
0.0007061958312988281,4.1979276691276735e-05,0.0,0.0,RandomUnderSampler(random_state=42),0.01,500,2,l2,42,lbfgs,1e-06,,SelectKBest(score_func=<function mutual_info_classif at 0x766691e17420>),7,,"{'balance': RandomUnderSampler(random_state=42), 'classify__C': 0.01, 'classify__max_iter': 500, 'classify__n_jobs': 2, 'classify__penalty': 'l2', 'classify__random_state': 42, 'classify__solver': 'lbfgs', 'classify__tol': 1e-06, 'impute': None, 'select': SelectKBest(score_func=<function mutual_info_classif at 0x766691e17420>), 'select__k': 7, 'transform': None}",,,,,,451,,,,,,451,,,,,,451
0.0026308695475260415,0.002828246732036305,0.0,0.0,RandomUnderSampler(random_state=42),0.01,500,2,l2,42,lbfgs,1e-06,,SelectKBest(score_func=<function mutual_info_classif at 0x766691e17420>),5,,"{'balance': RandomUnderSampler(random_state=42), 'classify__C': 0.01, 'classify__max_iter': 500, 'classify__n_jobs': 2, 'classify__penalty': 'l2', 'classify__random_state': 42, 'classify__solver': 'lbfgs', 'classify__tol': 1e-06, 'impute': None, 'select': SelectKBest(score_func=<function mutual_info_classif at 0x766691e17420>), 'select__k': 5, 'transform': None}",,,,,,451,,,,,,451,,,,,,451
0.0018062591552734375,0.0014618148420115216,0.0,0.0,RandomUnderSampler(random_state=42),0.01,500,2,l2,42,lbfgs,1e-08,SimpleImputer(strategy='median'),SelectKBest(score_func=<function mutual_info_classif at 0x766691e17420>),9,,"{'balance': RandomUnderSampler(random_state=42), 'classify__C': 0.01, 'classify__max_iter': 500, 'classify__n_jobs': 2, 'classify__penalty': 'l2', 'classify__random_state': 42, 'classify__solver': 'lbfgs', 'classify__tol': 1e-08, 'impute': SimpleImputer(strategy='median'), 'select': SelectKBest(score_func=<function mutual_info_classif at 0x766691e17420>), 'select__k': 9, 'transform': None}",,,,,,451,,,,,,451,,,,,,451
0.0007696946461995443,5.827902542439012e-05,0.0,0.0,RandomUnderSampler(random_state=42),0.01,500,2,l2,42,lbfgs,1e-08,SimpleImputer(strategy='median'),SelectKBest(score_func=<function mutual_info_classif at 0x766691e17420>),7,,"{'balance': RandomUnderSampler(random_state=42), 'classify__C': 0.01, 'classify__max_iter': 500, 'classify__n_jobs': 2, 'classify__penalty': 'l2', 'classify__random_state': 42, 'classify__solver': 'lbfgs', 'classify__tol': 1e-08, 'impute': SimpleImputer(strategy='median'), 'select': SelectKBest(score_func=<function mutual_info_classif at 0x766691e17420>), 'select__k': 7, 'transform': None}",,,,,,451,,,,,,451,,,,,,451
0.0015104611714680989,0.0009758303677032368,0.0,0.0,RandomUnderSampler(random_state=42),0.01,500,2,l2,42,lbfgs,1e-08,SimpleImputer(strategy='median'),SelectKBest(score_func=<function mutual_info_classif at 0x766691e17420>),5,,"{'balance': RandomUnderSampler(random_state=42), 'classify__C': 0.01, 'classify__max_iter': 500, 'classify__n_jobs': 2, 'classify__penalty': 'l2', 'classify__random_state': 42, 'classify__solver': 'lbfgs', 'classify__tol': 1e-08, 'impute': SimpleImputer(strategy='median'), 'select': SelectKBest(score_func=<function mutual_info_classif at 0x766691e17420>), 'select__k': 5, 'transform': None}",,,,,,451,,,,,,451,,,,,,451
0.0013844966888427734,0.0008922384157595566,0.0,0.0,RandomUnderSampler(random_state=42),0.01,500,2,l2,42,lbfgs,1e-08,,SelectKBest(score_func=<function mutual_info_classif at 0x766691e17420>),9,,"{'balance': RandomUnderSampler(random_state=42), 'classify__C': 0.01, 'classify__max_iter': 500, 'classify__n_jobs': 2, 'classify__penalty': 'l2', 'classify__random_state': 42, 'classify__solver': 'lbfgs', 'classify__tol': 1e-08, 'impute': None, 'select': SelectKBest(score_func=<function mutual_info_classif at 0x766691e17420>), 'select__k': 9, 'transform': None}",,,,,,451,,,,,,451,,,,,,451
0.0006523927052815756,4.623531266427186e-05,0.0,0.0,RandomUnderSampler(random_state=42),0.01,500,2,l2,42,lbfgs,1e-08,,SelectKBest(score_func=<function mutual_info_classif at 0x766691e17420>),7,,"{'balance': RandomUnderSampler(random_state=42), 'classify__C': 0.01, 'classify__max_iter': 500, 'classify__n_jobs': 2, 'classify__penalty': 'l2', 'classify__random_state': 42, 'classify__solver': 'lbfgs', 'classify__tol': 1e-08, 'impute': None, 'select': SelectKBest(score_func=<function mutual_info_classif at 0x766691e17420>), 'select__k': 7, 'transform': None}",,,,,,451,,,,,,451,,,,,,451
0.0006608168284098307,3.820173650622009e-05,0.0,0.0,RandomUnderSampler(random_state=42),0.01,500,2,l2,42,lbfgs,1e-08,,SelectKBest(score_func=<function mutual_info_classif at 0x766691e17420>),5,,"{'balance': RandomUnderSampler(random_state=42), 'classify__C': 0.01, 'classify__max_iter': 500, 'classify__n_jobs': 2, 'classify__penalty': 'l2', 'classify__random_state': 42, 'classify__solver': 'lbfgs', 'classify__tol': 1e-08, 'impute': None, 'select': SelectKBest(score_func=<function mutual_info_classif at 0x766691e17420>), 'select__k': 5, 'transform': None}",,,,,,451,,,,,,451,,,,,,451
0.0012642542521158855,0.0008501106860492106,0.0,0.0,RandomUnderSampler(random_state=42),0.01,1000,2,l2,42,lbfgs,0.0001,,SelectKBest(score_func=<function mutual_info_classif at 0x766691e17420>),7,,"{'balance': RandomUnderSampler(random_state=42), 'classify__C': 0.01, 'classify__max_iter': 1000, 'classify__n_jobs': 2, 'classify__penalty': 'l2', 'classify__random_state': 42, 'classify__solver': 'lbfgs', 'classify__tol': 0.0001, 'impute': None, 'select': SelectKBest(score_func=<function mutual_info_classif at 0x766691e17420>), 'select__k': 7, 'transform': None}",,,,,,451,,,,,,451,,,,,,451
0.0035904248555501304,0.004290345421665392,0.0,0.0,RandomUnderSampler(random_state=42),0.01,1000,2,l2,42,lbfgs,0.0001,,SelectKBest(score_func=<function mutual_info_classif at 0x766691e17420>),5,,"{'balance': RandomUnderSampler(random_state=42), 'classify__C': 0.01, 'classify__max_iter': 1000, 'classify__n_jobs': 2, 'classify__penalty': 'l2', 'classify__random_state': 42, 'classify__solver': 'lbfgs', 'classify__tol': 0.0001, 'impute': None, 'select': SelectKBest(score_func=<function mutual_info_classif at 0x766691e17420>), 'select__k': 5, 'transform': None}",,,,,,451,,,,,,451,,,,,,451
0.0037359396616617837,0.00433714663632144,0.0,0.0,RandomUnderSampler(random_state=42),0.01,1000,2,l2,42,lbfgs,1e-06,SimpleImputer(strategy='median'),SelectKBest(score_func=<function mutual_info_classif at 0x766691e17420>),9,,"{'balance': RandomUnderSampler(random_state=42), 'classify__C': 0.01, 'classify__max_iter': 1000, 'classify__n_jobs': 2, 'classify__penalty': 'l2', 'classify__random_state': 42, 'classify__solver': 'lbfgs', 'classify__tol': 1e-06, 'impute': SimpleImputer(strategy='median'), 'select': SelectKBest(score_func=<function mutual_info_classif at 0x766691e17420>), 'select__k': 9, 'transform': None}",,,,,,451,,,,,,451,,,,,,451
0.003961404164632161,0.004703198429212849,0.0,0.0,RandomUnderSampler(random_state=42),0.01,1000,2,l2,42,lbfgs,1e-06,SimpleImputer(strategy='median'),SelectKBest(score_func=<function mutual_info_classif at 0x766691e17420>),7,,"{'balance': RandomUnderSampler(random_state=42), 'classify__C': 0.01, 'classify__max_iter': 1000, 'classify__n_jobs': 2, 'classify__penalty': 'l2', 'classify__random_state': 42, 'classify__solver': 'lbfgs', 'classify__tol': 1e-06, 'impute': SimpleImputer(strategy='median'), 'select': SelectKBest(score_func=<function mutual_info_classif at 0x766691e17420>), 'select__k': 7, 'transform': None}",,,,,,451,,,,,,451,,,,,,451
0.0006762345631917318,2.1611942458831192e-05,0.0,0.0,RandomUnderSampler(random_state=42),0.01,1000,2,l2,42,lbfgs,1e-06,SimpleImputer(strategy='median'),SelectKBest(score_func=<function mutual_info_classif at 0x766691e17420>),5,,"{'balance': RandomUnderSampler(random_state=42), 'classify__C': 0.01, 'classify__max_iter': 1000, 'classify__n_jobs': 2, 'classify__penalty': 'l2', 'classify__random_state': 42, 'classify__solver': 'lbfgs', 'classify__tol': 1e-06, 'impute': SimpleImputer(strategy='median'), 'select': SelectKBest(score_func=<function mutual_info_classif at 0x766691e17420>), 'select__k': 5, 'transform': None}",,,,,,451,,,,,,451,,,,,,451
0.0005580584208170573,2.227594628546985e-05,0.0,0.0,RandomUnderSampler(random_state=42),0.01,1000,2,l2,42,lbfgs,1e-06,,SelectKBest(score_func=<function mutual_info_classif at 0x766691e17420>),9,,"{'balance': RandomUnderSampler(random_state=42), 'classify__C': 0.01, 'classify__max_iter': 1000, 'classify__n_jobs': 2, 'classify__penalty': 'l2', 'classify__random_state': 42, 'classify__solver': 'lbfgs', 'classify__tol': 1e-06, 'impute': None, 'select': SelectKBest(score_func=<function mutual_info_classif at 0x766691e17420>), 'select__k': 9, 'transform': None}",,,,,,451,,,,,,451,,,,,,451
0.0005958080291748047,4.7305514622634534e-05,0.0,0.0,RandomUnderSampler(random_state=42),0.01,1000,2,l2,42,lbfgs,1e-06,,SelectKBest(score_func=<function mutual_info_classif at 0x766691e17420>),7,,"{'balance': RandomUnderSampler(random_state=42), 'classify__C': 0.01, 'classify__max_iter': 1000, 'classify__n_jobs': 2, 'classify__penalty': 'l2', 'classify__random_state': 42, 'classify__solver': 'lbfgs', 'classify__tol': 1e-06, 'impute': None, 'select': SelectKBest(score_func=<function mutual_info_classif at 0x766691e17420>), 'select__k': 7, 'transform': None}",,,,,,451,,,,,,451,,,,,,451
0.0026706854502360025,0.002878995877037799,0.0,0.0,RandomUnderSampler(random_state=42),0.01,1000,2,l2,42,lbfgs,1e-06,,SelectKBest(score_func=<function mutual_info_classif at 0x766691e17420>),5,,"{'balance': RandomUnderSampler(random_state=42), 'classify__C': 0.01, 'classify__max_iter': 1000, 'classify__n_jobs': 2, 'classify__penalty': 'l2', 'classify__random_state': 42, 'classify__solver': 'lbfgs', 'classify__tol': 1e-06, 'impute': None, 'select': SelectKBest(score_func=<function mutual_info_classif at 0x766691e17420>), 'select__k': 5, 'transform': None}",,,,,,451,,,,,,451,,,,,,451
0.0038454532623291016,0.004249463013596621,0.0,0.0,RandomUnderSampler(random_state=42),0.01,1000,2,l2,42,lbfgs,1e-08,SimpleImputer(strategy='median'),SelectKBest(score_func=<function mutual_info_classif at 0x766691e17420>),9,,"{'balance': RandomUnderSampler(random_state=42), 'classify__C': 0.01, 'classify__max_iter': 1000, 'classify__n_jobs': 2, 'classify__penalty': 'l2', 'classify__random_state': 42, 'classify__solver': 'lbfgs', 'classify__tol': 1e-08, 'impute': SimpleImputer(strategy='median'), 'select': SelectKBest(score_func=<function mutual_info_classif at 0x766691e17420>), 'select__k': 9, 'transform': None}",,,,,,451,,,,,,451,,,,,,451
0.0026956399281819663,0.0028677751437522093,0.0,0.0,RandomUnderSampler(random_state=42),0.01,1000,2,l2,42,lbfgs,1e-08,SimpleImputer(strategy='median'),SelectKBest(score_func=<function mutual_info_classif at 0x766691e17420>),7,,"{'balance': RandomUnderSampler(random_state=42), 'classify__C': 0.01, 'classify__max_iter': 1000, 'classify__n_jobs': 2, 'classify__penalty': 'l2', 'classify__random_state': 42, 'classify__solver': 'lbfgs', 'classify__tol': 1e-08, 'impute': SimpleImputer(strategy='median'), 'select': SelectKBest(score_func=<function mutual_info_classif at 0x766691e17420>), 'select__k': 7, 'transform': None}",,,,,,451,,,,,,451,,,,,,451
0.0024978319803873696,0.002502335765791577,0.0,0.0,RandomUnderSampler(random_state=42),0.01,1000,2,l2,42,lbfgs,1e-08,SimpleImputer(strategy='median'),SelectKBest(score_func=<function mutual_info_classif at 0x766691e17420>),5,,"{'balance': RandomUnderSampler(random_state=42), 'classify__C': 0.01, 'classify__max_iter': 1000, 'classify__n_jobs': 2, 'classify__penalty': 'l2', 'classify__random_state': 42, 'classify__solver': 'lbfgs', 'classify__tol': 1e-08, 'impute': SimpleImputer(strategy='median'), 'select': SelectKBest(score_func=<function mutual_info_classif at 0x766691e17420>), 'select__k': 5, 'transform': None}",,,,,,451,,,,,,451,,,,,,451
0.0006361802419026693,1.3849271717575051e-05,0.0,0.0,RandomUnderSampler(random_state=42),0.01,1000,2,l2,42,lbfgs,1e-08,,SelectKBest(score_func=<function mutual_info_classif at 0x766691e17420>),9,,"{'balance': RandomUnderSampler(random_state=42), 'classify__C': 0.01, 'classify__max_iter': 1000, 'classify__n_jobs': 2, 'classify__penalty': 'l2', 'classify__random_state': 42, 'classify__solver': 'lbfgs', 'classify__tol': 1e-08, 'impute': None, 'select': SelectKBest(score_func=<function mutual_info_classif at 0x766691e17420>), 'select__k': 9, 'transform': None}",,,,,,451,,,,,,451,,,,,,451
0.003705263137817383,0.004319448933465345,0.0,0.0,RandomUnderSampler(random_state=42),0.01,1000,2,l2,42,lbfgs,1e-08,,SelectKBest(score_func=<function mutual_info_classif at 0x766691e17420>),7,,"{'balance': RandomUnderSampler(random_state=42), 'classify__C': 0.01, 'classify__max_iter': 1000, 'classify__n_jobs': 2, 'classify__penalty': 'l2', 'classify__random_state': 42, 'classify__solver': 'lbfgs', 'classify__tol': 1e-08, 'impute': None, 'select': SelectKBest(score_func=<function mutual_info_classif at 0x766691e17420>), 'select__k': 7, 'transform': None}",,,,,,451,,,,,,451,,,,,,451
0.0037787755330403647,0.004370089950536676,0.0,0.0,RandomUnderSampler(random_state=42),0.01,1000,2,l2,42,lbfgs,1e-08,,SelectKBest(score_func=<function mutual_info_classif at 0x766691e17420>),5,,"{'balance': RandomUnderSampler(random_state=42), 'classify__C': 0.01, 'classify__max_iter': 1000, 'classify__n_jobs': 2, 'classify__penalty': 'l2', 'classify__random_state': 42, 'classify__solver': 'lbfgs', 'classify__tol': 1e-08, 'impute': None, 'select': SelectKBest(score_func=<function mutual_info_classif at 0x766691e17420>), 'select__k': 5, 'transform': None}",,,,,,451,,,,,,451,,,,,,451
0.0006110668182373047,4.7782557088996554e-05,0.0,0.0,RandomUnderSampler(random_state=42),0.01,500,2,l2,42,lbfgs,0.0001,SimpleImputer(strategy='median'),SelectKBest(score_func=<function mutual_info_classif at 0x766691e17420>),9,,"{'balance': RandomUnderSampler(random_state=42), 'classify__C': 0.01, 'classify__max_iter': 500, 'classify__n_jobs': 2, 'classify__penalty': 'l2', 'classify__random_state': 42, 'classify__solver': 'lbfgs', 'classify__tol': 0.0001, 'impute': SimpleImputer(strategy='median'), 'select': SelectKBest(score_func=<function mutual_info_classif at 0x766691e17420>), 'select__k': 9, 'transform': None}",,,,,,451,,,,,,451,,,,,,451
0.0029703776041666665,0.0016907708820772566,0.0,0.0,RandomUnderSampler(random_state=42),0.01,500,2,l2,42,lbfgs,0.0001,SimpleImputer(strategy='median'),SelectKBest(score_func=<function mutual_info_classif at 0x766691e17420>),7,,"{'balance': RandomUnderSampler(random_state=42), 'classify__C': 0.01, 'classify__max_iter': 500, 'classify__n_jobs': 2, 'classify__penalty': 'l2', 'classify__random_state': 42, 'classify__solver': 'lbfgs', 'classify__tol': 0.0001, 'impute': SimpleImputer(strategy='median'), 'select': SelectKBest(score_func=<function mutual_info_classif at 0x766691e17420>), 'select__k': 7, 'transform': None}",,,,,,451,,,,,,451,,,,,,451
0.002767165501912435,0.0029489259697169632,0.0,0.0,RandomUnderSampler(random_state=42),0.01,2000,2,l2,42,lbfgs,1e-06,SimpleImputer(strategy='median'),SelectKBest(score_func=<function mutual_info_classif at 0x766691e17420>),9,,"{'balance': RandomUnderSampler(random_state=42), 'classify__C': 0.01, 'classify__max_iter': 2000, 'classify__n_jobs': 2, 'classify__penalty': 'l2', 'classify__random_state': 42, 'classify__solver': 'lbfgs', 'classify__tol': 1e-06, 'impute': SimpleImputer(strategy='median'), 'select': SelectKBest(score_func=<function mutual_info_classif at 0x766691e17420>), 'select__k': 9, 'transform': None}",,,,,,451,,,,,,451,,,,,,451
0.0006994406382242838,7.26365416858537e-05,0.0,0.0,RandomUnderSampler(random_state=42),0.01,2000,2,l2,42,lbfgs,1e-06,SimpleImputer(strategy='median'),SelectKBest(score_func=<function mutual_info_classif at 0x766691e17420>),7,,"{'balance': RandomUnderSampler(random_state=42), 'classify__C': 0.01, 'classify__max_iter': 2000, 'classify__n_jobs': 2, 'classify__penalty': 'l2', 'classify__random_state': 42, 'classify__solver': 'lbfgs', 'classify__tol': 1e-06, 'impute': SimpleImputer(strategy='median'), 'select': SelectKBest(score_func=<function mutual_info_classif at 0x766691e17420>), 'select__k': 7, 'transform': None}",,,,,,451,,,,,,451,,,,,,451
0.002147674560546875,0.0019131690565298257,0.0,0.0,RandomUnderSampler(random_state=42),0.01,2000,2,l2,42,lbfgs,1e-06,SimpleImputer(strategy='median'),SelectKBest(score_func=<function mutual_info_classif at 0x766691e17420>),5,,"{'balance': RandomUnderSampler(random_state=42), 'classify__C': 0.01, 'classify__max_iter': 2000, 'classify__n_jobs': 2, 'classify__penalty': 'l2', 'classify__random_state': 42, 'classify__solver': 'lbfgs', 'classify__tol': 1e-06, 'impute': SimpleImputer(strategy='median'), 'select': SelectKBest(score_func=<function mutual_info_classif at 0x766691e17420>), 'select__k': 5, 'transform': None}",,,,,,451,,,,,,451,,,,,,451
0.0006837050120035807,3.1524390176624786e-05,0.0,0.0,RandomUnderSampler(random_state=42),0.01,2000,2,l2,42,lbfgs,1e-06,,SelectKBest(score_func=<function mutual_info_classif at 0x766691e17420>),9,,"{'balance': RandomUnderSampler(random_state=42), 'classify__C': 0.01, 'classify__max_iter': 2000, 'classify__n_jobs': 2, 'classify__penalty': 'l2', 'classify__random_state': 42, 'classify__solver': 'lbfgs', 'classify__tol': 1e-06, 'impute': None, 'select': SelectKBest(score_func=<function mutual_info_classif at 0x766691e17420>), 'select__k': 9, 'transform': None}",,,,,,451,,,,,,451,,,,,,451
0.0006310145060221354,2.2333711840358317e-05,0.0,0.0,RandomUnderSampler(random_state=42),0.01,2000,2,l2,42,lbfgs,1e-06,,SelectKBest(score_func=<function mutual_info_classif at 0x766691e17420>),7,,"{'balance': RandomUnderSampler(random_state=42), 'classify__C': 0.01, 'classify__max_iter': 2000, 'classify__n_jobs': 2, 'classify__penalty': 'l2', 'classify__random_state': 42, 'classify__solver': 'lbfgs', 'classify__tol': 1e-06, 'impute': None, 'select': SelectKBest(score_func=<function mutual_info_classif at 0x766691e17420>), 'select__k': 7, 'transform': None}",,,,,,451,,,,,,451,,,,,,451
0.002155939737955729,0.002095585516664823,0.0,0.0,RandomUnderSampler(random_state=42),0.01,2000,2,l2,42,lbfgs,1e-06,,SelectKBest(score_func=<function mutual_info_classif at 0x766691e17420>),5,,"{'balance': RandomUnderSampler(random_state=42), 'classify__C': 0.01, 'classify__max_iter': 2000, 'classify__n_jobs': 2, 'classify__penalty': 'l2', 'classify__random_state': 42, 'classify__solver': 'lbfgs', 'classify__tol': 1e-06, 'impute': None, 'select': SelectKBest(score_func=<function mutual_info_classif at 0x766691e17420>), 'select__k': 5, 'transform': None}",,,,,,451,,,,,,451,,,,,,451
0.0037197271982828775,0.004256281445228538,0.0,0.0,RandomUnderSampler(random_state=42),0.01,2000,2,l2,42,lbfgs,1e-08,SimpleImputer(strategy='median'),SelectKBest(score_func=<function mutual_info_classif at 0x766691e17420>),9,,"{'balance': RandomUnderSampler(random_state=42), 'classify__C': 0.01, 'classify__max_iter': 2000, 'classify__n_jobs': 2, 'classify__penalty': 'l2', 'classify__random_state': 42, 'classify__solver': 'lbfgs', 'classify__tol': 1e-08, 'impute': SimpleImputer(strategy='median'), 'select': SelectKBest(score_func=<function mutual_info_classif at 0x766691e17420>), 'select__k': 9, 'transform': None}",,,,,,451,,,,,,451,,,,,,451
0.0037088394165039062,0.004312532011853273,0.0,0.0,RandomUnderSampler(random_state=42),0.01,2000,2,l2,42,lbfgs,1e-08,SimpleImputer(strategy='median'),SelectKBest(score_func=<function mutual_info_classif at 0x766691e17420>),7,,"{'balance': RandomUnderSampler(random_state=42), 'classify__C': 0.01, 'classify__max_iter': 2000, 'classify__n_jobs': 2, 'classify__penalty': 'l2', 'classify__random_state': 42, 'classify__solver': 'lbfgs', 'classify__tol': 1e-08, 'impute': SimpleImputer(strategy='median'), 'select': SelectKBest(score_func=<function mutual_info_classif at 0x766691e17420>), 'select__k': 7, 'transform': None}",,,,,,451,,,,,,451,,,,,,451
0.003825585047403971,0.004311657269601192,0.0,0.0,RandomUnderSampler(random_state=42),0.01,2000,2,l2,42,lbfgs,1e-08,SimpleImputer(strategy='median'),SelectKBest(score_func=<function mutual_info_classif at 0x766691e17420>),5,,"{'balance': RandomUnderSampler(random_state=42), 'classify__C': 0.01, 'classify__max_iter': 2000, 'classify__n_jobs': 2, 'classify__penalty': 'l2', 'classify__random_state': 42, 'classify__solver': 'lbfgs', 'classify__tol': 1e-08, 'impute': SimpleImputer(strategy='median'), 'select': SelectKBest(score_func=<function mutual_info_classif at 0x766691e17420>), 'select__k': 5, 'transform': None}",,,,,,451,,,,,,451,,,,,,451
0.0008079210917154948,4.2765113055923525e-05,0.0,0.0,RandomUnderSampler(random_state=42),0.01,2000,2,l2,42,lbfgs,1e-08,,SelectKBest(score_func=<function mutual_info_classif at 0x766691e17420>),9,,"{'balance': RandomUnderSampler(random_state=42), 'classify__C': 0.01, 'classify__max_iter': 2000, 'classify__n_jobs': 2, 'classify__penalty': 'l2', 'classify__random_state': 42, 'classify__solver': 'lbfgs', 'classify__tol': 1e-08, 'impute': None, 'select': SelectKBest(score_func=<function mutual_info_classif at 0x766691e17420>), 'select__k': 9, 'transform': None}",,,,,,451,,,,,,451,,,,,,451
0.0005958080291748047,5.1459765944372526e-05,0.0,0.0,RandomUnderSampler(random_state=42),0.01,2000,2,l2,42,lbfgs,1e-08,,SelectKBest(score_func=<function mutual_info_classif at 0x766691e17420>),7,,"{'balance': RandomUnderSampler(random_state=42), 'classify__C': 0.01, 'classify__max_iter': 2000, 'classify__n_jobs': 2, 'classify__penalty': 'l2', 'classify__random_state': 42, 'classify__solver': 'lbfgs', 'classify__tol': 1e-08, 'impute': None, 'select': SelectKBest(score_func=<function mutual_info_classif at 0x766691e17420>), 'select__k': 7, 'transform': None}",,,,,,451,,,,,,451,,,,,,451
0.003699700037638346,0.004223552903609215,0.0,0.0,RandomUnderSampler(random_state=42),0.01,2000,2,l2,42,lbfgs,1e-08,,SelectKBest(score_func=<function mutual_info_classif at 0x766691e17420>),5,,"{'balance': RandomUnderSampler(random_state=42), 'classify__C': 0.01, 'classify__max_iter': 2000, 'classify__n_jobs': 2, 'classify__penalty': 'l2', 'classify__random_state': 42, 'classify__solver': 'lbfgs', 'classify__tol': 1e-08, 'impute': None, 'select': SelectKBest(score_func=<function mutual_info_classif at 0x766691e17420>), 'select__k': 5, 'transform': None}",,,,,,451,,,,,,451,,,,,,451
0.00621485710144043,0.004167986171352045,0.0,0.0,RandomUnderSampler(random_state=42),0.01,1000,2,l2,42,lbfgs,0.0001,SimpleImputer(strategy='median'),SelectKBest(score_func=<function mutual_info_classif at 0x766691e17420>),9,,"{'balance': RandomUnderSampler(random_state=42), 'classify__C': 0.01, 'classify__max_iter': 1000, 'classify__n_jobs': 2, 'classify__penalty': 'l2', 'classify__random_state': 42, 'classify__solver': 'lbfgs', 'classify__tol': 0.0001, 'impute': SimpleImputer(strategy='median'), 'select': SelectKBest(score_func=<function mutual_info_classif at 0x766691e17420>), 'select__k': 9, 'transform': None}",,,,,,451,,,,,,451,,,,,,451
0.00408323605855306,0.004801720675986312,0.0,0.0,RandomUnderSampler(random_state=42),0.01,1000,2,l2,42,lbfgs,0.0001,SimpleImputer(strategy='median'),SelectKBest(score_func=<function mutual_info_classif at 0x766691e17420>),7,,"{'balance': RandomUnderSampler(random_state=42), 'classify__C': 0.01, 'classify__max_iter': 1000, 'classify__n_jobs': 2, 'classify__penalty': 'l2', 'classify__random_state': 42, 'classify__solver': 'lbfgs', 'classify__tol': 0.0001, 'impute': SimpleImputer(strategy='median'), 'select': SelectKBest(score_func=<function mutual_info_classif at 0x766691e17420>), 'select__k': 7, 'transform': None}",,,,,,451,,,,,,451,,,,,,451
0.0015160242716471355,0.001170276105284893,0.0,0.0,RandomUnderSampler(random_state=42),0.01,1000,2,l2,42,lbfgs,0.0001,SimpleImputer(strategy='median'),SelectKBest(score_func=<function mutual_info_classif at 0x766691e17420>),5,,"{'balance': RandomUnderSampler(random_state=42), 'classify__C': 0.01, 'classify__max_iter': 1000, 'classify__n_jobs': 2, 'classify__penalty': 'l2', 'classify__random_state': 42, 'classify__solver': 'lbfgs', 'classify__tol': 0.0001, 'impute': SimpleImputer(strategy='median'), 'select': SelectKBest(score_func=<function mutual_info_classif at 0x766691e17420>), 'select__k': 5, 'transform': None}",,,,,,451,,,,,,451,,,,,,451
0.0007482369740804037,2.6434971680201545e-05,0.0,0.0,RandomUnderSampler(random_state=42),0.01,1000,2,l2,42,lbfgs,0.0001,,SelectKBest(score_func=<function mutual_info_classif at 0x766691e17420>),9,,"{'balance': RandomUnderSampler(random_state=42), 'classify__C': 0.01, 'classify__max_iter': 1000, 'classify__n_jobs': 2, 'classify__penalty': 'l2', 'classify__random_state': 42, 'classify__solver': 'lbfgs', 'classify__tol': 0.0001, 'impute': None, 'select': SelectKBest(score_func=<function mutual_info_classif at 0x766691e17420>), 'select__k': 9, 'transform': None}",,,,,,451,,,,,,451,,,,,,451
0.003748178482055664,0.004295661667975002,0.0,0.0,RandomUnderSampler(random_state=42),0.1,100,2,l2,42,lbfgs,1e-06,SimpleImputer(strategy='median'),SelectKBest(score_func=<function mutual_info_classif at 0x766691e17420>),5,,"{'balance': RandomUnderSampler(random_state=42), 'classify__C': 0.1, 'classify__max_iter': 100, 'classify__n_jobs': 2, 'classify__penalty': 'l2', 'classify__random_state': 42, 'classify__solver': 'lbfgs', 'classify__tol': 1e-06, 'impute': SimpleImputer(strategy='median'), 'select': SelectKBest(score_func=<function mutual_info_classif at 0x766691e17420>), 'select__k': 5, 'transform': None}",,,,,,451,,,,,,451,,,,,,451
0.0036721229553222656,0.0042810544206610575,0.0,0.0,RandomUnderSampler(random_state=42),0.1,100,2,l2,42,lbfgs,1e-06,,SelectKBest(score_func=<function mutual_info_classif at 0x766691e17420>),9,,"{'balance': RandomUnderSampler(random_state=42), 'classify__C': 0.1, 'classify__max_iter': 100, 'classify__n_jobs': 2, 'classify__penalty': 'l2', 'classify__random_state': 42, 'classify__solver': 'lbfgs', 'classify__tol': 1e-06, 'impute': None, 'select': SelectKBest(score_func=<function mutual_info_classif at 0x766691e17420>), 'select__k': 9, 'transform': None}",,,,,,451,,,,,,451,,,,,,451
0.0007219314575195312,0.00011100034372635138,0.0,0.0,RandomUnderSampler(random_state=42),0.1,100,2,l2,42,lbfgs,1e-06,,SelectKBest(score_func=<function mutual_info_classif at 0x766691e17420>),7,,"{'balance': RandomUnderSampler(random_state=42), 'classify__C': 0.1, 'classify__max_iter': 100, 'classify__n_jobs': 2, 'classify__penalty': 'l2', 'classify__random_state': 42, 'classify__solver': 'lbfgs', 'classify__tol': 1e-06, 'impute': None, 'select': SelectKBest(score_func=<function mutual_info_classif at 0x766691e17420>), 'select__k': 7, 'transform': None}",,,,,,451,,,,,,451,,,,,,451
0.00678404172261556,0.004241581483056962,0.0,0.0,RandomUnderSampler(random_state=42),0.1,100,2,l2,42,lbfgs,1e-06,,SelectKBest(score_func=<function mutual_info_classif at 0x766691e17420>),5,,"{'balance': RandomUnderSampler(random_state=42), 'classify__C': 0.1, 'classify__max_iter': 100, 'classify__n_jobs': 2, 'classify__penalty': 'l2', 'classify__random_state': 42, 'classify__solver': 'lbfgs', 'classify__tol': 1e-06, 'impute': None, 'select': SelectKBest(score_func=<function mutual_info_classif at 0x766691e17420>), 'select__k': 5, 'transform': None}",,,,,,451,,,,,,451,,,,,,451
0.0037369728088378906,0.004263278980553911,0.0,0.0,RandomUnderSampler(random_state=42),0.1,100,2,l2,42,lbfgs,1e-08,SimpleImputer(strategy='median'),SelectKBest(score_func=<function mutual_info_classif at 0x766691e17420>),9,,"{'balance': RandomUnderSampler(random_state=42), 'classify__C': 0.1, 'classify__max_iter': 100, 'classify__n_jobs': 2, 'classify__penalty': 'l2', 'classify__random_state': 42, 'classify__solver': 'lbfgs', 'classify__tol': 1e-08, 'impute': SimpleImputer(strategy='median'), 'select': SelectKBest(score_func=<function mutual_info_classif at 0x766691e17420>), 'select__k': 9, 'transform': None}",,,,,,451,,,,,,451,,,,,,451
0.0007321834564208984,7.058505416817837e-05,0.0,0.0,RandomUnderSampler(random_state=42),0.1,100,2,l2,42,lbfgs,1e-08,SimpleImputer(strategy='median'),SelectKBest(score_func=<function mutual_info_classif at 0x766691e17420>),7,,"{'balance': RandomUnderSampler(random_state=42), 'classify__C': 0.1, 'classify__max_iter': 100, 'classify__n_jobs': 2, 'classify__penalty': 'l2', 'classify__random_state': 42, 'classify__solver': 'lbfgs', 'classify__tol': 1e-08, 'impute': SimpleImputer(strategy='median'), 'select': SelectKBest(score_func=<function mutual_info_classif at 0x766691e17420>), 'select__k': 7, 'transform': None}",,,,,,451,,,,,,451,,,,,,451
0.0006649494171142578,6.072267371779462e-06,0.0,0.0,RandomUnderSampler(random_state=42),0.1,100,2,l2,42,lbfgs,1e-08,SimpleImputer(strategy='median'),SelectKBest(score_func=<function mutual_info_classif at 0x766691e17420>),5,,"{'balance': RandomUnderSampler(random_state=42), 'classify__C': 0.1, 'classify__max_iter': 100, 'classify__n_jobs': 2, 'classify__penalty': 'l2', 'classify__random_state': 42, 'classify__solver': 'lbfgs', 'classify__tol': 1e-08, 'impute': SimpleImputer(strategy='median'), 'select': SelectKBest(score_func=<function mutual_info_classif at 0x766691e17420>), 'select__k': 5, 'transform': None}",,,,,,451,,,,,,451,,,,,,451
0.0006511211395263672,2.7336122335550487e-05,0.0,0.0,RandomUnderSampler(random_state=42),0.1,100,2,l2,42,lbfgs,1e-08,,SelectKBest(score_func=<function mutual_info_classif at 0x766691e17420>),9,,"{'balance': RandomUnderSampler(random_state=42), 'classify__C': 0.1, 'classify__max_iter': 100, 'classify__n_jobs': 2, 'classify__penalty': 'l2', 'classify__random_state': 42, 'classify__solver': 'lbfgs', 'classify__tol': 1e-08, 'impute': None, 'select': SelectKBest(score_func=<function mutual_info_classif at 0x766691e17420>), 'select__k': 9, 'transform': None}",,,,,,451,,,,,,451,,,,,,451
0.000629425048828125,1.9772936932196933e-05,0.0,0.0,RandomUnderSampler(random_state=42),0.1,100,2,l2,42,lbfgs,1e-08,,SelectKBest(score_func=<function mutual_info_classif at 0x766691e17420>),7,,"{'balance': RandomUnderSampler(random_state=42), 'classify__C': 0.1, 'classify__max_iter': 100, 'classify__n_jobs': 2, 'classify__penalty': 'l2', 'classify__random_state': 42, 'classify__solver': 'lbfgs', 'classify__tol': 1e-08, 'impute': None, 'select': SelectKBest(score_func=<function mutual_info_classif at 0x766691e17420>), 'select__k': 7, 'transform': None}",,,,,,451,,,,,,451,,,,,,451
0.0006256898244222006,6.613937464257299e-06,0.0,0.0,RandomUnderSampler(random_state=42),0.1,100,2,l2,42,lbfgs,1e-08,,SelectKBest(score_func=<function mutual_info_classif at 0x766691e17420>),5,,"{'balance': RandomUnderSampler(random_state=42), 'classify__C': 0.1, 'classify__max_iter': 100, 'classify__n_jobs': 2, 'classify__penalty': 'l2', 'classify__random_state': 42, 'classify__solver': 'lbfgs', 'classify__tol': 1e-08, 'impute': None, 'select': SelectKBest(score_func=<function mutual_info_classif at 0x766691e17420>), 'select__k': 5, 'transform': None}",,,,,,451,,,,,,451,,,,,,451
0.0006961822509765625,8.431617234468361e-06,0.0,0.0,RandomUnderSampler(random_state=42),0.01,2000,2,l2,42,lbfgs,0.0001,SimpleImputer(strategy='median'),SelectKBest(score_func=<function mutual_info_classif at 0x766691e17420>),9,,"{'balance': RandomUnderSampler(random_state=42), 'classify__C': 0.01, 'classify__max_iter': 2000, 'classify__n_jobs': 2, 'classify__penalty': 'l2', 'classify__random_state': 42, 'classify__solver': 'lbfgs', 'classify__tol': 0.0001, 'impute': SimpleImputer(strategy='median'), 'select': SelectKBest(score_func=<function mutual_info_classif at 0x766691e17420>), 'select__k': 9, 'transform': None}",,,,,,451,,,,,,451,,,,,,451
0.0006852944691975912,3.0342192467593775e-05,0.0,0.0,RandomUnderSampler(random_state=42),0.01,2000,2,l2,42,lbfgs,0.0001,SimpleImputer(strategy='median'),SelectKBest(score_func=<function mutual_info_classif at 0x766691e17420>),7,,"{'balance': RandomUnderSampler(random_state=42), 'classify__C': 0.01, 'classify__max_iter': 2000, 'classify__n_jobs': 2, 'classify__penalty': 'l2', 'classify__random_state': 42, 'classify__solver': 'lbfgs', 'classify__tol': 0.0001, 'impute': SimpleImputer(strategy='median'), 'select': SelectKBest(score_func=<function mutual_info_classif at 0x766691e17420>), 'select__k': 7, 'transform': None}",,,,,,451,,,,,,451,,,,,,451
0.002683560053507487,0.002649171204804718,0.0,0.0,RandomUnderSampler(random_state=42),0.01,2000,2,l2,42,lbfgs,0.0001,SimpleImputer(strategy='median'),SelectKBest(score_func=<function mutual_info_classif at 0x766691e17420>),5,,"{'balance': RandomUnderSampler(random_state=42), 'classify__C': 0.01, 'classify__max_iter': 2000, 'classify__n_jobs': 2, 'classify__penalty': 'l2', 'classify__random_state': 42, 'classify__solver': 'lbfgs', 'classify__tol': 0.0001, 'impute': SimpleImputer(strategy='median'), 'select': SelectKBest(score_func=<function mutual_info_classif at 0x766691e17420>), 'select__k': 5, 'transform': None}",,,,,,451,,,,,,451,,,,,,451
0.0027618408203125,0.0028583899409049926,0.0,0.0,RandomUnderSampler(random_state=42),0.01,2000,2,l2,42,lbfgs,0.0001,,SelectKBest(score_func=<function mutual_info_classif at 0x766691e17420>),9,,"{'balance': RandomUnderSampler(random_state=42), 'classify__C': 0.01, 'classify__max_iter': 2000, 'classify__n_jobs': 2, 'classify__penalty': 'l2', 'classify__random_state': 42, 'classify__solver': 'lbfgs', 'classify__tol': 0.0001, 'impute': None, 'select': SelectKBest(score_func=<function mutual_info_classif at 0x766691e17420>), 'select__k': 9, 'transform': None}",,,,,,451,,,,,,451,,,,,,451
0.0005919933319091797,6.147409350860116e-05,0.0,0.0,RandomUnderSampler(random_state=42),0.01,2000,2,l2,42,lbfgs,0.0001,,SelectKBest(score_func=<function mutual_info_classif at 0x766691e17420>),7,,"{'balance': RandomUnderSampler(random_state=42), 'classify__C': 0.01, 'classify__max_iter': 2000, 'classify__n_jobs': 2, 'classify__penalty': 'l2', 'classify__random_state': 42, 'classify__solver': 'lbfgs', 'classify__tol': 0.0001, 'impute': None, 'select': SelectKBest(score_func=<function mutual_info_classif at 0x766691e17420>), 'select__k': 7, 'transform': None}",,,,,,451,,,,,,451,,,,,,451
0.003580888112386068,0.0041741687712880116,0.0,0.0,RandomUnderSampler(random_state=42),0.01,2000,2,l2,42,lbfgs,0.0001,,SelectKBest(score_func=<function mutual_info_classif at 0x766691e17420>),5,,"{'balance': RandomUnderSampler(random_state=42), 'classify__C': 0.01, 'classify__max_iter': 2000, 'classify__n_jobs': 2, 'classify__penalty': 'l2', 'classify__random_state': 42, 'classify__solver': 'lbfgs', 'classify__tol': 0.0001, 'impute': None, 'select': SelectKBest(score_func=<function mutual_info_classif at 0x766691e17420>), 'select__k': 5, 'transform': None}",,,,,,451,,,,,,451,,,,,,451
0.0007404486338297526,9.037486439439298e-05,0.0,0.0,RandomUnderSampler(random_state=42),0.1,200,2,l2,42,lbfgs,1e-06,,SelectKBest(score_func=<function mutual_info_classif at 0x766691e17420>),7,,"{'balance': RandomUnderSampler(random_state=42), 'classify__C': 0.1, 'classify__max_iter': 200, 'classify__n_jobs': 2, 'classify__penalty': 'l2', 'classify__random_state': 42, 'classify__solver': 'lbfgs', 'classify__tol': 1e-06, 'impute': None, 'select': SelectKBest(score_func=<function mutual_info_classif at 0x766691e17420>), 'select__k': 7, 'transform': None}",,,,,,451,,,,,,451,,,,,,451
0.004311720530192058,0.005259183547093613,0.0,0.0,RandomUnderSampler(random_state=42),0.1,200,2,l2,42,lbfgs,1e-06,,SelectKBest(score_func=<function mutual_info_classif at 0x766691e17420>),5,,"{'balance': RandomUnderSampler(random_state=42), 'classify__C': 0.1, 'classify__max_iter': 200, 'classify__n_jobs': 2, 'classify__penalty': 'l2', 'classify__random_state': 42, 'classify__solver': 'lbfgs', 'classify__tol': 1e-06, 'impute': None, 'select': SelectKBest(score_func=<function mutual_info_classif at 0x766691e17420>), 'select__k': 5, 'transform': None}",,,,,,451,,,,,,451,,,,,,451
0.004772106806437175,0.0057912100463035346,0.0,0.0,RandomUnderSampler(random_state=42),0.1,200,2,l2,42,lbfgs,1e-08,SimpleImputer(strategy='median'),SelectKBest(score_func=<function mutual_info_classif at 0x766691e17420>),9,,"{'balance': RandomUnderSampler(random_state=42), 'classify__C': 0.1, 'classify__max_iter': 200, 'classify__n_jobs': 2, 'classify__penalty': 'l2', 'classify__random_state': 42, 'classify__solver': 'lbfgs', 'classify__tol': 1e-08, 'impute': SimpleImputer(strategy='median'), 'select': SelectKBest(score_func=<function mutual_info_classif at 0x766691e17420>), 'select__k': 9, 'transform': None}",,,,,,451,,,,,,451,,,,,,451
0.0043421586354573565,0.005303037275856623,0.0,0.0,RandomUnderSampler(random_state=42),0.1,200,2,l2,42,lbfgs,1e-08,SimpleImputer(strategy='median'),SelectKBest(score_func=<function mutual_info_classif at 0x766691e17420>),7,,"{'balance': RandomUnderSampler(random_state=42), 'classify__C': 0.1, 'classify__max_iter': 200, 'classify__n_jobs': 2, 'classify__penalty': 'l2', 'classify__random_state': 42, 'classify__solver': 'lbfgs', 'classify__tol': 1e-08, 'impute': SimpleImputer(strategy='median'), 'select': SelectKBest(score_func=<function mutual_info_classif at 0x766691e17420>), 'select__k': 7, 'transform': None}",,,,,,451,,,,,,451,,,,,,451
0.00263214111328125,0.0028011548412154837,0.0,0.0,RandomUnderSampler(random_state=42),0.1,200,2,l2,42,lbfgs,1e-08,SimpleImputer(strategy='median'),SelectKBest(score_func=<function mutual_info_classif at 0x766691e17420>),5,,"{'balance': RandomUnderSampler(random_state=42), 'classify__C': 0.1, 'classify__max_iter': 200, 'classify__n_jobs': 2, 'classify__penalty': 'l2', 'classify__random_state': 42, 'classify__solver': 'lbfgs', 'classify__tol': 1e-08, 'impute': SimpleImputer(strategy='median'), 'select': SelectKBest(score_func=<function mutual_info_classif at 0x766691e17420>), 'select__k': 5, 'transform': None}",,,,,,451,,,,,,451,,,,,,451
0.0006664594014485677,2.3708233961358815e-05,0.0,0.0,RandomUnderSampler(random_state=42),0.1,200,2,l2,42,lbfgs,1e-08,,SelectKBest(score_func=<function mutual_info_classif at 0x766691e17420>),9,,"{'balance': RandomUnderSampler(random_state=42), 'classify__C': 0.1, 'classify__max_iter': 200, 'classify__n_jobs': 2, 'classify__penalty': 'l2', 'classify__random_state': 42, 'classify__solver': 'lbfgs', 'classify__tol': 1e-08, 'impute': None, 'select': SelectKBest(score_func=<function mutual_info_classif at 0x766691e17420>), 'select__k': 9, 'transform': None}",,,,,,451,,,,,,451,,,,,,451
0.000721136728922526,1.600229002463432e-05,0.0,0.0,RandomUnderSampler(random_state=42),0.1,200,2,l2,42,lbfgs,1e-08,,SelectKBest(score_func=<function mutual_info_classif at 0x766691e17420>),7,,"{'balance': RandomUnderSampler(random_state=42), 'classify__C': 0.1, 'classify__max_iter': 200, 'classify__n_jobs': 2, 'classify__penalty': 'l2', 'classify__random_state': 42, 'classify__solver': 'lbfgs', 'classify__tol': 1e-08, 'impute': None, 'select': SelectKBest(score_func=<function mutual_info_classif at 0x766691e17420>), 'select__k': 7, 'transform': None}",,,,,,451,,,,,,451,,,,,,451
0.00374754269917806,0.004284707053046305,0.0,0.0,RandomUnderSampler(random_state=42),0.1,200,2,l2,42,lbfgs,1e-08,,SelectKBest(score_func=<function mutual_info_classif at 0x766691e17420>),5,,"{'balance': RandomUnderSampler(random_state=42), 'classify__C': 0.1, 'classify__max_iter': 200, 'classify__n_jobs': 2, 'classify__penalty': 'l2', 'classify__random_state': 42, 'classify__solver': 'lbfgs', 'classify__tol': 1e-08, 'impute': None, 'select': SelectKBest(score_func=<function mutual_info_classif at 0x766691e17420>), 'select__k': 5, 'transform': None}",,,,,,451,,,,,,451,,,,,,451
0.0006919701894124349,2.3457555849735915e-05,0.0,0.0,RandomUnderSampler(random_state=42),0.1,100,2,l2,42,lbfgs,0.0001,SimpleImputer(strategy='median'),SelectKBest(score_func=<function mutual_info_classif at 0x766691e17420>),9,,"{'balance': RandomUnderSampler(random_state=42), 'classify__C': 0.1, 'classify__max_iter': 100, 'classify__n_jobs': 2, 'classify__penalty': 'l2', 'classify__random_state': 42, 'classify__solver': 'lbfgs', 'classify__tol': 0.0001, 'impute': SimpleImputer(strategy='median'), 'select': SelectKBest(score_func=<function mutual_info_classif at 0x766691e17420>), 'select__k': 9, 'transform': None}",,,,,,451,,,,,,451,,,,,,451
0.0017467339833577473,0.001484392699155802,0.0,0.0,RandomUnderSampler(random_state=42),0.1,100,2,l2,42,lbfgs,0.0001,SimpleImputer(strategy='median'),SelectKBest(score_func=<function mutual_info_classif at 0x766691e17420>),7,,"{'balance': RandomUnderSampler(random_state=42), 'classify__C': 0.1, 'classify__max_iter': 100, 'classify__n_jobs': 2, 'classify__penalty': 'l2', 'classify__random_state': 42, 'classify__solver': 'lbfgs', 'classify__tol': 0.0001, 'impute': SimpleImputer(strategy='median'), 'select': SelectKBest(score_func=<function mutual_info_classif at 0x766691e17420>), 'select__k': 7, 'transform': None}",,,,,,451,,,,,,451,,,,,,451
0.001705169677734375,0.0014569432357362628,0.0,0.0,RandomUnderSampler(random_state=42),0.1,100,2,l2,42,lbfgs,0.0001,SimpleImputer(strategy='median'),SelectKBest(score_func=<function mutual_info_classif at 0x766691e17420>),5,,"{'balance': RandomUnderSampler(random_state=42), 'classify__C': 0.1, 'classify__max_iter': 100, 'classify__n_jobs': 2, 'classify__penalty': 'l2', 'classify__random_state': 42, 'classify__solver': 'lbfgs', 'classify__tol': 0.0001, 'impute': SimpleImputer(strategy='median'), 'select': SelectKBest(score_func=<function mutual_info_classif at 0x766691e17420>), 'select__k': 5, 'transform': None}",,,,,,451,,,,,,451,,,,,,451
0.0033515294392903647,0.003923700562244528,0.0,0.0,RandomUnderSampler(random_state=42),0.1,100,2,l2,42,lbfgs,0.0001,,SelectKBest(score_func=<function mutual_info_classif at 0x766691e17420>),9,,"{'balance': RandomUnderSampler(random_state=42), 'classify__C': 0.1, 'classify__max_iter': 100, 'classify__n_jobs': 2, 'classify__penalty': 'l2', 'classify__random_state': 42, 'classify__solver': 'lbfgs', 'classify__tol': 0.0001, 'impute': None, 'select': SelectKBest(score_func=<function mutual_info_classif at 0x766691e17420>), 'select__k': 9, 'transform': None}",,,,,,451,,,,,,451,,,,,,451
0.0007747014363606771,5.7288081336508984e-05,0.0,0.0,RandomUnderSampler(random_state=42),0.1,100,2,l2,42,lbfgs,0.0001,,SelectKBest(score_func=<function mutual_info_classif at 0x766691e17420>),7,,"{'balance': RandomUnderSampler(random_state=42), 'classify__C': 0.1, 'classify__max_iter': 100, 'classify__n_jobs': 2, 'classify__penalty': 'l2', 'classify__random_state': 42, 'classify__solver': 'lbfgs', 'classify__tol': 0.0001, 'impute': None, 'select': SelectKBest(score_func=<function mutual_info_classif at 0x766691e17420>), 'select__k': 7, 'transform': None}",,,,,,451,,,,,,451,,,,,,451
0.003628253936767578,0.0043248276104496,0.0,0.0,RandomUnderSampler(random_state=42),0.1,100,2,l2,42,lbfgs,0.0001,,SelectKBest(score_func=<function mutual_info_classif at 0x766691e17420>),5,,"{'balance': RandomUnderSampler(random_state=42), 'classify__C': 0.1, 'classify__max_iter': 100, 'classify__n_jobs': 2, 'classify__penalty': 'l2', 'classify__random_state': 42, 'classify__solver': 'lbfgs', 'classify__tol': 0.0001, 'impute': None, 'select': SelectKBest(score_func=<function mutual_info_classif at 0x766691e17420>), 'select__k': 5, 'transform': None}",,,,,,451,,,,,,451,,,,,,451
0.0037147998809814453,0.00427841985414976,0.0,0.0,RandomUnderSampler(random_state=42),0.1,100,2,l2,42,lbfgs,1e-06,SimpleImputer(strategy='median'),SelectKBest(score_func=<function mutual_info_classif at 0x766691e17420>),9,,"{'balance': RandomUnderSampler(random_state=42), 'classify__C': 0.1, 'classify__max_iter': 100, 'classify__n_jobs': 2, 'classify__penalty': 'l2', 'classify__random_state': 42, 'classify__solver': 'lbfgs', 'classify__tol': 1e-06, 'impute': SimpleImputer(strategy='median'), 'select': SelectKBest(score_func=<function mutual_info_classif at 0x766691e17420>), 'select__k': 9, 'transform': None}",,,,,,451,,,,,,451,,,,,,451
0.0037431716918945312,0.0042261591237838705,0.0,0.0,RandomUnderSampler(random_state=42),0.1,100,2,l2,42,lbfgs,1e-06,SimpleImputer(strategy='median'),SelectKBest(score_func=<function mutual_info_classif at 0x766691e17420>),7,,"{'balance': RandomUnderSampler(random_state=42), 'classify__C': 0.1, 'classify__max_iter': 100, 'classify__n_jobs': 2, 'classify__penalty': 'l2', 'classify__random_state': 42, 'classify__solver': 'lbfgs', 'classify__tol': 1e-06, 'impute': SimpleImputer(strategy='median'), 'select': SelectKBest(score_func=<function mutual_info_classif at 0x766691e17420>), 'select__k': 7, 'transform': None}",,,,,,451,,,,,,451,,,,,,451
0.0023349920908610025,0.0024144693988506984,0.0,0.0,RandomUnderSampler(random_state=42),0.1,500,2,l2,42,lbfgs,1e-08,SimpleImputer(strategy='median'),SelectKBest(score_func=<function mutual_info_classif at 0x766691e17420>),9,,"{'balance': RandomUnderSampler(random_state=42), 'classify__C': 0.1, 'classify__max_iter': 500, 'classify__n_jobs': 2, 'classify__penalty': 'l2', 'classify__random_state': 42, 'classify__solver': 'lbfgs', 'classify__tol': 1e-08, 'impute': SimpleImputer(strategy='median'), 'select': SelectKBest(score_func=<function mutual_info_classif at 0x766691e17420>), 'select__k': 9, 'transform': None}",,,,,,451,,,,,,451,,,,,,451
0.002730290095011393,0.0029015001631380152,0.0,0.0,RandomUnderSampler(random_state=42),0.1,500,2,l2,42,lbfgs,1e-08,SimpleImputer(strategy='median'),SelectKBest(score_func=<function mutual_info_classif at 0x766691e17420>),7,,"{'balance': RandomUnderSampler(random_state=42), 'classify__C': 0.1, 'classify__max_iter': 500, 'classify__n_jobs': 2, 'classify__penalty': 'l2', 'classify__random_state': 42, 'classify__solver': 'lbfgs', 'classify__tol': 1e-08, 'impute': SimpleImputer(strategy='median'), 'select': SelectKBest(score_func=<function mutual_info_classif at 0x766691e17420>), 'select__k': 7, 'transform': None}",,,,,,451,,,,,,451,,,,,,451
0.0008261998494466146,4.288589974477145e-05,0.0,0.0,RandomUnderSampler(random_state=42),0.1,500,2,l2,42,lbfgs,1e-08,SimpleImputer(strategy='median'),SelectKBest(score_func=<function mutual_info_classif at 0x766691e17420>),5,,"{'balance': RandomUnderSampler(random_state=42), 'classify__C': 0.1, 'classify__max_iter': 500, 'classify__n_jobs': 2, 'classify__penalty': 'l2', 'classify__random_state': 42, 'classify__solver': 'lbfgs', 'classify__tol': 1e-08, 'impute': SimpleImputer(strategy='median'), 'select': SelectKBest(score_func=<function mutual_info_classif at 0x766691e17420>), 'select__k': 5, 'transform': None}",,,,,,451,,,,,,451,,,,,,451
0.0030647913614908853,0.0033247777737124866,0.0,0.0,RandomUnderSampler(random_state=42),0.1,500,2,l2,42,lbfgs,1e-08,,SelectKBest(score_func=<function mutual_info_classif at 0x766691e17420>),9,,"{'balance': RandomUnderSampler(random_state=42), 'classify__C': 0.1, 'classify__max_iter': 500, 'classify__n_jobs': 2, 'classify__penalty': 'l2', 'classify__random_state': 42, 'classify__solver': 'lbfgs', 'classify__tol': 1e-08, 'impute': None, 'select': SelectKBest(score_func=<function mutual_info_classif at 0x766691e17420>), 'select__k': 9, 'transform': None}",,,,,,451,,,,,,451,,,,,,451
0.0006195704142252604,2.2154832563746635e-05,0.0,0.0,RandomUnderSampler(random_state=42),0.1,500,2,l2,42,lbfgs,1e-08,,SelectKBest(score_func=<function mutual_info_classif at 0x766691e17420>),7,,"{'balance': RandomUnderSampler(random_state=42), 'classify__C': 0.1, 'classify__max_iter': 500, 'classify__n_jobs': 2, 'classify__penalty': 'l2', 'classify__random_state': 42, 'classify__solver': 'lbfgs', 'classify__tol': 1e-08, 'impute': None, 'select': SelectKBest(score_func=<function mutual_info_classif at 0x766691e17420>), 'select__k': 7, 'transform': None}",,,,,,451,,,,,,451,,,,,,451
0.0026216506958007812,0.0027741066362118095,0.0,0.0,RandomUnderSampler(random_state=42),0.1,500,2,l2,42,lbfgs,1e-08,,SelectKBest(score_func=<function mutual_info_classif at 0x766691e17420>),5,,"{'balance': RandomUnderSampler(random_state=42), 'classify__C': 0.1, 'classify__max_iter': 500, 'classify__n_jobs': 2, 'classify__penalty': 'l2', 'classify__random_state': 42, 'classify__solver': 'lbfgs', 'classify__tol': 1e-08, 'impute': None, 'select': SelectKBest(score_func=<function mutual_info_classif at 0x766691e17420>), 'select__k': 5, 'transform': None}",,,,,,451,,,,,,451,,,,,,451
0.003690958023071289,0.004182490368102433,0.0,0.0,RandomUnderSampler(random_state=42),0.1,200,2,l2,42,lbfgs,0.0001,SimpleImputer(strategy='median'),SelectKBest(score_func=<function mutual_info_classif at 0x766691e17420>),9,,"{'balance': RandomUnderSampler(random_state=42), 'classify__C': 0.1, 'classify__max_iter': 200, 'classify__n_jobs': 2, 'classify__penalty': 'l2', 'classify__random_state': 42, 'classify__solver': 'lbfgs', 'classify__tol': 0.0001, 'impute': SimpleImputer(strategy='median'), 'select': SelectKBest(score_func=<function mutual_info_classif at 0x766691e17420>), 'select__k': 9, 'transform': None}",,,,,,451,,,,,,451,,,,,,451
0.0027414162953694663,0.0029638474023203553,0.0,0.0,RandomUnderSampler(random_state=42),0.1,200,2,l2,42,lbfgs,0.0001,SimpleImputer(strategy='median'),SelectKBest(score_func=<function mutual_info_classif at 0x766691e17420>),7,,"{'balance': RandomUnderSampler(random_state=42), 'classify__C': 0.1, 'classify__max_iter': 200, 'classify__n_jobs': 2, 'classify__penalty': 'l2', 'classify__random_state': 42, 'classify__solver': 'lbfgs', 'classify__tol': 0.0001, 'impute': SimpleImputer(strategy='median'), 'select': SelectKBest(score_func=<function mutual_info_classif at 0x766691e17420>), 'select__k': 7, 'transform': None}",,,,,,451,,,,,,451,,,,,,451
0.0006676514943440756,2.037080237876644e-05,0.0,0.0,RandomUnderSampler(random_state=42),0.1,200,2,l2,42,lbfgs,0.0001,SimpleImputer(strategy='median'),SelectKBest(score_func=<function mutual_info_classif at 0x766691e17420>),5,,"{'balance': RandomUnderSampler(random_state=42), 'classify__C': 0.1, 'classify__max_iter': 200, 'classify__n_jobs': 2, 'classify__penalty': 'l2', 'classify__random_state': 42, 'classify__solver': 'lbfgs', 'classify__tol': 0.0001, 'impute': SimpleImputer(strategy='median'), 'select': SelectKBest(score_func=<function mutual_info_classif at 0x766691e17420>), 'select__k': 5, 'transform': None}",,,,,,451,,,,,,451,,,,,,451
0.000599066416422526,2.875578025776288e-05,0.0,0.0,RandomUnderSampler(random_state=42),0.1,200,2,l2,42,lbfgs,0.0001,,SelectKBest(score_func=<function mutual_info_classif at 0x766691e17420>),9,,"{'balance': RandomUnderSampler(random_state=42), 'classify__C': 0.1, 'classify__max_iter': 200, 'classify__n_jobs': 2, 'classify__penalty': 'l2', 'classify__random_state': 42, 'classify__solver': 'lbfgs', 'classify__tol': 0.0001, 'impute': None, 'select': SelectKBest(score_func=<function mutual_info_classif at 0x766691e17420>), 'select__k': 9, 'transform': None}",,,,,,451,,,,,,451,,,,,,451
0.0006110668182373047,7.123357722058792e-06,0.0,0.0,RandomUnderSampler(random_state=42),0.1,200,2,l2,42,lbfgs,0.0001,,SelectKBest(score_func=<function mutual_info_classif at 0x766691e17420>),7,,"{'balance': RandomUnderSampler(random_state=42), 'classify__C': 0.1, 'classify__max_iter': 200, 'classify__n_jobs': 2, 'classify__penalty': 'l2', 'classify__random_state': 42, 'classify__solver': 'lbfgs', 'classify__tol': 0.0001, 'impute': None, 'select': SelectKBest(score_func=<function mutual_info_classif at 0x766691e17420>), 'select__k': 7, 'transform': None}",,,,,,451,,,,,,451,,,,,,451
0.0006213188171386719,5.150429962800233e-07,0.0,0.0,RandomUnderSampler(random_state=42),0.1,200,2,l2,42,lbfgs,0.0001,,SelectKBest(score_func=<function mutual_info_classif at 0x766691e17420>),5,,"{'balance': RandomUnderSampler(random_state=42), 'classify__C': 0.1, 'classify__max_iter': 200, 'classify__n_jobs': 2, 'classify__penalty': 'l2', 'classify__random_state': 42, 'classify__solver': 'lbfgs', 'classify__tol': 0.0001, 'impute': None, 'select': SelectKBest(score_func=<function mutual_info_classif at 0x766691e17420>), 'select__k': 5, 'transform': None}",,,,,,451,,,,,,451,,,,,,451
0.0006937185923258463,1.2188660023170564e-05,0.0,0.0,RandomUnderSampler(random_state=42),0.1,200,2,l2,42,lbfgs,1e-06,SimpleImputer(strategy='median'),SelectKBest(score_func=<function mutual_info_classif at 0x766691e17420>),9,,"{'balance': RandomUnderSampler(random_state=42), 'classify__C': 0.1, 'classify__max_iter': 200, 'classify__n_jobs': 2, 'classify__penalty': 'l2', 'classify__random_state': 42, 'classify__solver': 'lbfgs', 'classify__tol': 1e-06, 'impute': SimpleImputer(strategy='median'), 'select': SelectKBest(score_func=<function mutual_info_classif at 0x766691e17420>), 'select__k': 9, 'transform': None}",,,,,,451,,,,,,451,,,,,,451
0.0011066595713297527,0.0005359783054047802,0.0,0.0,RandomUnderSampler(random_state=42),0.1,200,2,l2,42,lbfgs,1e-06,SimpleImputer(strategy='median'),SelectKBest(score_func=<function mutual_info_classif at 0x766691e17420>),7,,"{'balance': RandomUnderSampler(random_state=42), 'classify__C': 0.1, 'classify__max_iter': 200, 'classify__n_jobs': 2, 'classify__penalty': 'l2', 'classify__random_state': 42, 'classify__solver': 'lbfgs', 'classify__tol': 1e-06, 'impute': SimpleImputer(strategy='median'), 'select': SelectKBest(score_func=<function mutual_info_classif at 0x766691e17420>), 'select__k': 7, 'transform': None}",,,,,,451,,,,,,451,,,,,,451
0.0007390975952148438,2.783751751724835e-05,0.0,0.0,RandomUnderSampler(random_state=42),0.1,200,2,l2,42,lbfgs,1e-06,SimpleImputer(strategy='median'),SelectKBest(score_func=<function mutual_info_classif at 0x766691e17420>),5,,"{'balance': RandomUnderSampler(random_state=42), 'classify__C': 0.1, 'classify__max_iter': 200, 'classify__n_jobs': 2, 'classify__penalty': 'l2', 'classify__random_state': 42, 'classify__solver': 'lbfgs', 'classify__tol': 1e-06, 'impute': SimpleImputer(strategy='median'), 'select': SelectKBest(score_func=<function mutual_info_classif at 0x766691e17420>), 'select__k': 5, 'transform': None}",,,,,,451,,,,,,451,,,,,,451
0.0037043094635009766,0.004360007710599151,0.0,0.0,RandomUnderSampler(random_state=42),0.1,200,2,l2,42,lbfgs,1e-06,,SelectKBest(score_func=<function mutual_info_classif at 0x766691e17420>),9,,"{'balance': RandomUnderSampler(random_state=42), 'classify__C': 0.1, 'classify__max_iter': 200, 'classify__n_jobs': 2, 'classify__penalty': 'l2', 'classify__random_state': 42, 'classify__solver': 'lbfgs', 'classify__tol': 1e-06, 'impute': None, 'select': SelectKBest(score_func=<function mutual_info_classif at 0x766691e17420>), 'select__k': 9, 'transform': None}",,,,,,451,,,,,,451,,,,,,451
0.0007034142812093099,3.439476660175819e-05,0.0,0.0,RandomUnderSampler(random_state=42),0.1,1000,2,l2,42,lbfgs,1e-08,SimpleImputer(strategy='median'),SelectKBest(score_func=<function mutual_info_classif at 0x766691e17420>),5,,"{'balance': RandomUnderSampler(random_state=42), 'classify__C': 0.1, 'classify__max_iter': 1000, 'classify__n_jobs': 2, 'classify__penalty': 'l2', 'classify__random_state': 42, 'classify__solver': 'lbfgs', 'classify__tol': 1e-08, 'impute': SimpleImputer(strategy='median'), 'select': SelectKBest(score_func=<function mutual_info_classif at 0x766691e17420>), 'select__k': 5, 'transform': None}",,,,,,451,,,,,,451,,,,,,451
0.0007316271464029948,3.494944944275804e-05,0.0,0.0,RandomUnderSampler(random_state=42),0.1,1000,2,l2,42,lbfgs,1e-08,,SelectKBest(score_func=<function mutual_info_classif at 0x766691e17420>),9,,"{'balance': RandomUnderSampler(random_state=42), 'classify__C': 0.1, 'classify__max_iter': 1000, 'classify__n_jobs': 2, 'classify__penalty': 'l2', 'classify__random_state': 42, 'classify__solver': 'lbfgs', 'classify__tol': 1e-08, 'impute': None, 'select': SelectKBest(score_func=<function mutual_info_classif at 0x766691e17420>), 'select__k': 9, 'transform': None}",,,,,,451,,,,,,451,,,,,,451
0.0032656987508138022,0.0035225783117867914,0.0,0.0,RandomUnderSampler(random_state=42),0.1,1000,2,l2,42,lbfgs,1e-08,,SelectKBest(score_func=<function mutual_info_classif at 0x766691e17420>),7,,"{'balance': RandomUnderSampler(random_state=42), 'classify__C': 0.1, 'classify__max_iter': 1000, 'classify__n_jobs': 2, 'classify__penalty': 'l2', 'classify__random_state': 42, 'classify__solver': 'lbfgs', 'classify__tol': 1e-08, 'impute': None, 'select': SelectKBest(score_func=<function mutual_info_classif at 0x766691e17420>), 'select__k': 7, 'transform': None}",,,,,,451,,,,,,451,,,,,,451
0.001684745152791341,0.001394088870711086,0.0,0.0,RandomUnderSampler(random_state=42),0.1,1000,2,l2,42,lbfgs,1e-08,,SelectKBest(score_func=<function mutual_info_classif at 0x766691e17420>),5,,"{'balance': RandomUnderSampler(random_state=42), 'classify__C': 0.1, 'classify__max_iter': 1000, 'classify__n_jobs': 2, 'classify__penalty': 'l2', 'classify__random_state': 42, 'classify__solver': 'lbfgs', 'classify__tol': 1e-08, 'impute': None, 'select': SelectKBest(score_func=<function mutual_info_classif at 0x766691e17420>), 'select__k': 5, 'transform': None}",,,,,,451,,,,,,451,,,,,,451
0.003042459487915039,0.00339519068252743,0.0,0.0,RandomUnderSampler(random_state=42),0.1,500,2,l2,42,lbfgs,0.0001,SimpleImputer(strategy='median'),SelectKBest(score_func=<function mutual_info_classif at 0x766691e17420>),9,,"{'balance': RandomUnderSampler(random_state=42), 'classify__C': 0.1, 'classify__max_iter': 500, 'classify__n_jobs': 2, 'classify__penalty': 'l2', 'classify__random_state': 42, 'classify__solver': 'lbfgs', 'classify__tol': 0.0001, 'impute': SimpleImputer(strategy='median'), 'select': SelectKBest(score_func=<function mutual_info_classif at 0x766691e17420>), 'select__k': 9, 'transform': None}",,,,,,451,,,,,,451,,,,,,451
0.0008302529652913412,2.8093178163645285e-05,0.0,0.0,RandomUnderSampler(random_state=42),0.1,500,2,l2,42,lbfgs,0.0001,SimpleImputer(strategy='median'),SelectKBest(score_func=<function mutual_info_classif at 0x766691e17420>),7,,"{'balance': RandomUnderSampler(random_state=42), 'classify__C': 0.1, 'classify__max_iter': 500, 'classify__n_jobs': 2, 'classify__penalty': 'l2', 'classify__random_state': 42, 'classify__solver': 'lbfgs', 'classify__tol': 0.0001, 'impute': SimpleImputer(strategy='median'), 'select': SelectKBest(score_func=<function mutual_info_classif at 0x766691e17420>), 'select__k': 7, 'transform': None}",,,,,,451,,,,,,451,,,,,,451
0.003148158391316732,0.0033811452231008103,0.0,0.0,RandomUnderSampler(random_state=42),0.1,500,2,l2,42,lbfgs,0.0001,SimpleImputer(strategy='median'),SelectKBest(score_func=<function mutual_info_classif at 0x766691e17420>),5,,"{'balance': RandomUnderSampler(random_state=42), 'classify__C': 0.1, 'classify__max_iter': 500, 'classify__n_jobs': 2, 'classify__penalty': 'l2', 'classify__random_state': 42, 'classify__solver': 'lbfgs', 'classify__tol': 0.0001, 'impute': SimpleImputer(strategy='median'), 'select': SelectKBest(score_func=<function mutual_info_classif at 0x766691e17420>), 'select__k': 5, 'transform': None}",,,,,,451,,,,,,451,,,,,,451
0.0040760040283203125,0.004883329185949289,0.0,0.0,RandomUnderSampler(random_state=42),0.1,500,2,l2,42,lbfgs,0.0001,,SelectKBest(score_func=<function mutual_info_classif at 0x766691e17420>),9,,"{'balance': RandomUnderSampler(random_state=42), 'classify__C': 0.1, 'classify__max_iter': 500, 'classify__n_jobs': 2, 'classify__penalty': 'l2', 'classify__random_state': 42, 'classify__solver': 'lbfgs', 'classify__tol': 0.0001, 'impute': None, 'select': SelectKBest(score_func=<function mutual_info_classif at 0x766691e17420>), 'select__k': 9, 'transform': None}",,,,,,451,,,,,,451,,,,,,451
0.0007296403249104818,7.824618645607077e-05,0.0,0.0,RandomUnderSampler(random_state=42),0.1,500,2,l2,42,lbfgs,0.0001,,SelectKBest(score_func=<function mutual_info_classif at 0x766691e17420>),7,,"{'balance': RandomUnderSampler(random_state=42), 'classify__C': 0.1, 'classify__max_iter': 500, 'classify__n_jobs': 2, 'classify__penalty': 'l2', 'classify__random_state': 42, 'classify__solver': 'lbfgs', 'classify__tol': 0.0001, 'impute': None, 'select': SelectKBest(score_func=<function mutual_info_classif at 0x766691e17420>), 'select__k': 7, 'transform': None}",,,,,,451,,,,,,451,,,,,,451
0.003071943918863932,0.0034538427857389717,0.0,0.0,RandomUnderSampler(random_state=42),0.1,500,2,l2,42,lbfgs,0.0001,,SelectKBest(score_func=<function mutual_info_classif at 0x766691e17420>),5,,"{'balance': RandomUnderSampler(random_state=42), 'classify__C': 0.1, 'classify__max_iter': 500, 'classify__n_jobs': 2, 'classify__penalty': 'l2', 'classify__random_state': 42, 'classify__solver': 'lbfgs', 'classify__tol': 0.0001, 'impute': None, 'select': SelectKBest(score_func=<function mutual_info_classif at 0x766691e17420>), 'select__k': 5, 'transform': None}",,,,,,451,,,,,,451,,,,,,451
0.0035129388173421225,0.0005335189997391519,0.0,0.0,RandomUnderSampler(random_state=42),0.1,500,2,l2,42,lbfgs,1e-06,SimpleImputer(strategy='median'),SelectKBest(score_func=<function mutual_info_classif at 0x766691e17420>),9,,"{'balance': RandomUnderSampler(random_state=42), 'classify__C': 0.1, 'classify__max_iter': 500, 'classify__n_jobs': 2, 'classify__penalty': 'l2', 'classify__random_state': 42, 'classify__solver': 'lbfgs', 'classify__tol': 1e-06, 'impute': SimpleImputer(strategy='median'), 'select': SelectKBest(score_func=<function mutual_info_classif at 0x766691e17420>), 'select__k': 9, 'transform': None}",,,,,,451,,,,,,451,,,,,,451
0.001697222391764323,0.001433508730902054,0.0,0.0,RandomUnderSampler(random_state=42),0.1,500,2,l2,42,lbfgs,1e-06,SimpleImputer(strategy='median'),SelectKBest(score_func=<function mutual_info_classif at 0x766691e17420>),7,,"{'balance': RandomUnderSampler(random_state=42), 'classify__C': 0.1, 'classify__max_iter': 500, 'classify__n_jobs': 2, 'classify__penalty': 'l2', 'classify__random_state': 42, 'classify__solver': 'lbfgs', 'classify__tol': 1e-06, 'impute': SimpleImputer(strategy='median'), 'select': SelectKBest(score_func=<function mutual_info_classif at 0x766691e17420>), 'select__k': 7, 'transform': None}",,,,,,451,,,,,,451,,,,,,451
0.0016401608784993489,0.00144122557075549,0.0,0.0,RandomUnderSampler(random_state=42),0.1,500,2,l2,42,lbfgs,1e-06,SimpleImputer(strategy='median'),SelectKBest(score_func=<function mutual_info_classif at 0x766691e17420>),5,,"{'balance': RandomUnderSampler(random_state=42), 'classify__C': 0.1, 'classify__max_iter': 500, 'classify__n_jobs': 2, 'classify__penalty': 'l2', 'classify__random_state': 42, 'classify__solver': 'lbfgs', 'classify__tol': 1e-06, 'impute': SimpleImputer(strategy='median'), 'select': SelectKBest(score_func=<function mutual_info_classif at 0x766691e17420>), 'select__k': 5, 'transform': None}",,,,,,451,,,,,,451,,,,,,451
0.0027032693227132163,0.0016618649977954863,0.0,0.0,RandomUnderSampler(random_state=42),0.1,500,2,l2,42,lbfgs,1e-06,,SelectKBest(score_func=<function mutual_info_classif at 0x766691e17420>),9,,"{'balance': RandomUnderSampler(random_state=42), 'classify__C': 0.1, 'classify__max_iter': 500, 'classify__n_jobs': 2, 'classify__penalty': 'l2', 'classify__random_state': 42, 'classify__solver': 'lbfgs', 'classify__tol': 1e-06, 'impute': None, 'select': SelectKBest(score_func=<function mutual_info_classif at 0x766691e17420>), 'select__k': 9, 'transform': None}",,,,,,451,,,,,,451,,,,,,451
0.0042959849039713545,0.005112001996118766,0.0,0.0,RandomUnderSampler(random_state=42),0.1,500,2,l2,42,lbfgs,1e-06,,SelectKBest(score_func=<function mutual_info_classif at 0x766691e17420>),7,,"{'balance': RandomUnderSampler(random_state=42), 'classify__C': 0.1, 'classify__max_iter': 500, 'classify__n_jobs': 2, 'classify__penalty': 'l2', 'classify__random_state': 42, 'classify__solver': 'lbfgs', 'classify__tol': 1e-06, 'impute': None, 'select': SelectKBest(score_func=<function mutual_info_classif at 0x766691e17420>), 'select__k': 7, 'transform': None}",,,,,,451,,,,,,451,,,,,,451
0.000629583994547526,7.787237283886006e-05,0.0,0.0,RandomUnderSampler(random_state=42),0.1,500,2,l2,42,lbfgs,1e-06,,SelectKBest(score_func=<function mutual_info_classif at 0x766691e17420>),5,,"{'balance': RandomUnderSampler(random_state=42), 'classify__C': 0.1, 'classify__max_iter': 500, 'classify__n_jobs': 2, 'classify__penalty': 'l2', 'classify__random_state': 42, 'classify__solver': 'lbfgs', 'classify__tol': 1e-06, 'impute': None, 'select': SelectKBest(score_func=<function mutual_info_classif at 0x766691e17420>), 'select__k': 5, 'transform': None}",,,,,,451,,,,,,451,,,,,,451
0.0006395975748697916,3.81635259105141e-06,0.0,0.0,RandomUnderSampler(random_state=42),0.1,2000,2,l2,42,lbfgs,1e-08,,SelectKBest(score_func=<function mutual_info_classif at 0x766691e17420>),7,,"{'balance': RandomUnderSampler(random_state=42), 'classify__C': 0.1, 'classify__max_iter': 2000, 'classify__n_jobs': 2, 'classify__penalty': 'l2', 'classify__random_state': 42, 'classify__solver': 'lbfgs', 'classify__tol': 1e-08, 'impute': None, 'select': SelectKBest(score_func=<function mutual_info_classif at 0x766691e17420>), 'select__k': 7, 'transform': None}",,,,,,451,,,,,,451,,,,,,451
0.0006354649861653646,1.2640432527500884e-05,0.0,0.0,RandomUnderSampler(random_state=42),0.1,2000,2,l2,42,lbfgs,1e-08,,SelectKBest(score_func=<function mutual_info_classif at 0x766691e17420>),5,,"{'balance': RandomUnderSampler(random_state=42), 'classify__C': 0.1, 'classify__max_iter': 2000, 'classify__n_jobs': 2, 'classify__penalty': 'l2', 'classify__random_state': 42, 'classify__solver': 'lbfgs', 'classify__tol': 1e-08, 'impute': None, 'select': SelectKBest(score_func=<function mutual_info_classif at 0x766691e17420>), 'select__k': 5, 'transform': None}",,,,,,451,,,,,,451,,,,,,451
0.0006918112436930338,4.855368981322493e-05,0.0,0.0,RandomUnderSampler(random_state=42),0.1,1000,2,l2,42,lbfgs,0.0001,SimpleImputer(strategy='median'),SelectKBest(score_func=<function mutual_info_classif at 0x766691e17420>),9,,"{'balance': RandomUnderSampler(random_state=42), 'classify__C': 0.1, 'classify__max_iter': 1000, 'classify__n_jobs': 2, 'classify__penalty': 'l2', 'classify__random_state': 42, 'classify__solver': 'lbfgs', 'classify__tol': 0.0001, 'impute': SimpleImputer(strategy='median'), 'select': SelectKBest(score_func=<function mutual_info_classif at 0x766691e17420>), 'select__k': 9, 'transform': None}",,,,,,451,,,,,,451,,,,,,451
0.0017626285552978516,0.0014619924213596473,0.0,0.0,RandomUnderSampler(random_state=42),0.1,1000,2,l2,42,lbfgs,0.0001,SimpleImputer(strategy='median'),SelectKBest(score_func=<function mutual_info_classif at 0x766691e17420>),7,,"{'balance': RandomUnderSampler(random_state=42), 'classify__C': 0.1, 'classify__max_iter': 1000, 'classify__n_jobs': 2, 'classify__penalty': 'l2', 'classify__random_state': 42, 'classify__solver': 'lbfgs', 'classify__tol': 0.0001, 'impute': SimpleImputer(strategy='median'), 'select': SelectKBest(score_func=<function mutual_info_classif at 0x766691e17420>), 'select__k': 7, 'transform': None}",,,,,,451,,,,,,451,,,,,,451
0.0007365544637044271,1.4910006546919795e-05,0.0,0.0,RandomUnderSampler(random_state=42),0.1,1000,2,l2,42,lbfgs,0.0001,SimpleImputer(strategy='median'),SelectKBest(score_func=<function mutual_info_classif at 0x766691e17420>),5,,"{'balance': RandomUnderSampler(random_state=42), 'classify__C': 0.1, 'classify__max_iter': 1000, 'classify__n_jobs': 2, 'classify__penalty': 'l2', 'classify__random_state': 42, 'classify__solver': 'lbfgs', 'classify__tol': 0.0001, 'impute': SimpleImputer(strategy='median'), 'select': SelectKBest(score_func=<function mutual_info_classif at 0x766691e17420>), 'select__k': 5, 'transform': None}",,,,,,451,,,,,,451,,,,,,451
0.001687765121459961,0.0014491860777848093,0.0,0.0,RandomUnderSampler(random_state=42),0.1,1000,2,l2,42,lbfgs,0.0001,,SelectKBest(score_func=<function mutual_info_classif at 0x766691e17420>),9,,"{'balance': RandomUnderSampler(random_state=42), 'classify__C': 0.1, 'classify__max_iter': 1000, 'classify__n_jobs': 2, 'classify__penalty': 'l2', 'classify__random_state': 42, 'classify__solver': 'lbfgs', 'classify__tol': 0.0001, 'impute': None, 'select': SelectKBest(score_func=<function mutual_info_classif at 0x766691e17420>), 'select__k': 9, 'transform': None}",,,,,,451,,,,,,451,,,,,,451
0.0017295678456624348,0.001427545470540907,0.0,0.0,RandomUnderSampler(random_state=42),0.1,1000,2,l2,42,lbfgs,0.0001,,SelectKBest(score_func=<function mutual_info_classif at 0x766691e17420>),7,,"{'balance': RandomUnderSampler(random_state=42), 'classify__C': 0.1, 'classify__max_iter': 1000, 'classify__n_jobs': 2, 'classify__penalty': 'l2', 'classify__random_state': 42, 'classify__solver': 'lbfgs', 'classify__tol': 0.0001, 'impute': None, 'select': SelectKBest(score_func=<function mutual_info_classif at 0x766691e17420>), 'select__k': 7, 'transform': None}",,,,,,451,,,,,,451,,,,,,451
0.001732190450032552,0.001471593872202075,0.0,0.0,RandomUnderSampler(random_state=42),0.1,1000,2,l2,42,lbfgs,0.0001,,SelectKBest(score_func=<function mutual_info_classif at 0x766691e17420>),5,,"{'balance': RandomUnderSampler(random_state=42), 'classify__C': 0.1, 'classify__max_iter': 1000, 'classify__n_jobs': 2, 'classify__penalty': 'l2', 'classify__random_state': 42, 'classify__solver': 'lbfgs', 'classify__tol': 0.0001, 'impute': None, 'select': SelectKBest(score_func=<function mutual_info_classif at 0x766691e17420>), 'select__k': 5, 'transform': None}",,,,,,451,,,,,,451,,,,,,451
0.0016888777414957683,0.0014284090027133524,0.0,0.0,RandomUnderSampler(random_state=42),0.1,1000,2,l2,42,lbfgs,1e-06,SimpleImputer(strategy='median'),SelectKBest(score_func=<function mutual_info_classif at 0x766691e17420>),9,,"{'balance': RandomUnderSampler(random_state=42), 'classify__C': 0.1, 'classify__max_iter': 1000, 'classify__n_jobs': 2, 'classify__penalty': 'l2', 'classify__random_state': 42, 'classify__solver': 'lbfgs', 'classify__tol': 1e-06, 'impute': SimpleImputer(strategy='median'), 'select': SelectKBest(score_func=<function mutual_info_classif at 0x766691e17420>), 'select__k': 9, 'transform': None}",,,,,,451,,,,,,451,,,,,,451
0.0017325878143310547,0.0014352973248335254,0.0,0.0,RandomUnderSampler(random_state=42),0.1,1000,2,l2,42,lbfgs,1e-06,SimpleImputer(strategy='median'),SelectKBest(score_func=<function mutual_info_classif at 0x766691e17420>),7,,"{'balance': RandomUnderSampler(random_state=42), 'classify__C': 0.1, 'classify__max_iter': 1000, 'classify__n_jobs': 2, 'classify__penalty': 'l2', 'classify__random_state': 42, 'classify__solver': 'lbfgs', 'classify__tol': 1e-06, 'impute': SimpleImputer(strategy='median'), 'select': SelectKBest(score_func=<function mutual_info_classif at 0x766691e17420>), 'select__k': 7, 'transform': None}",,,,,,451,,,,,,451,,,,,,451
0.0017820994059244792,0.001435421099388482,0.0,0.0,RandomUnderSampler(random_state=42),0.1,1000,2,l2,42,lbfgs,1e-06,SimpleImputer(strategy='median'),SelectKBest(score_func=<function mutual_info_classif at 0x766691e17420>),5,,"{'balance': RandomUnderSampler(random_state=42), 'classify__C': 0.1, 'classify__max_iter': 1000, 'classify__n_jobs': 2, 'classify__penalty': 'l2', 'classify__random_state': 42, 'classify__solver': 'lbfgs', 'classify__tol': 1e-06, 'impute': SimpleImputer(strategy='median'), 'select': SelectKBest(score_func=<function mutual_info_classif at 0x766691e17420>), 'select__k': 5, 'transform': None}",,,,,,451,,,,,,451,,,,,,451
0.0016935666402180989,0.0014232976051116394,0.0,0.0,RandomUnderSampler(random_state=42),0.1,1000,2,l2,42,lbfgs,1e-06,,SelectKBest(score_func=<function mutual_info_classif at 0x766691e17420>),9,,"{'balance': RandomUnderSampler(random_state=42), 'classify__C': 0.1, 'classify__max_iter': 1000, 'classify__n_jobs': 2, 'classify__penalty': 'l2', 'classify__random_state': 42, 'classify__solver': 'lbfgs', 'classify__tol': 1e-06, 'impute': None, 'select': SelectKBest(score_func=<function mutual_info_classif at 0x766691e17420>), 'select__k': 9, 'transform': None}",,,,,,451,,,,,,451,,,,,,451
0.0006454785664876302,1.77204875118593e-05,0.0,0.0,RandomUnderSampler(random_state=42),0.1,1000,2,l2,42,lbfgs,1e-06,,SelectKBest(score_func=<function mutual_info_classif at 0x766691e17420>),7,,"{'balance': RandomUnderSampler(random_state=42), 'classify__C': 0.1, 'classify__max_iter': 1000, 'classify__n_jobs': 2, 'classify__penalty': 'l2', 'classify__random_state': 42, 'classify__solver': 'lbfgs', 'classify__tol': 1e-06, 'impute': None, 'select': SelectKBest(score_func=<function mutual_info_classif at 0x766691e17420>), 'select__k': 7, 'transform': None}",,,,,,451,,,,,,451,,,,,,451
0.0017622311909993489,0.0014165549985469554,0.0,0.0,RandomUnderSampler(random_state=42),0.1,1000,2,l2,42,lbfgs,1e-06,,SelectKBest(score_func=<function mutual_info_classif at 0x766691e17420>),5,,"{'balance': RandomUnderSampler(random_state=42), 'classify__C': 0.1, 'classify__max_iter': 1000, 'classify__n_jobs': 2, 'classify__penalty': 'l2', 'classify__random_state': 42, 'classify__solver': 'lbfgs', 'classify__tol': 1e-06, 'impute': None, 'select': SelectKBest(score_func=<function mutual_info_classif at 0x766691e17420>), 'select__k': 5, 'transform': None}",,,,,,451,,,,,,451,,,,,,451
0.0006302992502848307,1.2395218644515114e-05,0.0,0.0,RandomUnderSampler(random_state=42),0.1,1000,2,l2,42,lbfgs,1e-08,SimpleImputer(strategy='median'),SelectKBest(score_func=<function mutual_info_classif at 0x766691e17420>),9,,"{'balance': RandomUnderSampler(random_state=42), 'classify__C': 0.1, 'classify__max_iter': 1000, 'classify__n_jobs': 2, 'classify__penalty': 'l2', 'classify__random_state': 42, 'classify__solver': 'lbfgs', 'classify__tol': 1e-08, 'impute': SimpleImputer(strategy='median'), 'select': SelectKBest(score_func=<function mutual_info_classif at 0x766691e17420>), 'select__k': 9, 'transform': None}",,,,,,451,,,,,,451,,,,,,451
0.0006821950276692709,3.760384979563021e-05,0.0,0.0,RandomUnderSampler(random_state=42),0.1,1000,2,l2,42,lbfgs,1e-08,SimpleImputer(strategy='median'),SelectKBest(score_func=<function mutual_info_classif at 0x766691e17420>),7,,"{'balance': RandomUnderSampler(random_state=42), 'classify__C': 0.1, 'classify__max_iter': 1000, 'classify__n_jobs': 2, 'classify__penalty': 'l2', 'classify__random_state': 42, 'classify__solver': 'lbfgs', 'classify__tol': 1e-08, 'impute': SimpleImputer(strategy='median'), 'select': SelectKBest(score_func=<function mutual_info_classif at 0x766691e17420>), 'select__k': 7, 'transform': None}",,,,,,451,,,,,,451,,,,,,451
0.004221041997273763,0.003947126357886147,0.0,0.0,RandomUnderSampler(random_state=42),0.1,2000,2,l2,42,lbfgs,0.0001,SimpleImputer(strategy='median'),SelectKBest(score_func=<function mutual_info_classif at 0x766691e17420>),9,,"{'balance': RandomUnderSampler(random_state=42), 'classify__C': 0.1, 'classify__max_iter': 2000, 'classify__n_jobs': 2, 'classify__penalty': 'l2', 'classify__random_state': 42, 'classify__solver': 'lbfgs', 'classify__tol': 0.0001, 'impute': SimpleImputer(strategy='median'), 'select': SelectKBest(score_func=<function mutual_info_classif at 0x766691e17420>), 'select__k': 9, 'transform': None}",,,,,,451,,,,,,451,,,,,,451
0.0016567707061767578,0.0013824757177202684,0.0,0.0,RandomUnderSampler(random_state=42),0.1,2000,2,l2,42,lbfgs,0.0001,SimpleImputer(strategy='median'),SelectKBest(score_func=<function mutual_info_classif at 0x766691e17420>),7,,"{'balance': RandomUnderSampler(random_state=42), 'classify__C': 0.1, 'classify__max_iter': 2000, 'classify__n_jobs': 2, 'classify__penalty': 'l2', 'classify__random_state': 42, 'classify__solver': 'lbfgs', 'classify__tol': 0.0001, 'impute': SimpleImputer(strategy='median'), 'select': SelectKBest(score_func=<function mutual_info_classif at 0x766691e17420>), 'select__k': 7, 'transform': None}",,,,,,451,,,,,,451,,,,,,451
0.0007140636444091797,3.128344921392532e-05,0.0,0.0,RandomUnderSampler(random_state=42),0.1,2000,2,l2,42,lbfgs,0.0001,SimpleImputer(strategy='median'),SelectKBest(score_func=<function mutual_info_classif at 0x766691e17420>),5,,"{'balance': RandomUnderSampler(random_state=42), 'classify__C': 0.1, 'classify__max_iter': 2000, 'classify__n_jobs': 2, 'classify__penalty': 'l2', 'classify__random_state': 42, 'classify__solver': 'lbfgs', 'classify__tol': 0.0001, 'impute': SimpleImputer(strategy='median'), 'select': SelectKBest(score_func=<function mutual_info_classif at 0x766691e17420>), 'select__k': 5, 'transform': None}",,,,,,451,,,,,,451,,,,,,451
0.0006169478098551432,2.135795215891625e-05,0.0,0.0,RandomUnderSampler(random_state=42),0.1,2000,2,l2,42,lbfgs,0.0001,,SelectKBest(score_func=<function mutual_info_classif at 0x766691e17420>),9,,"{'balance': RandomUnderSampler(random_state=42), 'classify__C': 0.1, 'classify__max_iter': 2000, 'classify__n_jobs': 2, 'classify__penalty': 'l2', 'classify__random_state': 42, 'classify__solver': 'lbfgs', 'classify__tol': 0.0001, 'impute': None, 'select': SelectKBest(score_func=<function mutual_info_classif at 0x766691e17420>), 'select__k': 9, 'transform': None}",,,,,,451,,,,,,451,,,,,,451
0.0006539026896158854,2.1539051070095894e-05,0.0,0.0,RandomUnderSampler(random_state=42),0.1,2000,2,l2,42,lbfgs,0.0001,,SelectKBest(score_func=<function mutual_info_classif at 0x766691e17420>),7,,"{'balance': RandomUnderSampler(random_state=42), 'classify__C': 0.1, 'classify__max_iter': 2000, 'classify__n_jobs': 2, 'classify__penalty': 'l2', 'classify__random_state': 42, 'classify__solver': 'lbfgs', 'classify__tol': 0.0001, 'impute': None, 'select': SelectKBest(score_func=<function mutual_info_classif at 0x766691e17420>), 'select__k': 7, 'transform': None}",,,,,,451,,,,,,451,,,,,,451
0.0006206035614013672,2.1277661606014155e-05,0.0,0.0,RandomUnderSampler(random_state=42),0.1,2000,2,l2,42,lbfgs,0.0001,,SelectKBest(score_func=<function mutual_info_classif at 0x766691e17420>),5,,"{'balance': RandomUnderSampler(random_state=42), 'classify__C': 0.1, 'classify__max_iter': 2000, 'classify__n_jobs': 2, 'classify__penalty': 'l2', 'classify__random_state': 42, 'classify__solver': 'lbfgs', 'classify__tol': 0.0001, 'impute': None, 'select': SelectKBest(score_func=<function mutual_info_classif at 0x766691e17420>), 'select__k': 5, 'transform': None}",,,,,,451,,,,,,451,,,,,,451
0.0015841325124104817,0.0009568293424330168,0.0,0.0,RandomUnderSampler(random_state=42),0.1,2000,2,l2,42,lbfgs,1e-06,SimpleImputer(strategy='median'),SelectKBest(score_func=<function mutual_info_classif at 0x766691e17420>),9,,"{'balance': RandomUnderSampler(random_state=42), 'classify__C': 0.1, 'classify__max_iter': 2000, 'classify__n_jobs': 2, 'classify__penalty': 'l2', 'classify__random_state': 42, 'classify__solver': 'lbfgs', 'classify__tol': 1e-06, 'impute': SimpleImputer(strategy='median'), 'select': SelectKBest(score_func=<function mutual_info_classif at 0x766691e17420>), 'select__k': 9, 'transform': None}",,,,,,451,,,,,,451,,,,,,451
0.001756747563680013,0.0014523092133351993,0.0,0.0,RandomUnderSampler(random_state=42),0.1,2000,2,l2,42,lbfgs,1e-06,SimpleImputer(strategy='median'),SelectKBest(score_func=<function mutual_info_classif at 0x766691e17420>),7,,"{'balance': RandomUnderSampler(random_state=42), 'classify__C': 0.1, 'classify__max_iter': 2000, 'classify__n_jobs': 2, 'classify__penalty': 'l2', 'classify__random_state': 42, 'classify__solver': 'lbfgs', 'classify__tol': 1e-06, 'impute': SimpleImputer(strategy='median'), 'select': SelectKBest(score_func=<function mutual_info_classif at 0x766691e17420>), 'select__k': 7, 'transform': None}",,,,,,451,,,,,,451,,,,,,451
0.0018201669057210286,0.0014682205372685043,0.0,0.0,RandomUnderSampler(random_state=42),0.1,2000,2,l2,42,lbfgs,1e-06,SimpleImputer(strategy='median'),SelectKBest(score_func=<function mutual_info_classif at 0x766691e17420>),5,,"{'balance': RandomUnderSampler(random_state=42), 'classify__C': 0.1, 'classify__max_iter': 2000, 'classify__n_jobs': 2, 'classify__penalty': 'l2', 'classify__random_state': 42, 'classify__solver': 'lbfgs', 'classify__tol': 1e-06, 'impute': SimpleImputer(strategy='median'), 'select': SelectKBest(score_func=<function mutual_info_classif at 0x766691e17420>), 'select__k': 5, 'transform': None}",,,,,,451,,,,,,451,,,,,,451
0.0006473064422607422,3.7981708485298025e-05,0.0,0.0,RandomUnderSampler(random_state=42),0.1,2000,2,l2,42,lbfgs,1e-06,,SelectKBest(score_func=<function mutual_info_classif at 0x766691e17420>),9,,"{'balance': RandomUnderSampler(random_state=42), 'classify__C': 0.1, 'classify__max_iter': 2000, 'classify__n_jobs': 2, 'classify__penalty': 'l2', 'classify__random_state': 42, 'classify__solver': 'lbfgs', 'classify__tol': 1e-06, 'impute': None, 'select': SelectKBest(score_func=<function mutual_info_classif at 0x766691e17420>), 'select__k': 9, 'transform': None}",,,,,,451,,,,,,451,,,,,,451
0.0006278355916341146,3.3279870867460425e-05,0.0,0.0,RandomUnderSampler(random_state=42),0.1,2000,2,l2,42,lbfgs,1e-06,,SelectKBest(score_func=<function mutual_info_classif at 0x766691e17420>),7,,"{'balance': RandomUnderSampler(random_state=42), 'classify__C': 0.1, 'classify__max_iter': 2000, 'classify__n_jobs': 2, 'classify__penalty': 'l2', 'classify__random_state': 42, 'classify__solver': 'lbfgs', 'classify__tol': 1e-06, 'impute': None, 'select': SelectKBest(score_func=<function mutual_info_classif at 0x766691e17420>), 'select__k': 7, 'transform': None}",,,,,,451,,,,,,451,,,,,,451
0.0006171862284342448,2.9314391390509535e-05,0.0,0.0,RandomUnderSampler(random_state=42),0.1,2000,2,l2,42,lbfgs,1e-06,,SelectKBest(score_func=<function mutual_info_classif at 0x766691e17420>),5,,"{'balance': RandomUnderSampler(random_state=42), 'classify__C': 0.1, 'classify__max_iter': 2000, 'classify__n_jobs': 2, 'classify__penalty': 'l2', 'classify__random_state': 42, 'classify__solver': 'lbfgs', 'classify__tol': 1e-06, 'impute': None, 'select': SelectKBest(score_func=<function mutual_info_classif at 0x766691e17420>), 'select__k': 5, 'transform': None}",,,,,,451,,,,,,451,,,,,,451
0.0006956259409586588,1.4470172471035058e-05,0.0,0.0,RandomUnderSampler(random_state=42),0.1,2000,2,l2,42,lbfgs,1e-08,SimpleImputer(strategy='median'),SelectKBest(score_func=<function mutual_info_classif at 0x766691e17420>),9,,"{'balance': RandomUnderSampler(random_state=42), 'classify__C': 0.1, 'classify__max_iter': 2000, 'classify__n_jobs': 2, 'classify__penalty': 'l2', 'classify__random_state': 42, 'classify__solver': 'lbfgs', 'classify__tol': 1e-08, 'impute': SimpleImputer(strategy='median'), 'select': SelectKBest(score_func=<function mutual_info_classif at 0x766691e17420>), 'select__k': 9, 'transform': None}",,,,,,451,,,,,,451,,,,,,451
0.000717004140218099,1.7521557845459835e-05,0.0,0.0,RandomUnderSampler(random_state=42),0.1,2000,2,l2,42,lbfgs,1e-08,SimpleImputer(strategy='median'),SelectKBest(score_func=<function mutual_info_classif at 0x766691e17420>),7,,"{'balance': RandomUnderSampler(random_state=42), 'classify__C': 0.1, 'classify__max_iter': 2000, 'classify__n_jobs': 2, 'classify__penalty': 'l2', 'classify__random_state': 42, 'classify__solver': 'lbfgs', 'classify__tol': 1e-08, 'impute': SimpleImputer(strategy='median'), 'select': SelectKBest(score_func=<function mutual_info_classif at 0x766691e17420>), 'select__k': 7, 'transform': None}",,,,,,451,,,,,,451,,,,,,451
0.0007077852884928385,5.530500261217981e-05,0.0,0.0,RandomUnderSampler(random_state=42),0.1,2000,2,l2,42,lbfgs,1e-08,SimpleImputer(strategy='median'),SelectKBest(score_func=<function mutual_info_classif at 0x766691e17420>),5,,"{'balance': RandomUnderSampler(random_state=42), 'classify__C': 0.1, 'classify__max_iter': 2000, 'classify__n_jobs': 2, 'classify__penalty': 'l2', 'classify__random_state': 42, 'classify__solver': 'lbfgs', 'classify__tol': 1e-08, 'impute': SimpleImputer(strategy='median'), 'select': SelectKBest(score_func=<function mutual_info_classif at 0x766691e17420>), 'select__k': 5, 'transform': None}",,,,,,451,,,,,,451,,,,,,451
0.0006258487701416016,1.9574538020970504e-05,0.0,0.0,RandomUnderSampler(random_state=42),0.1,2000,2,l2,42,lbfgs,1e-08,,SelectKBest(score_func=<function mutual_info_classif at 0x766691e17420>),9,,"{'balance': RandomUnderSampler(random_state=42), 'classify__C': 0.1, 'classify__max_iter': 2000, 'classify__n_jobs': 2, 'classify__penalty': 'l2', 'classify__random_state': 42, 'classify__solver': 'lbfgs', 'classify__tol': 1e-08, 'impute': None, 'select': SelectKBest(score_func=<function mutual_info_classif at 0x766691e17420>), 'select__k': 9, 'transform': None}",,,,,,451,,,,,,451,,,,,,451
0.0006601810455322266,7.730156384639598e-05,0.0,0.0,RandomUnderSampler(random_state=42),1.0,100,2,l2,42,lbfgs,0.0001,SimpleImputer(strategy='median'),SelectKBest(score_func=<function mutual_info_classif at 0x766691e17420>),5,,"{'balance': RandomUnderSampler(random_state=42), 'classify__C': 1.0, 'classify__max_iter': 100, 'classify__n_jobs': 2, 'classify__penalty': 'l2', 'classify__random_state': 42, 'classify__solver': 'lbfgs', 'classify__tol': 0.0001, 'impute': SimpleImputer(strategy='median'), 'select': SelectKBest(score_func=<function mutual_info_classif at 0x766691e17420>), 'select__k': 5, 'transform': None}",,,,,,451,,,,,,451,,,,,,451
0.0025847752888997397,0.0028149428439955726,0.0,0.0,RandomUnderSampler(random_state=42),1.0,100,2,l2,42,lbfgs,0.0001,,SelectKBest(score_func=<function mutual_info_classif at 0x766691e17420>),9,,"{'balance': RandomUnderSampler(random_state=42), 'classify__C': 1.0, 'classify__max_iter': 100, 'classify__n_jobs': 2, 'classify__penalty': 'l2', 'classify__random_state': 42, 'classify__solver': 'lbfgs', 'classify__tol': 0.0001, 'impute': None, 'select': SelectKBest(score_func=<function mutual_info_classif at 0x766691e17420>), 'select__k': 9, 'transform': None}",,,,,,451,,,,,,451,,,,,,451
0.0033043225606282554,0.003795604521722785,0.0,0.0,RandomUnderSampler(random_state=42),1.0,100,2,l2,42,lbfgs,0.0001,,SelectKBest(score_func=<function mutual_info_classif at 0x766691e17420>),7,,"{'balance': RandomUnderSampler(random_state=42), 'classify__C': 1.0, 'classify__max_iter': 100, 'classify__n_jobs': 2, 'classify__penalty': 'l2', 'classify__random_state': 42, 'classify__solver': 'lbfgs', 'classify__tol': 0.0001, 'impute': None, 'select': SelectKBest(score_func=<function mutual_info_classif at 0x766691e17420>), 'select__k': 7, 'transform': None}",,,,,,451,,,,,,451,,,,,,451
0.0006200472513834635,4.884588416153238e-05,0.0,0.0,RandomUnderSampler(random_state=42),1.0,100,2,l2,42,lbfgs,0.0001,,SelectKBest(score_func=<function mutual_info_classif at 0x766691e17420>),5,,"{'balance': RandomUnderSampler(random_state=42), 'classify__C': 1.0, 'classify__max_iter': 100, 'classify__n_jobs': 2, 'classify__penalty': 'l2', 'classify__random_state': 42, 'classify__solver': 'lbfgs', 'classify__tol': 0.0001, 'impute': None, 'select': SelectKBest(score_func=<function mutual_info_classif at 0x766691e17420>), 'select__k': 5, 'transform': None}",,,,,,451,,,,,,451,,,,,,451
0.0006512006123860677,4.142190708750005e-05,0.0,0.0,RandomUnderSampler(random_state=42),1.0,100,2,l2,42,lbfgs,1e-06,SimpleImputer(strategy='median'),SelectKBest(score_func=<function mutual_info_classif at 0x766691e17420>),9,,"{'balance': RandomUnderSampler(random_state=42), 'classify__C': 1.0, 'classify__max_iter': 100, 'classify__n_jobs': 2, 'classify__penalty': 'l2', 'classify__random_state': 42, 'classify__solver': 'lbfgs', 'classify__tol': 1e-06, 'impute': SimpleImputer(strategy='median'), 'select': SelectKBest(score_func=<function mutual_info_classif at 0x766691e17420>), 'select__k': 9, 'transform': None}",,,,,,451,,,,,,451,,,,,,451
0.0006723403930664062,4.7415935114502155e-05,0.0,0.0,RandomUnderSampler(random_state=42),1.0,100,2,l2,42,lbfgs,1e-06,SimpleImputer(strategy='median'),SelectKBest(score_func=<function mutual_info_classif at 0x766691e17420>),7,,"{'balance': RandomUnderSampler(random_state=42), 'classify__C': 1.0, 'classify__max_iter': 100, 'classify__n_jobs': 2, 'classify__penalty': 'l2', 'classify__random_state': 42, 'classify__solver': 'lbfgs', 'classify__tol': 1e-06, 'impute': SimpleImputer(strategy='median'), 'select': SelectKBest(score_func=<function mutual_info_classif at 0x766691e17420>), 'select__k': 7, 'transform': None}",,,,,,451,,,,,,451,,,,,,451
0.0034192403157552085,0.003841908934091582,0.0,0.0,RandomUnderSampler(random_state=42),1.0,100,2,l2,42,lbfgs,1e-06,SimpleImputer(strategy='median'),SelectKBest(score_func=<function mutual_info_classif at 0x766691e17420>),5,,"{'balance': RandomUnderSampler(random_state=42), 'classify__C': 1.0, 'classify__max_iter': 100, 'classify__n_jobs': 2, 'classify__penalty': 'l2', 'classify__random_state': 42, 'classify__solver': 'lbfgs', 'classify__tol': 1e-06, 'impute': SimpleImputer(strategy='median'), 'select': SelectKBest(score_func=<function mutual_info_classif at 0x766691e17420>), 'select__k': 5, 'transform': None}",,,,,,451,,,,,,451,,,,,,451
0.0006074905395507812,2.512121884369249e-05,0.0,0.0,RandomUnderSampler(random_state=42),1.0,100,2,l2,42,lbfgs,1e-06,,SelectKBest(score_func=<function mutual_info_classif at 0x766691e17420>),9,,"{'balance': RandomUnderSampler(random_state=42), 'classify__C': 1.0, 'classify__max_iter': 100, 'classify__n_jobs': 2, 'classify__penalty': 'l2', 'classify__random_state': 42, 'classify__solver': 'lbfgs', 'classify__tol': 1e-06, 'impute': None, 'select': SelectKBest(score_func=<function mutual_info_classif at 0x766691e17420>), 'select__k': 9, 'transform': None}",,,,,,451,,,,,,451,,,,,,451
0.0036477247873942056,0.0042786380783165,0.0,0.0,RandomUnderSampler(random_state=42),1.0,100,2,l2,42,lbfgs,1e-06,,SelectKBest(score_func=<function mutual_info_classif at 0x766691e17420>),7,,"{'balance': RandomUnderSampler(random_state=42), 'classify__C': 1.0, 'classify__max_iter': 100, 'classify__n_jobs': 2, 'classify__penalty': 'l2', 'classify__random_state': 42, 'classify__solver': 'lbfgs', 'classify__tol': 1e-06, 'impute': None, 'select': SelectKBest(score_func=<function mutual_info_classif at 0x766691e17420>), 'select__k': 7, 'transform': None}",,,,,,451,,,,,,451,,,,,,451
0.0005879402160644531,2.8757537328491965e-05,0.0,0.0,RandomUnderSampler(random_state=42),1.0,100,2,l2,42,lbfgs,1e-06,,SelectKBest(score_func=<function mutual_info_classif at 0x766691e17420>),5,,"{'balance': RandomUnderSampler(random_state=42), 'classify__C': 1.0, 'classify__max_iter': 100, 'classify__n_jobs': 2, 'classify__penalty': 'l2', 'classify__random_state': 42, 'classify__solver': 'lbfgs', 'classify__tol': 1e-06, 'impute': None, 'select': SelectKBest(score_func=<function mutual_info_classif at 0x766691e17420>), 'select__k': 5, 'transform': None}",,,,,,451,,,,,,451,,,,,,451
0.004802385965983073,0.002808466461233148,0.0,0.0,RandomUnderSampler(random_state=42),1.0,100,2,l2,42,lbfgs,1e-08,SimpleImputer(strategy='median'),SelectKBest(score_func=<function mutual_info_classif at 0x766691e17420>),9,,"{'balance': RandomUnderSampler(random_state=42), 'classify__C': 1.0, 'classify__max_iter': 100, 'classify__n_jobs': 2, 'classify__penalty': 'l2', 'classify__random_state': 42, 'classify__solver': 'lbfgs', 'classify__tol': 1e-08, 'impute': SimpleImputer(strategy='median'), 'select': SelectKBest(score_func=<function mutual_info_classif at 0x766691e17420>), 'select__k': 9, 'transform': None}",,,,,,451,,,,,,451,,,,,,451
0.0027348995208740234,0.0028434685619670207,0.0,0.0,RandomUnderSampler(random_state=42),1.0,100,2,l2,42,lbfgs,1e-08,SimpleImputer(strategy='median'),SelectKBest(score_func=<function mutual_info_classif at 0x766691e17420>),7,,"{'balance': RandomUnderSampler(random_state=42), 'classify__C': 1.0, 'classify__max_iter': 100, 'classify__n_jobs': 2, 'classify__penalty': 'l2', 'classify__random_state': 42, 'classify__solver': 'lbfgs', 'classify__tol': 1e-08, 'impute': SimpleImputer(strategy='median'), 'select': SelectKBest(score_func=<function mutual_info_classif at 0x766691e17420>), 'select__k': 7, 'transform': None}",,,,,,451,,,,,,451,,,,,,451
0.0006767908732096354,5.46578023114677e-05,0.0,0.0,RandomUnderSampler(random_state=42),1.0,100,2,l2,42,lbfgs,1e-08,SimpleImputer(strategy='median'),SelectKBest(score_func=<function mutual_info_classif at 0x766691e17420>),5,,"{'balance': RandomUnderSampler(random_state=42), 'classify__C': 1.0, 'classify__max_iter': 100, 'classify__n_jobs': 2, 'classify__penalty': 'l2', 'classify__random_state': 42, 'classify__solver': 'lbfgs', 'classify__tol': 1e-08, 'impute': SimpleImputer(strategy='median'), 'select': SelectKBest(score_func=<function mutual_info_classif at 0x766691e17420>), 'select__k': 5, 'transform': None}",,,,,,451,,,,,,451,,,,,,451
0.0026966730753580728,0.0029087211872565175,0.0,0.0,RandomUnderSampler(random_state=42),1.0,100,2,l2,42,lbfgs,1e-08,,SelectKBest(score_func=<function mutual_info_classif at 0x766691e17420>),9,,"{'balance': RandomUnderSampler(random_state=42), 'classify__C': 1.0, 'classify__max_iter': 100, 'classify__n_jobs': 2, 'classify__penalty': 'l2', 'classify__random_state': 42, 'classify__solver': 'lbfgs', 'classify__tol': 1e-08, 'impute': None, 'select': SelectKBest(score_func=<function mutual_info_classif at 0x766691e17420>), 'select__k': 9, 'transform': None}",,,,,,451,,,,,,451,,,,,,451
0.0006457964579264323,0.00012113640049114356,0.0,0.0,RandomUnderSampler(random_state=42),1.0,100,2,l2,42,lbfgs,1e-08,,SelectKBest(score_func=<function mutual_info_classif at 0x766691e17420>),7,,"{'balance': RandomUnderSampler(random_state=42), 'classify__C': 1.0, 'classify__max_iter': 100, 'classify__n_jobs': 2, 'classify__penalty': 'l2', 'classify__random_state': 42, 'classify__solver': 'lbfgs', 'classify__tol': 1e-08, 'impute': None, 'select': SelectKBest(score_func=<function mutual_info_classif at 0x766691e17420>), 'select__k': 7, 'transform': None}",,,,,,451,,,,,,451,,,,,,451
0.002703507741292318,0.002860209298554854,0.0,0.0,RandomUnderSampler(random_state=42),1.0,100,2,l2,42,lbfgs,1e-08,,SelectKBest(score_func=<function mutual_info_classif at 0x766691e17420>),5,,"{'balance': RandomUnderSampler(random_state=42), 'classify__C': 1.0, 'classify__max_iter': 100, 'classify__n_jobs': 2, 'classify__penalty': 'l2', 'classify__random_state': 42, 'classify__solver': 'lbfgs', 'classify__tol': 1e-08, 'impute': None, 'select': SelectKBest(score_func=<function mutual_info_classif at 0x766691e17420>), 'select__k': 5, 'transform': None}",,,,,,451,,,,,,451,,,,,,451
0.0005422433217366537,3.8461744166177976e-05,0.0,0.0,RandomUnderSampler(random_state=42),1.0,200,2,l2,42,lbfgs,0.0001,,SelectKBest(score_func=<function mutual_info_classif at 0x766691e17420>),7,,"{'balance': RandomUnderSampler(random_state=42), 'classify__C': 1.0, 'classify__max_iter': 200, 'classify__n_jobs': 2, 'classify__penalty': 'l2', 'classify__random_state': 42, 'classify__solver': 'lbfgs', 'classify__tol': 0.0001, 'impute': None, 'select': SelectKBest(score_func=<function mutual_info_classif at 0x766691e17420>), 'select__k': 7, 'transform': None}",,,,,,451,,,,,,451,,,,,,451
0.0005974769592285156,3.2538677288749924e-05,0.0,0.0,RandomUnderSampler(random_state=42),1.0,200,2,l2,42,lbfgs,0.0001,,SelectKBest(score_func=<function mutual_info_classif at 0x766691e17420>),5,,"{'balance': RandomUnderSampler(random_state=42), 'classify__C': 1.0, 'classify__max_iter': 200, 'classify__n_jobs': 2, 'classify__penalty': 'l2', 'classify__random_state': 42, 'classify__solver': 'lbfgs', 'classify__tol': 0.0001, 'impute': None, 'select': SelectKBest(score_func=<function mutual_info_classif at 0x766691e17420>), 'select__k': 5, 'transform': None}",,,,,,451,,,,,,451,,,,,,451
0.0006848971048990885,1.795840457486435e-05,0.0,0.0,RandomUnderSampler(random_state=42),1.0,200,2,l2,42,lbfgs,1e-06,SimpleImputer(strategy='median'),SelectKBest(score_func=<function mutual_info_classif at 0x766691e17420>),9,,"{'balance': RandomUnderSampler(random_state=42), 'classify__C': 1.0, 'classify__max_iter': 200, 'classify__n_jobs': 2, 'classify__penalty': 'l2', 'classify__random_state': 42, 'classify__solver': 'lbfgs', 'classify__tol': 1e-06, 'impute': SimpleImputer(strategy='median'), 'select': SelectKBest(score_func=<function mutual_info_classif at 0x766691e17420>), 'select__k': 9, 'transform': None}",,,,,,451,,,,,,451,,,,,,451
0.0007015069325764974,2.880581477390215e-05,0.0,0.0,RandomUnderSampler(random_state=42),1.0,200,2,l2,42,lbfgs,1e-06,SimpleImputer(strategy='median'),SelectKBest(score_func=<function mutual_info_classif at 0x766691e17420>),7,,"{'balance': RandomUnderSampler(random_state=42), 'classify__C': 1.0, 'classify__max_iter': 200, 'classify__n_jobs': 2, 'classify__penalty': 'l2', 'classify__random_state': 42, 'classify__solver': 'lbfgs', 'classify__tol': 1e-06, 'impute': SimpleImputer(strategy='median'), 'select': SelectKBest(score_func=<function mutual_info_classif at 0x766691e17420>), 'select__k': 7, 'transform': None}",,,,,,451,,,,,,451,,,,,,451
0.0007061163584391276,2.0193301442946886e-05,0.0,0.0,RandomUnderSampler(random_state=42),1.0,200,2,l2,42,lbfgs,1e-06,SimpleImputer(strategy='median'),SelectKBest(score_func=<function mutual_info_classif at 0x766691e17420>),5,,"{'balance': RandomUnderSampler(random_state=42), 'classify__C': 1.0, 'classify__max_iter': 200, 'classify__n_jobs': 2, 'classify__penalty': 'l2', 'classify__random_state': 42, 'classify__solver': 'lbfgs', 'classify__tol': 1e-06, 'impute': SimpleImputer(strategy='median'), 'select': SelectKBest(score_func=<function mutual_info_classif at 0x766691e17420>), 'select__k': 5, 'transform': None}",,,,,,451,,,,,,451,,,,,,451
0.0006389617919921875,5.804239793303876e-06,0.0,0.0,RandomUnderSampler(random_state=42),1.0,200,2,l2,42,lbfgs,1e-06,,SelectKBest(score_func=<function mutual_info_classif at 0x766691e17420>),9,,"{'balance': RandomUnderSampler(random_state=42), 'classify__C': 1.0, 'classify__max_iter': 200, 'classify__n_jobs': 2, 'classify__penalty': 'l2', 'classify__random_state': 42, 'classify__solver': 'lbfgs', 'classify__tol': 1e-06, 'impute': None, 'select': SelectKBest(score_func=<function mutual_info_classif at 0x766691e17420>), 'select__k': 9, 'transform': None}",,,,,,451,,,,,,451,,,,,,451
0.0006620883941650391,1.3664248356622745e-05,0.0,0.0,RandomUnderSampler(random_state=42),1.0,200,2,l2,42,lbfgs,1e-06,,SelectKBest(score_func=<function mutual_info_classif at 0x766691e17420>),7,,"{'balance': RandomUnderSampler(random_state=42), 'classify__C': 1.0, 'classify__max_iter': 200, 'classify__n_jobs': 2, 'classify__penalty': 'l2', 'classify__random_state': 42, 'classify__solver': 'lbfgs', 'classify__tol': 1e-06, 'impute': None, 'select': SelectKBest(score_func=<function mutual_info_classif at 0x766691e17420>), 'select__k': 7, 'transform': None}",,,,,,451,,,,,,451,,,,,,451
0.0006968180338541666,2.131088109290979e-05,0.0,0.0,RandomUnderSampler(random_state=42),1.0,200,2,l2,42,lbfgs,1e-06,,SelectKBest(score_func=<function mutual_info_classif at 0x766691e17420>),5,,"{'balance': RandomUnderSampler(random_state=42), 'classify__C': 1.0, 'classify__max_iter': 200, 'classify__n_jobs': 2, 'classify__penalty': 'l2', 'classify__random_state': 42, 'classify__solver': 'lbfgs', 'classify__tol': 1e-06, 'impute': None, 'select': SelectKBest(score_func=<function mutual_info_classif at 0x766691e17420>), 'select__k': 5, 'transform': None}",,,,,,451,,,,,,451,,,,,,451
0.003080288569132487,0.003330225423419889,0.0,0.0,RandomUnderSampler(random_state=42),1.0,200,2,l2,42,lbfgs,1e-08,SimpleImputer(strategy='median'),SelectKBest(score_func=<function mutual_info_classif at 0x766691e17420>),9,,"{'balance': RandomUnderSampler(random_state=42), 'classify__C': 1.0, 'classify__max_iter': 200, 'classify__n_jobs': 2, 'classify__penalty': 'l2', 'classify__random_state': 42, 'classify__solver': 'lbfgs', 'classify__tol': 1e-08, 'impute': SimpleImputer(strategy='median'), 'select': SelectKBest(score_func=<function mutual_info_classif at 0x766691e17420>), 'select__k': 9, 'transform': None}",,,,,,451,,,,,,451,,,,,,451
0.0030039151509602866,0.0033204421572777536,0.0,0.0,RandomUnderSampler(random_state=42),1.0,200,2,l2,42,lbfgs,1e-08,SimpleImputer(strategy='median'),SelectKBest(score_func=<function mutual_info_classif at 0x766691e17420>),7,,"{'balance': RandomUnderSampler(random_state=42), 'classify__C': 1.0, 'classify__max_iter': 200, 'classify__n_jobs': 2, 'classify__penalty': 'l2', 'classify__random_state': 42, 'classify__solver': 'lbfgs', 'classify__tol': 1e-08, 'impute': SimpleImputer(strategy='median'), 'select': SelectKBest(score_func=<function mutual_info_classif at 0x766691e17420>), 'select__k': 7, 'transform': None}",,,,,,451,,,,,,451,,,,,,451
0.0007530053456624349,5.617961129347362e-05,0.0,0.0,RandomUnderSampler(random_state=42),1.0,200,2,l2,42,lbfgs,1e-08,SimpleImputer(strategy='median'),SelectKBest(score_func=<function mutual_info_classif at 0x766691e17420>),5,,"{'balance': RandomUnderSampler(random_state=42), 'classify__C': 1.0, 'classify__max_iter': 200, 'classify__n_jobs': 2, 'classify__penalty': 'l2', 'classify__random_state': 42, 'classify__solver': 'lbfgs', 'classify__tol': 1e-08, 'impute': SimpleImputer(strategy='median'), 'select': SelectKBest(score_func=<function mutual_info_classif at 0x766691e17420>), 'select__k': 5, 'transform': None}",,,,,,451,,,,,,451,,,,,,451
0.0017742315928141277,0.0014636054255831006,0.0,0.0,RandomUnderSampler(random_state=42),1.0,200,2,l2,42,lbfgs,1e-08,,SelectKBest(score_func=<function mutual_info_classif at 0x766691e17420>),9,,"{'balance': RandomUnderSampler(random_state=42), 'classify__C': 1.0, 'classify__max_iter': 200, 'classify__n_jobs': 2, 'classify__penalty': 'l2', 'classify__random_state': 42, 'classify__solver': 'lbfgs', 'classify__tol': 1e-08, 'impute': None, 'select': SelectKBest(score_func=<function mutual_info_classif at 0x766691e17420>), 'select__k': 9, 'transform': None}",,,,,,451,,,,,,451,,,,,,451
0.0017536481221516926,0.0014724938404430212,0.0,0.0,RandomUnderSampler(random_state=42),1.0,200,2,l2,42,lbfgs,1e-08,,SelectKBest(score_func=<function mutual_info_classif at 0x766691e17420>),7,,"{'balance': RandomUnderSampler(random_state=42), 'classify__C': 1.0, 'classify__max_iter': 200, 'classify__n_jobs': 2, 'classify__penalty': 'l2', 'classify__random_state': 42, 'classify__solver': 'lbfgs', 'classify__tol': 1e-08, 'impute': None, 'select': SelectKBest(score_func=<function mutual_info_classif at 0x766691e17420>), 'select__k': 7, 'transform': None}",,,,,,451,,,,,,451,,,,,,451
0.0006647904713948568,3.7387060618055104e-05,0.0,0.0,RandomUnderSampler(random_state=42),1.0,200,2,l2,42,lbfgs,1e-08,,SelectKBest(score_func=<function mutual_info_classif at 0x766691e17420>),5,,"{'balance': RandomUnderSampler(random_state=42), 'classify__C': 1.0, 'classify__max_iter': 200, 'classify__n_jobs': 2, 'classify__penalty': 'l2', 'classify__random_state': 42, 'classify__solver': 'lbfgs', 'classify__tol': 1e-08, 'impute': None, 'select': SelectKBest(score_func=<function mutual_info_classif at 0x766691e17420>), 'select__k': 5, 'transform': None}",,,,,,451,,,,,,451,,,,,,451
0.0006374518076578776,4.511357224564719e-05,0.0,0.0,RandomUnderSampler(random_state=42),1.0,100,2,l2,42,lbfgs,0.0001,SimpleImputer(strategy='median'),SelectKBest(score_func=<function mutual_info_classif at 0x766691e17420>),9,,"{'balance': RandomUnderSampler(random_state=42), 'classify__C': 1.0, 'classify__max_iter': 100, 'classify__n_jobs': 2, 'classify__penalty': 'l2', 'classify__random_state': 42, 'classify__solver': 'lbfgs', 'classify__tol': 0.0001, 'impute': SimpleImputer(strategy='median'), 'select': SelectKBest(score_func=<function mutual_info_classif at 0x766691e17420>), 'select__k': 9, 'transform': None}",,,,,,451,,,,,,451,,,,,,451
0.004024902979532878,0.004767212275138239,0.0,0.0,RandomUnderSampler(random_state=42),1.0,100,2,l2,42,lbfgs,0.0001,SimpleImputer(strategy='median'),SelectKBest(score_func=<function mutual_info_classif at 0x766691e17420>),7,,"{'balance': RandomUnderSampler(random_state=42), 'classify__C': 1.0, 'classify__max_iter': 100, 'classify__n_jobs': 2, 'classify__penalty': 'l2', 'classify__random_state': 42, 'classify__solver': 'lbfgs', 'classify__tol': 0.0001, 'impute': SimpleImputer(strategy='median'), 'select': SelectKBest(score_func=<function mutual_info_classif at 0x766691e17420>), 'select__k': 7, 'transform': None}",,,,,,451,,,,,,451,,,,,,451
0.0005640188852945963,3.6500284759408415e-05,0.0,0.0,RandomUnderSampler(random_state=42),1.0,500,2,l2,42,lbfgs,1e-06,SimpleImputer(strategy='median'),SelectKBest(score_func=<function mutual_info_classif at 0x766691e17420>),9,,"{'balance': RandomUnderSampler(random_state=42), 'classify__C': 1.0, 'classify__max_iter': 500, 'classify__n_jobs': 2, 'classify__penalty': 'l2', 'classify__random_state': 42, 'classify__solver': 'lbfgs', 'classify__tol': 1e-06, 'impute': SimpleImputer(strategy='median'), 'select': SelectKBest(score_func=<function mutual_info_classif at 0x766691e17420>), 'select__k': 9, 'transform': None}",,,,,,451,,,,,,451,,,,,,451
0.006758451461791992,0.004337709085004231,0.0,0.0,RandomUnderSampler(random_state=42),1.0,500,2,l2,42,lbfgs,1e-06,SimpleImputer(strategy='median'),SelectKBest(score_func=<function mutual_info_classif at 0x766691e17420>),7,,"{'balance': RandomUnderSampler(random_state=42), 'classify__C': 1.0, 'classify__max_iter': 500, 'classify__n_jobs': 2, 'classify__penalty': 'l2', 'classify__random_state': 42, 'classify__solver': 'lbfgs', 'classify__tol': 1e-06, 'impute': SimpleImputer(strategy='median'), 'select': SelectKBest(score_func=<function mutual_info_classif at 0x766691e17420>), 'select__k': 7, 'transform': None}",,,,,,451,,,,,,451,,,,,,451
0.0037016073862711587,0.0042584671364380615,0.0,0.0,RandomUnderSampler(random_state=42),1.0,500,2,l2,42,lbfgs,1e-06,SimpleImputer(strategy='median'),SelectKBest(score_func=<function mutual_info_classif at 0x766691e17420>),5,,"{'balance': RandomUnderSampler(random_state=42), 'classify__C': 1.0, 'classify__max_iter': 500, 'classify__n_jobs': 2, 'classify__penalty': 'l2', 'classify__random_state': 42, 'classify__solver': 'lbfgs', 'classify__tol': 1e-06, 'impute': SimpleImputer(strategy='median'), 'select': SelectKBest(score_func=<function mutual_info_classif at 0x766691e17420>), 'select__k': 5, 'transform': None}",,,,,,451,,,,,,451,,,,,,451
0.0005908012390136719,6.970064301251328e-05,0.0,0.0,RandomUnderSampler(random_state=42),1.0,500,2,l2,42,lbfgs,1e-06,,SelectKBest(score_func=<function mutual_info_classif at 0x766691e17420>),9,,"{'balance': RandomUnderSampler(random_state=42), 'classify__C': 1.0, 'classify__max_iter': 500, 'classify__n_jobs': 2, 'classify__penalty': 'l2', 'classify__random_state': 42, 'classify__solver': 'lbfgs', 'classify__tol': 1e-06, 'impute': None, 'select': SelectKBest(score_func=<function mutual_info_classif at 0x766691e17420>), 'select__k': 9, 'transform': None}",,,,,,451,,,,,,451,,,,,,451
0.0006033579508463541,6.189165486608828e-05,0.0,0.0,RandomUnderSampler(random_state=42),1.0,500,2,l2,42,lbfgs,1e-06,,SelectKBest(score_func=<function mutual_info_classif at 0x766691e17420>),7,,"{'balance': RandomUnderSampler(random_state=42), 'classify__C': 1.0, 'classify__max_iter': 500, 'classify__n_jobs': 2, 'classify__penalty': 'l2', 'classify__random_state': 42, 'classify__solver': 'lbfgs', 'classify__tol': 1e-06, 'impute': None, 'select': SelectKBest(score_func=<function mutual_info_classif at 0x766691e17420>), 'select__k': 7, 'transform': None}",,,,,,451,,,,,,451,,,,,,451
0.0006238619486490885,8.575788106105583e-05,0.0,0.0,RandomUnderSampler(random_state=42),1.0,500,2,l2,42,lbfgs,1e-06,,SelectKBest(score_func=<function mutual_info_classif at 0x766691e17420>),5,,"{'balance': RandomUnderSampler(random_state=42), 'classify__C': 1.0, 'classify__max_iter': 500, 'classify__n_jobs': 2, 'classify__penalty': 'l2', 'classify__random_state': 42, 'classify__solver': 'lbfgs', 'classify__tol': 1e-06, 'impute': None, 'select': SelectKBest(score_func=<function mutual_info_classif at 0x766691e17420>), 'select__k': 5, 'transform': None}",,,,,,451,,,,,,451,,,,,,451
0.0015584627787272136,0.0013407083962462334,0.0,0.0,RandomUnderSampler(random_state=42),1.0,500,2,l2,42,lbfgs,1e-08,SimpleImputer(strategy='median'),SelectKBest(score_func=<function mutual_info_classif at 0x766691e17420>),9,,"{'balance': RandomUnderSampler(random_state=42), 'classify__C': 1.0, 'classify__max_iter': 500, 'classify__n_jobs': 2, 'classify__penalty': 'l2', 'classify__random_state': 42, 'classify__solver': 'lbfgs', 'classify__tol': 1e-08, 'impute': SimpleImputer(strategy='median'), 'select': SelectKBest(score_func=<function mutual_info_classif at 0x766691e17420>), 'select__k': 9, 'transform': None}",,,,,,451,,,,,,451,,,,,,451
0.0016147295633951824,0.0014750581485666744,0.0,0.0,RandomUnderSampler(random_state=42),1.0,500,2,l2,42,lbfgs,1e-08,SimpleImputer(strategy='median'),SelectKBest(score_func=<function mutual_info_classif at 0x766691e17420>),7,,"{'balance': RandomUnderSampler(random_state=42), 'classify__C': 1.0, 'classify__max_iter': 500, 'classify__n_jobs': 2, 'classify__penalty': 'l2', 'classify__random_state': 42, 'classify__solver': 'lbfgs', 'classify__tol': 1e-08, 'impute': SimpleImputer(strategy='median'), 'select': SelectKBest(score_func=<function mutual_info_classif at 0x766691e17420>), 'select__k': 7, 'transform': None}",,,,,,451,,,,,,451,,,,,,451
0.0006302992502848307,1.3124335831542344e-05,0.0,0.0,RandomUnderSampler(random_state=42),1.0,500,2,l2,42,lbfgs,1e-08,SimpleImputer(strategy='median'),SelectKBest(score_func=<function mutual_info_classif at 0x766691e17420>),5,,"{'balance': RandomUnderSampler(random_state=42), 'classify__C': 1.0, 'classify__max_iter': 500, 'classify__n_jobs': 2, 'classify__penalty': 'l2', 'classify__random_state': 42, 'classify__solver': 'lbfgs', 'classify__tol': 1e-08, 'impute': SimpleImputer(strategy='median'), 'select': SelectKBest(score_func=<function mutual_info_classif at 0x766691e17420>), 'select__k': 5, 'transform': None}",,,,,,451,,,,,,451,,,,,,451
0.006374677022298177,0.0045627187429506276,0.0,0.0,RandomUnderSampler(random_state=42),1.0,500,2,l2,42,lbfgs,1e-08,,SelectKBest(score_func=<function mutual_info_classif at 0x766691e17420>),9,,"{'balance': RandomUnderSampler(random_state=42), 'classify__C': 1.0, 'classify__max_iter': 500, 'classify__n_jobs': 2, 'classify__penalty': 'l2', 'classify__random_state': 42, 'classify__solver': 'lbfgs', 'classify__tol': 1e-08, 'impute': None, 'select': SelectKBest(score_func=<function mutual_info_classif at 0x766691e17420>), 'select__k': 9, 'transform': None}",,,,,,451,,,,,,451,,,,,,451
0.0023272832234700522,0.0024516447921403076,0.0,0.0,RandomUnderSampler(random_state=42),1.0,500,2,l2,42,lbfgs,1e-08,,SelectKBest(score_func=<function mutual_info_classif at 0x766691e17420>),7,,"{'balance': RandomUnderSampler(random_state=42), 'classify__C': 1.0, 'classify__max_iter': 500, 'classify__n_jobs': 2, 'classify__penalty': 'l2', 'classify__random_state': 42, 'classify__solver': 'lbfgs', 'classify__tol': 1e-08, 'impute': None, 'select': SelectKBest(score_func=<function mutual_info_classif at 0x766691e17420>), 'select__k': 7, 'transform': None}",,,,,,451,,,,,,451,,,,,,451
0.0006016095479329427,5.086213350053486e-05,0.0,0.0,RandomUnderSampler(random_state=42),1.0,500,2,l2,42,lbfgs,1e-08,,SelectKBest(score_func=<function mutual_info_classif at 0x766691e17420>),5,,"{'balance': RandomUnderSampler(random_state=42), 'classify__C': 1.0, 'classify__max_iter': 500, 'classify__n_jobs': 2, 'classify__penalty': 'l2', 'classify__random_state': 42, 'classify__solver': 'lbfgs', 'classify__tol': 1e-08, 'impute': None, 'select': SelectKBest(score_func=<function mutual_info_classif at 0x766691e17420>), 'select__k': 5, 'transform': None}",,,,,,451,,,,,,451,,,,,,451
0.0037096341451009116,0.00433541985934205,0.0,0.0,RandomUnderSampler(random_state=42),1.0,200,2,l2,42,lbfgs,0.0001,SimpleImputer(strategy='median'),SelectKBest(score_func=<function mutual_info_classif at 0x766691e17420>),9,,"{'balance': RandomUnderSampler(random_state=42), 'classify__C': 1.0, 'classify__max_iter': 200, 'classify__n_jobs': 2, 'classify__penalty': 'l2', 'classify__random_state': 42, 'classify__solver': 'lbfgs', 'classify__tol': 0.0001, 'impute': SimpleImputer(strategy='median'), 'select': SelectKBest(score_func=<function mutual_info_classif at 0x766691e17420>), 'select__k': 9, 'transform': None}",,,,,,451,,,,,,451,,,,,,451
0.0037032763163248696,0.004251409388100929,0.0,0.0,RandomUnderSampler(random_state=42),1.0,200,2,l2,42,lbfgs,0.0001,SimpleImputer(strategy='median'),SelectKBest(score_func=<function mutual_info_classif at 0x766691e17420>),7,,"{'balance': RandomUnderSampler(random_state=42), 'classify__C': 1.0, 'classify__max_iter': 200, 'classify__n_jobs': 2, 'classify__penalty': 'l2', 'classify__random_state': 42, 'classify__solver': 'lbfgs', 'classify__tol': 0.0001, 'impute': SimpleImputer(strategy='median'), 'select': SelectKBest(score_func=<function mutual_info_classif at 0x766691e17420>), 'select__k': 7, 'transform': None}",,,,,,451,,,,,,451,,,,,,451
0.0037229061126708984,0.004311966985106349,0.0,0.0,RandomUnderSampler(random_state=42),1.0,200,2,l2,42,lbfgs,0.0001,SimpleImputer(strategy='median'),SelectKBest(score_func=<function mutual_info_classif at 0x766691e17420>),5,,"{'balance': RandomUnderSampler(random_state=42), 'classify__C': 1.0, 'classify__max_iter': 200, 'classify__n_jobs': 2, 'classify__penalty': 'l2', 'classify__random_state': 42, 'classify__solver': 'lbfgs', 'classify__tol': 0.0001, 'impute': SimpleImputer(strategy='median'), 'select': SelectKBest(score_func=<function mutual_info_classif at 0x766691e17420>), 'select__k': 5, 'transform': None}",,,,,,451,,,,,,451,,,,,,451
0.003696282704671224,0.004197796322540396,0.0,0.0,RandomUnderSampler(random_state=42),1.0,200,2,l2,42,lbfgs,0.0001,,SelectKBest(score_func=<function mutual_info_classif at 0x766691e17420>),9,,"{'balance': RandomUnderSampler(random_state=42), 'classify__C': 1.0, 'classify__max_iter': 200, 'classify__n_jobs': 2, 'classify__penalty': 'l2', 'classify__random_state': 42, 'classify__solver': 'lbfgs', 'classify__tol': 0.0001, 'impute': None, 'select': SelectKBest(score_func=<function mutual_info_classif at 0x766691e17420>), 'select__k': 9, 'transform': None}",,,,,,451,,,,,,451,,,,,,451
0.0030486583709716797,0.0031652831281881915,0.0,0.0,RandomUnderSampler(random_state=42),1.0,1000,2,l2,42,lbfgs,1e-06,SimpleImputer(strategy='median'),SelectKBest(score_func=<function mutual_info_classif at 0x766691e17420>),5,,"{'balance': RandomUnderSampler(random_state=42), 'classify__C': 1.0, 'classify__max_iter': 1000, 'classify__n_jobs': 2, 'classify__penalty': 'l2', 'classify__random_state': 42, 'classify__solver': 'lbfgs', 'classify__tol': 1e-06, 'impute': SimpleImputer(strategy='median'), 'select': SelectKBest(score_func=<function mutual_info_classif at 0x766691e17420>), 'select__k': 5, 'transform': None}",,,,,,451,,,,,,451,,,,,,451
0.004063765207926433,0.0048198221536544066,0.0,0.0,RandomUnderSampler(random_state=42),1.0,1000,2,l2,42,lbfgs,1e-06,,SelectKBest(score_func=<function mutual_info_classif at 0x766691e17420>),9,,"{'balance': RandomUnderSampler(random_state=42), 'classify__C': 1.0, 'classify__max_iter': 1000, 'classify__n_jobs': 2, 'classify__penalty': 'l2', 'classify__random_state': 42, 'classify__solver': 'lbfgs', 'classify__tol': 1e-06, 'impute': None, 'select': SelectKBest(score_func=<function mutual_info_classif at 0x766691e17420>), 'select__k': 9, 'transform': None}",,,,,,451,,,,,,451,,,,,,451
0.003411451975504557,0.00384438009265304,0.0,0.0,RandomUnderSampler(random_state=42),1.0,1000,2,l2,42,lbfgs,1e-06,,SelectKBest(score_func=<function mutual_info_classif at 0x766691e17420>),7,,"{'balance': RandomUnderSampler(random_state=42), 'classify__C': 1.0, 'classify__max_iter': 1000, 'classify__n_jobs': 2, 'classify__penalty': 'l2', 'classify__random_state': 42, 'classify__solver': 'lbfgs', 'classify__tol': 1e-06, 'impute': None, 'select': SelectKBest(score_func=<function mutual_info_classif at 0x766691e17420>), 'select__k': 7, 'transform': None}",,,,,,451,,,,,,451,,,,,,451
0.007107337315877278,0.004593919717806235,0.0,0.0,RandomUnderSampler(random_state=42),1.0,1000,2,l2,42,lbfgs,1e-06,,SelectKBest(score_func=<function mutual_info_classif at 0x766691e17420>),5,,"{'balance': RandomUnderSampler(random_state=42), 'classify__C': 1.0, 'classify__max_iter': 1000, 'classify__n_jobs': 2, 'classify__penalty': 'l2', 'classify__random_state': 42, 'classify__solver': 'lbfgs', 'classify__tol': 1e-06, 'impute': None, 'select': SelectKBest(score_func=<function mutual_info_classif at 0x766691e17420>), 'select__k': 5, 'transform': None}",,,,,,451,,,,,,451,,,,,,451
0.0030670166015625,0.003323873285051184,0.0,0.0,RandomUnderSampler(random_state=42),1.0,1000,2,l2,42,lbfgs,1e-08,SimpleImputer(strategy='median'),SelectKBest(score_func=<function mutual_info_classif at 0x766691e17420>),9,,"{'balance': RandomUnderSampler(random_state=42), 'classify__C': 1.0, 'classify__max_iter': 1000, 'classify__n_jobs': 2, 'classify__penalty': 'l2', 'classify__random_state': 42, 'classify__solver': 'lbfgs', 'classify__tol': 1e-08, 'impute': SimpleImputer(strategy='median'), 'select': SelectKBest(score_func=<function mutual_info_classif at 0x766691e17420>), 'select__k': 9, 'transform': None}",,,,,,451,,,,,,451,,,,,,451
0.0006268024444580078,5.868100738526928e-05,0.0,0.0,RandomUnderSampler(random_state=42),1.0,1000,2,l2,42,lbfgs,1e-08,SimpleImputer(strategy='median'),SelectKBest(score_func=<function mutual_info_classif at 0x766691e17420>),7,,"{'balance': RandomUnderSampler(random_state=42), 'classify__C': 1.0, 'classify__max_iter': 1000, 'classify__n_jobs': 2, 'classify__penalty': 'l2', 'classify__random_state': 42, 'classify__solver': 'lbfgs', 'classify__tol': 1e-08, 'impute': SimpleImputer(strategy='median'), 'select': SelectKBest(score_func=<function mutual_info_classif at 0x766691e17420>), 'select__k': 7, 'transform': None}",,,,,,451,,,,,,451,,,,,,451
0.0016976992289225261,0.0014357660048620103,0.0,0.0,RandomUnderSampler(random_state=42),1.0,1000,2,l2,42,lbfgs,1e-08,SimpleImputer(strategy='median'),SelectKBest(score_func=<function mutual_info_classif at 0x766691e17420>),5,,"{'balance': RandomUnderSampler(random_state=42), 'classify__C': 1.0, 'classify__max_iter': 1000, 'classify__n_jobs': 2, 'classify__penalty': 'l2', 'classify__random_state': 42, 'classify__solver': 'lbfgs', 'classify__tol': 1e-08, 'impute': SimpleImputer(strategy='median'), 'select': SelectKBest(score_func=<function mutual_info_classif at 0x766691e17420>), 'select__k': 5, 'transform': None}",,,,,,451,,,,,,451,,,,,,451
0.0016826788584391277,0.0013858728798107304,0.0,0.0,RandomUnderSampler(random_state=42),1.0,1000,2,l2,42,lbfgs,1e-08,,SelectKBest(score_func=<function mutual_info_classif at 0x766691e17420>),9,,"{'balance': RandomUnderSampler(random_state=42), 'classify__C': 1.0, 'classify__max_iter': 1000, 'classify__n_jobs': 2, 'classify__penalty': 'l2', 'classify__random_state': 42, 'classify__solver': 'lbfgs', 'classify__tol': 1e-08, 'impute': None, 'select': SelectKBest(score_func=<function mutual_info_classif at 0x766691e17420>), 'select__k': 9, 'transform': None}",,,,,,451,,,,,,451,,,,,,451
0.0006913344065348307,5.6950053854282655e-05,0.0,0.0,RandomUnderSampler(random_state=42),1.0,1000,2,l2,42,lbfgs,1e-08,,SelectKBest(score_func=<function mutual_info_classif at 0x766691e17420>),7,,"{'balance': RandomUnderSampler(random_state=42), 'classify__C': 1.0, 'classify__max_iter': 1000, 'classify__n_jobs': 2, 'classify__penalty': 'l2', 'classify__random_state': 42, 'classify__solver': 'lbfgs', 'classify__tol': 1e-08, 'impute': None, 'select': SelectKBest(score_func=<function mutual_info_classif at 0x766691e17420>), 'select__k': 7, 'transform': None}",,,,,,451,,,,,,451,,,,,,451
0.0006040732065836588,2.1731722337781948e-05,0.0,0.0,RandomUnderSampler(random_state=42),1.0,1000,2,l2,42,lbfgs,1e-08,,SelectKBest(score_func=<function mutual_info_classif at 0x766691e17420>),5,,"{'balance': RandomUnderSampler(random_state=42), 'classify__C': 1.0, 'classify__max_iter': 1000, 'classify__n_jobs': 2, 'classify__penalty': 'l2', 'classify__random_state': 42, 'classify__solver': 'lbfgs', 'classify__tol': 1e-08, 'impute': None, 'select': SelectKBest(score_func=<function mutual_info_classif at 0x766691e17420>), 'select__k': 5, 'transform': None}",,,,,,451,,,,,,451,,,,,,451
0.0027182896931966147,0.002800973534504208,0.0,0.0,RandomUnderSampler(random_state=42),1.0,500,2,l2,42,lbfgs,0.0001,SimpleImputer(strategy='median'),SelectKBest(score_func=<function mutual_info_classif at 0x766691e17420>),9,,"{'balance': RandomUnderSampler(random_state=42), 'classify__C': 1.0, 'classify__max_iter': 500, 'classify__n_jobs': 2, 'classify__penalty': 'l2', 'classify__random_state': 42, 'classify__solver': 'lbfgs', 'classify__tol': 0.0001, 'impute': SimpleImputer(strategy='median'), 'select': SelectKBest(score_func=<function mutual_info_classif at 0x766691e17420>), 'select__k': 9, 'transform': None}",,,,,,451,,,,,,451,,,,,,451
0.002621332804361979,0.002845906485546575,0.0,0.0,RandomUnderSampler(random_state=42),1.0,500,2,l2,42,lbfgs,0.0001,SimpleImputer(strategy='median'),SelectKBest(score_func=<function mutual_info_classif at 0x766691e17420>),7,,"{'balance': RandomUnderSampler(random_state=42), 'classify__C': 1.0, 'classify__max_iter': 500, 'classify__n_jobs': 2, 'classify__penalty': 'l2', 'classify__random_state': 42, 'classify__solver': 'lbfgs', 'classify__tol': 0.0001, 'impute': SimpleImputer(strategy='median'), 'select': SelectKBest(score_func=<function mutual_info_classif at 0x766691e17420>), 'select__k': 7, 'transform': None}",,,,,,451,,,,,,451,,,,,,451
0.0026509761810302734,0.002918940374674425,0.0,0.0,RandomUnderSampler(random_state=42),1.0,500,2,l2,42,lbfgs,0.0001,SimpleImputer(strategy='median'),SelectKBest(score_func=<function mutual_info_classif at 0x766691e17420>),5,,"{'balance': RandomUnderSampler(random_state=42), 'classify__C': 1.0, 'classify__max_iter': 500, 'classify__n_jobs': 2, 'classify__penalty': 'l2', 'classify__random_state': 42, 'classify__solver': 'lbfgs', 'classify__tol': 0.0001, 'impute': SimpleImputer(strategy='median'), 'select': SelectKBest(score_func=<function mutual_info_classif at 0x766691e17420>), 'select__k': 5, 'transform': None}",,,,,,451,,,,,,451,,,,,,451
0.002630472183227539,0.002865779604811159,0.0,0.0,RandomUnderSampler(random_state=42),1.0,500,2,l2,42,lbfgs,0.0001,,SelectKBest(score_func=<function mutual_info_classif at 0x766691e17420>),9,,"{'balance': RandomUnderSampler(random_state=42), 'classify__C': 1.0, 'classify__max_iter': 500, 'classify__n_jobs': 2, 'classify__penalty': 'l2', 'classify__random_state': 42, 'classify__solver': 'lbfgs', 'classify__tol': 0.0001, 'impute': None, 'select': SelectKBest(score_func=<function mutual_info_classif at 0x766691e17420>), 'select__k': 9, 'transform': None}",,,,,,451,,,,,,451,,,,,,451
0.0006874402364095052,4.8997708922466946e-05,0.0,0.0,RandomUnderSampler(random_state=42),1.0,500,2,l2,42,lbfgs,0.0001,,SelectKBest(score_func=<function mutual_info_classif at 0x766691e17420>),7,,"{'balance': RandomUnderSampler(random_state=42), 'classify__C': 1.0, 'classify__max_iter': 500, 'classify__n_jobs': 2, 'classify__penalty': 'l2', 'classify__random_state': 42, 'classify__solver': 'lbfgs', 'classify__tol': 0.0001, 'impute': None, 'select': SelectKBest(score_func=<function mutual_info_classif at 0x766691e17420>), 'select__k': 7, 'transform': None}",,,,,,451,,,,,,451,,,,,,451
0.0025931199391682944,0.0028971987518392143,0.0,0.0,RandomUnderSampler(random_state=42),1.0,500,2,l2,42,lbfgs,0.0001,,SelectKBest(score_func=<function mutual_info_classif at 0x766691e17420>),5,,"{'balance': RandomUnderSampler(random_state=42), 'classify__C': 1.0, 'classify__max_iter': 500, 'classify__n_jobs': 2, 'classify__penalty': 'l2', 'classify__random_state': 42, 'classify__solver': 'lbfgs', 'classify__tol': 0.0001, 'impute': None, 'select': SelectKBest(score_func=<function mutual_info_classif at 0x766691e17420>), 'select__k': 5, 'transform': None}",,,,,,451,,,,,,451,,,,,,451
0.0027109781901041665,0.002784782772310818,0.0,0.0,RandomUnderSampler(random_state=42),1.0,2000,2,l2,42,lbfgs,1e-06,,SelectKBest(score_func=<function mutual_info_classif at 0x766691e17420>),7,,"{'balance': RandomUnderSampler(random_state=42), 'classify__C': 1.0, 'classify__max_iter': 2000, 'classify__n_jobs': 2, 'classify__penalty': 'l2', 'classify__random_state': 42, 'classify__solver': 'lbfgs', 'classify__tol': 1e-06, 'impute': None, 'select': SelectKBest(score_func=<function mutual_info_classif at 0x766691e17420>), 'select__k': 7, 'transform': None}",,,,,,451,,,,,,451,,,,,,451
0.0006624062856038412,2.5427341150692266e-05,0.0,0.0,RandomUnderSampler(random_state=42),1.0,2000,2,l2,42,lbfgs,1e-06,,SelectKBest(score_func=<function mutual_info_classif at 0x766691e17420>),5,,"{'balance': RandomUnderSampler(random_state=42), 'classify__C': 1.0, 'classify__max_iter': 2000, 'classify__n_jobs': 2, 'classify__penalty': 'l2', 'classify__random_state': 42, 'classify__solver': 'lbfgs', 'classify__tol': 1e-06, 'impute': None, 'select': SelectKBest(score_func=<function mutual_info_classif at 0x766691e17420>), 'select__k': 5, 'transform': None}",,,,,,451,,,,,,451,,,,,,451
0.0007441043853759766,3.683907813036999e-05,0.0,0.0,RandomUnderSampler(random_state=42),1.0,2000,2,l2,42,lbfgs,1e-08,SimpleImputer(strategy='median'),SelectKBest(score_func=<function mutual_info_classif at 0x766691e17420>),9,,"{'balance': RandomUnderSampler(random_state=42), 'classify__C': 1.0, 'classify__max_iter': 2000, 'classify__n_jobs': 2, 'classify__penalty': 'l2', 'classify__random_state': 42, 'classify__solver': 'lbfgs', 'classify__tol': 1e-08, 'impute': SimpleImputer(strategy='median'), 'select': SelectKBest(score_func=<function mutual_info_classif at 0x766691e17420>), 'select__k': 9, 'transform': None}",,,,,,451,,,,,,451,,,,,,451
0.0007743040720621744,4.986173071998509e-05,0.0,0.0,RandomUnderSampler(random_state=42),1.0,2000,2,l2,42,lbfgs,1e-08,SimpleImputer(strategy='median'),SelectKBest(score_func=<function mutual_info_classif at 0x766691e17420>),7,,"{'balance': RandomUnderSampler(random_state=42), 'classify__C': 1.0, 'classify__max_iter': 2000, 'classify__n_jobs': 2, 'classify__penalty': 'l2', 'classify__random_state': 42, 'classify__solver': 'lbfgs', 'classify__tol': 1e-08, 'impute': SimpleImputer(strategy='median'), 'select': SelectKBest(score_func=<function mutual_info_classif at 0x766691e17420>), 'select__k': 7, 'transform': None}",,,,,,451,,,,,,451,,,,,,451
0.0027597745259602866,0.0028663043596826756,0.0,0.0,RandomUnderSampler(random_state=42),1.0,2000,2,l2,42,lbfgs,1e-08,SimpleImputer(strategy='median'),SelectKBest(score_func=<function mutual_info_classif at 0x766691e17420>),5,,"{'balance': RandomUnderSampler(random_state=42), 'classify__C': 1.0, 'classify__max_iter': 2000, 'classify__n_jobs': 2, 'classify__penalty': 'l2', 'classify__random_state': 42, 'classify__solver': 'lbfgs', 'classify__tol': 1e-08, 'impute': SimpleImputer(strategy='median'), 'select': SelectKBest(score_func=<function mutual_info_classif at 0x766691e17420>), 'select__k': 5, 'transform': None}",,,,,,451,,,,,,451,,,,,,451
0.002651214599609375,0.0028683624367855107,0.0,0.0,RandomUnderSampler(random_state=42),1.0,2000,2,l2,42,lbfgs,1e-08,,SelectKBest(score_func=<function mutual_info_classif at 0x766691e17420>),9,,"{'balance': RandomUnderSampler(random_state=42), 'classify__C': 1.0, 'classify__max_iter': 2000, 'classify__n_jobs': 2, 'classify__penalty': 'l2', 'classify__random_state': 42, 'classify__solver': 'lbfgs', 'classify__tol': 1e-08, 'impute': None, 'select': SelectKBest(score_func=<function mutual_info_classif at 0x766691e17420>), 'select__k': 9, 'transform': None}",,,,,,451,,,,,,451,,,,,,451
0.002310673395792643,0.002423920451616986,0.0,0.0,RandomUnderSampler(random_state=42),1.0,2000,2,l2,42,lbfgs,1e-08,,SelectKBest(score_func=<function mutual_info_classif at 0x766691e17420>),7,,"{'balance': RandomUnderSampler(random_state=42), 'classify__C': 1.0, 'classify__max_iter': 2000, 'classify__n_jobs': 2, 'classify__penalty': 'l2', 'classify__random_state': 42, 'classify__solver': 'lbfgs', 'classify__tol': 1e-08, 'impute': None, 'select': SelectKBest(score_func=<function mutual_info_classif at 0x766691e17420>), 'select__k': 7, 'transform': None}",,,,,,451,,,,,,451,,,,,,451
0.00269317626953125,0.002877029116891612,0.0,0.0,RandomUnderSampler(random_state=42),1.0,2000,2,l2,42,lbfgs,1e-08,,SelectKBest(score_func=<function mutual_info_classif at 0x766691e17420>),5,,"{'balance': RandomUnderSampler(random_state=42), 'classify__C': 1.0, 'classify__max_iter': 2000, 'classify__n_jobs': 2, 'classify__penalty': 'l2', 'classify__random_state': 42, 'classify__solver': 'lbfgs', 'classify__tol': 1e-08, 'impute': None, 'select': SelectKBest(score_func=<function mutual_info_classif at 0x766691e17420>), 'select__k': 5, 'transform': None}",,,,,,451,,,,,,451,,,,,,451
0.0026919047037760415,0.0028696443566200696,0.0,0.0,RandomUnderSampler(random_state=42),1.0,1000,2,l2,42,lbfgs,0.0001,SimpleImputer(strategy='median'),SelectKBest(score_func=<function mutual_info_classif at 0x766691e17420>),9,,"{'balance': RandomUnderSampler(random_state=42), 'classify__C': 1.0, 'classify__max_iter': 1000, 'classify__n_jobs': 2, 'classify__penalty': 'l2', 'classify__random_state': 42, 'classify__solver': 'lbfgs', 'classify__tol': 0.0001, 'impute': SimpleImputer(strategy='median'), 'select': SelectKBest(score_func=<function mutual_info_classif at 0x766691e17420>), 'select__k': 9, 'transform': None}",,,,,,451,,,,,,451,,,,,,451
0.0006789366404215494,6.551735998449943e-05,0.0,0.0,RandomUnderSampler(random_state=42),1.0,1000,2,l2,42,lbfgs,0.0001,SimpleImputer(strategy='median'),SelectKBest(score_func=<function mutual_info_classif at 0x766691e17420>),7,,"{'balance': RandomUnderSampler(random_state=42), 'classify__C': 1.0, 'classify__max_iter': 1000, 'classify__n_jobs': 2, 'classify__penalty': 'l2', 'classify__random_state': 42, 'classify__solver': 'lbfgs', 'classify__tol': 0.0001, 'impute': SimpleImputer(strategy='median'), 'select': SelectKBest(score_func=<function mutual_info_classif at 0x766691e17420>), 'select__k': 7, 'transform': None}",,,,,,451,,,,,,451,,,,,,451
0.0028025309244791665,0.0028001640591797843,0.0,0.0,RandomUnderSampler(random_state=42),1.0,1000,2,l2,42,lbfgs,0.0001,SimpleImputer(strategy='median'),SelectKBest(score_func=<function mutual_info_classif at 0x766691e17420>),5,,"{'balance': RandomUnderSampler(random_state=42), 'classify__C': 1.0, 'classify__max_iter': 1000, 'classify__n_jobs': 2, 'classify__penalty': 'l2', 'classify__random_state': 42, 'classify__solver': 'lbfgs', 'classify__tol': 0.0001, 'impute': SimpleImputer(strategy='median'), 'select': SelectKBest(score_func=<function mutual_info_classif at 0x766691e17420>), 'select__k': 5, 'transform': None}",,,,,,451,,,,,,451,,,,,,451
0.0016551812489827473,0.0014173216759310718,0.0,0.0,RandomUnderSampler(random_state=42),1.0,1000,2,l2,42,lbfgs,0.0001,,SelectKBest(score_func=<function mutual_info_classif at 0x766691e17420>),9,,"{'balance': RandomUnderSampler(random_state=42), 'classify__C': 1.0, 'classify__max_iter': 1000, 'classify__n_jobs': 2, 'classify__penalty': 'l2', 'classify__random_state': 42, 'classify__solver': 'lbfgs', 'classify__tol': 0.0001, 'impute': None, 'select': SelectKBest(score_func=<function mutual_info_classif at 0x766691e17420>), 'select__k': 9, 'transform': None}",,,,,,451,,,,,,451,,,,,,451
0.0006390412648518881,1.983926571380838e-05,0.0,0.0,RandomUnderSampler(random_state=42),1.0,1000,2,l2,42,lbfgs,0.0001,,SelectKBest(score_func=<function mutual_info_classif at 0x766691e17420>),7,,"{'balance': RandomUnderSampler(random_state=42), 'classify__C': 1.0, 'classify__max_iter': 1000, 'classify__n_jobs': 2, 'classify__penalty': 'l2', 'classify__random_state': 42, 'classify__solver': 'lbfgs', 'classify__tol': 0.0001, 'impute': None, 'select': SelectKBest(score_func=<function mutual_info_classif at 0x766691e17420>), 'select__k': 7, 'transform': None}",,,,,,451,,,,,,451,,,,,,451
0.000610192616780599,3.266150832134601e-05,0.0,0.0,RandomUnderSampler(random_state=42),1.0,1000,2,l2,42,lbfgs,0.0001,,SelectKBest(score_func=<function mutual_info_classif at 0x766691e17420>),5,,"{'balance': RandomUnderSampler(random_state=42), 'classify__C': 1.0, 'classify__max_iter': 1000, 'classify__n_jobs': 2, 'classify__penalty': 'l2', 'classify__random_state': 42, 'classify__solver': 'lbfgs', 'classify__tol': 0.0001, 'impute': None, 'select': SelectKBest(score_func=<function mutual_info_classif at 0x766691e17420>), 'select__k': 5, 'transform': None}",,,,,,451,,,,,,451,,,,,,451
0.0027964909871419272,0.0029138727011238917,0.0,0.0,RandomUnderSampler(random_state=42),1.0,1000,2,l2,42,lbfgs,1e-06,SimpleImputer(strategy='median'),SelectKBest(score_func=<function mutual_info_classif at 0x766691e17420>),9,,"{'balance': RandomUnderSampler(random_state=42), 'classify__C': 1.0, 'classify__max_iter': 1000, 'classify__n_jobs': 2, 'classify__penalty': 'l2', 'classify__random_state': 42, 'classify__solver': 'lbfgs', 'classify__tol': 1e-06, 'impute': SimpleImputer(strategy='median'), 'select': SelectKBest(score_func=<function mutual_info_classif at 0x766691e17420>), 'select__k': 9, 'transform': None}",,,,,,451,,,,,,451,,,,,,451
0.0007576942443847656,5.631357338172859e-05,0.0,0.0,RandomUnderSampler(random_state=42),1.0,1000,2,l2,42,lbfgs,1e-06,SimpleImputer(strategy='median'),SelectKBest(score_func=<function mutual_info_classif at 0x766691e17420>),7,,"{'balance': RandomUnderSampler(random_state=42), 'classify__C': 1.0, 'classify__max_iter': 1000, 'classify__n_jobs': 2, 'classify__penalty': 'l2', 'classify__random_state': 42, 'classify__solver': 'lbfgs', 'classify__tol': 1e-06, 'impute': SimpleImputer(strategy='median'), 'select': SelectKBest(score_func=<function mutual_info_classif at 0x766691e17420>), 'select__k': 7, 'transform': None}",,,,,,451,,,,,,451,,,,,,451
0.0006594657897949219,6.0558631976263e-05,0.0,0.0,RandomUnderSampler(random_state=42),10.0,100,2,l2,42,lbfgs,1e-08,SimpleImputer(strategy='median'),SelectKBest(score_func=<function mutual_info_classif at 0x766691e17420>),9,,"{'balance': RandomUnderSampler(random_state=42), 'classify__C': 10.0, 'classify__max_iter': 100, 'classify__n_jobs': 2, 'classify__penalty': 'l2', 'classify__random_state': 42, 'classify__solver': 'lbfgs', 'classify__tol': 1e-08, 'impute': SimpleImputer(strategy='median'), 'select': SelectKBest(score_func=<function mutual_info_classif at 0x766691e17420>), 'select__k': 9, 'transform': None}",,,,,,451,,,,,,451,,,,,,451
0.0006186962127685547,2.9406461591343923e-05,0.0,0.0,RandomUnderSampler(random_state=42),10.0,100,2,l2,42,lbfgs,1e-08,SimpleImputer(strategy='median'),SelectKBest(score_func=<function mutual_info_classif at 0x766691e17420>),7,,"{'balance': RandomUnderSampler(random_state=42), 'classify__C': 10.0, 'classify__max_iter': 100, 'classify__n_jobs': 2, 'classify__penalty': 'l2', 'classify__random_state': 42, 'classify__solver': 'lbfgs', 'classify__tol': 1e-08, 'impute': SimpleImputer(strategy='median'), 'select': SelectKBest(score_func=<function mutual_info_classif at 0x766691e17420>), 'select__k': 7, 'transform': None}",,,,,,451,,,,,,451,,,,,,451
0.0007914702097574869,7.763160172462917e-06,0.0,0.0,RandomUnderSampler(random_state=42),10.0,100,2,l2,42,lbfgs,1e-08,SimpleImputer(strategy='median'),SelectKBest(score_func=<function mutual_info_classif at 0x766691e17420>),5,,"{'balance': RandomUnderSampler(random_state=42), 'classify__C': 10.0, 'classify__max_iter': 100, 'classify__n_jobs': 2, 'classify__penalty': 'l2', 'classify__random_state': 42, 'classify__solver': 'lbfgs', 'classify__tol': 1e-08, 'impute': SimpleImputer(strategy='median'), 'select': SelectKBest(score_func=<function mutual_info_classif at 0x766691e17420>), 'select__k': 5, 'transform': None}",,,,,,451,,,,,,451,,,,,,451
0.007132212320963542,0.004518005830380445,0.0,0.0,RandomUnderSampler(random_state=42),10.0,100,2,l2,42,lbfgs,1e-08,,SelectKBest(score_func=<function mutual_info_classif at 0x766691e17420>),9,,"{'balance': RandomUnderSampler(random_state=42), 'classify__C': 10.0, 'classify__max_iter': 100, 'classify__n_jobs': 2, 'classify__penalty': 'l2', 'classify__random_state': 42, 'classify__solver': 'lbfgs', 'classify__tol': 1e-08, 'impute': None, 'select': SelectKBest(score_func=<function mutual_info_classif at 0x766691e17420>), 'select__k': 9, 'transform': None}",,,,,,451,,,,,,451,,,,,,451
0.0005923906962076823,3.2235234273174264e-05,0.0,0.0,RandomUnderSampler(random_state=42),10.0,100,2,l2,42,lbfgs,1e-08,,SelectKBest(score_func=<function mutual_info_classif at 0x766691e17420>),7,,"{'balance': RandomUnderSampler(random_state=42), 'classify__C': 10.0, 'classify__max_iter': 100, 'classify__n_jobs': 2, 'classify__penalty': 'l2', 'classify__random_state': 42, 'classify__solver': 'lbfgs', 'classify__tol': 1e-08, 'impute': None, 'select': SelectKBest(score_func=<function mutual_info_classif at 0x766691e17420>), 'select__k': 7, 'transform': None}",,,,,,451,,,,,,451,,,,,,451
0.0037718613942464194,0.004391677312871697,0.0,0.0,RandomUnderSampler(random_state=42),10.0,100,2,l2,42,lbfgs,1e-08,,SelectKBest(score_func=<function mutual_info_classif at 0x766691e17420>),5,,"{'balance': RandomUnderSampler(random_state=42), 'classify__C': 10.0, 'classify__max_iter': 100, 'classify__n_jobs': 2, 'classify__penalty': 'l2', 'classify__random_state': 42, 'classify__solver': 'lbfgs', 'classify__tol': 1e-08, 'impute': None, 'select': SelectKBest(score_func=<function mutual_info_classif at 0x766691e17420>), 'select__k': 5, 'transform': None}",,,,,,451,,,,,,451,,,,,,451
0.0031538804372151694,0.0034919706858249316,0.0,0.0,RandomUnderSampler(random_state=42),1.0,2000,2,l2,42,lbfgs,0.0001,SimpleImputer(strategy='median'),SelectKBest(score_func=<function mutual_info_classif at 0x766691e17420>),9,,"{'balance': RandomUnderSampler(random_state=42), 'classify__C': 1.0, 'classify__max_iter': 2000, 'classify__n_jobs': 2, 'classify__penalty': 'l2', 'classify__random_state': 42, 'classify__solver': 'lbfgs', 'classify__tol': 0.0001, 'impute': SimpleImputer(strategy='median'), 'select': SelectKBest(score_func=<function mutual_info_classif at 0x766691e17420>), 'select__k': 9, 'transform': None}",,,,,,451,,,,,,451,,,,,,451
0.0006303787231445312,5.4022724951187025e-05,0.0,0.0,RandomUnderSampler(random_state=42),1.0,2000,2,l2,42,lbfgs,0.0001,SimpleImputer(strategy='median'),SelectKBest(score_func=<function mutual_info_classif at 0x766691e17420>),7,,"{'balance': RandomUnderSampler(random_state=42), 'classify__C': 1.0, 'classify__max_iter': 2000, 'classify__n_jobs': 2, 'classify__penalty': 'l2', 'classify__random_state': 42, 'classify__solver': 'lbfgs', 'classify__tol': 0.0001, 'impute': SimpleImputer(strategy='median'), 'select': SelectKBest(score_func=<function mutual_info_classif at 0x766691e17420>), 'select__k': 7, 'transform': None}",,,,,,451,,,,,,451,,,,,,451
0.0007613499959309896,3.759931460730572e-05,0.0,0.0,RandomUnderSampler(random_state=42),1.0,2000,2,l2,42,lbfgs,0.0001,SimpleImputer(strategy='median'),SelectKBest(score_func=<function mutual_info_classif at 0x766691e17420>),5,,"{'balance': RandomUnderSampler(random_state=42), 'classify__C': 1.0, 'classify__max_iter': 2000, 'classify__n_jobs': 2, 'classify__penalty': 'l2', 'classify__random_state': 42, 'classify__solver': 'lbfgs', 'classify__tol': 0.0001, 'impute': SimpleImputer(strategy='median'), 'select': SelectKBest(score_func=<function mutual_info_classif at 0x766691e17420>), 'select__k': 5, 'transform': None}",,,,,,451,,,,,,451,,,,,,451
0.000594933827718099,6.760062538286228e-05,0.0,0.0,RandomUnderSampler(random_state=42),1.0,2000,2,l2,42,lbfgs,0.0001,,SelectKBest(score_func=<function mutual_info_classif at 0x766691e17420>),9,,"{'balance': RandomUnderSampler(random_state=42), 'classify__C': 1.0, 'classify__max_iter': 2000, 'classify__n_jobs': 2, 'classify__penalty': 'l2', 'classify__random_state': 42, 'classify__solver': 'lbfgs', 'classify__tol': 0.0001, 'impute': None, 'select': SelectKBest(score_func=<function mutual_info_classif at 0x766691e17420>), 'select__k': 9, 'transform': None}",,,,,,451,,,,,,451,,,,,,451
0.0025870800018310547,0.0028549745721362734,0.0,0.0,RandomUnderSampler(random_state=42),1.0,2000,2,l2,42,lbfgs,0.0001,,SelectKBest(score_func=<function mutual_info_classif at 0x766691e17420>),7,,"{'balance': RandomUnderSampler(random_state=42), 'classify__C': 1.0, 'classify__max_iter': 2000, 'classify__n_jobs': 2, 'classify__penalty': 'l2', 'classify__random_state': 42, 'classify__solver': 'lbfgs', 'classify__tol': 0.0001, 'impute': None, 'select': SelectKBest(score_func=<function mutual_info_classif at 0x766691e17420>), 'select__k': 7, 'transform': None}",,,,,,451,,,,,,451,,,,,,451
0.0027016003926595054,0.002870158665266661,0.0,0.0,RandomUnderSampler(random_state=42),1.0,2000,2,l2,42,lbfgs,0.0001,,SelectKBest(score_func=<function mutual_info_classif at 0x766691e17420>),5,,"{'balance': RandomUnderSampler(random_state=42), 'classify__C': 1.0, 'classify__max_iter': 2000, 'classify__n_jobs': 2, 'classify__penalty': 'l2', 'classify__random_state': 42, 'classify__solver': 'lbfgs', 'classify__tol': 0.0001, 'impute': None, 'select': SelectKBest(score_func=<function mutual_info_classif at 0x766691e17420>), 'select__k': 5, 'transform': None}",,,,,,451,,,,,,451,,,,,,451
0.004788319269816081,0.0028518662439547897,0.0,0.0,RandomUnderSampler(random_state=42),1.0,2000,2,l2,42,lbfgs,1e-06,SimpleImputer(strategy='median'),SelectKBest(score_func=<function mutual_info_classif at 0x766691e17420>),9,,"{'balance': RandomUnderSampler(random_state=42), 'classify__C': 1.0, 'classify__max_iter': 2000, 'classify__n_jobs': 2, 'classify__penalty': 'l2', 'classify__random_state': 42, 'classify__solver': 'lbfgs', 'classify__tol': 1e-06, 'impute': SimpleImputer(strategy='median'), 'select': SelectKBest(score_func=<function mutual_info_classif at 0x766691e17420>), 'select__k': 9, 'transform': None}",,,,,,451,,,,,,451,,,,,,451
0.000934441884358724,4.1694555556866926e-05,0.0,0.0,RandomUnderSampler(random_state=42),1.0,2000,2,l2,42,lbfgs,1e-06,SimpleImputer(strategy='median'),SelectKBest(score_func=<function mutual_info_classif at 0x766691e17420>),7,,"{'balance': RandomUnderSampler(random_state=42), 'classify__C': 1.0, 'classify__max_iter': 2000, 'classify__n_jobs': 2, 'classify__penalty': 'l2', 'classify__random_state': 42, 'classify__solver': 'lbfgs', 'classify__tol': 1e-06, 'impute': SimpleImputer(strategy='median'), 'select': SelectKBest(score_func=<function mutual_info_classif at 0x766691e17420>), 'select__k': 7, 'transform': None}",,,,,,451,,,,,,451,,,,,,451
0.0008765061696370443,4.4321209429009126e-05,0.0,0.0,RandomUnderSampler(random_state=42),1.0,2000,2,l2,42,lbfgs,1e-06,SimpleImputer(strategy='median'),SelectKBest(score_func=<function mutual_info_classif at 0x766691e17420>),5,,"{'balance': RandomUnderSampler(random_state=42), 'classify__C': 1.0, 'classify__max_iter': 2000, 'classify__n_jobs': 2, 'classify__penalty': 'l2', 'classify__random_state': 42, 'classify__solver': 'lbfgs', 'classify__tol': 1e-06, 'impute': SimpleImputer(strategy='median'), 'select': SelectKBest(score_func=<function mutual_info_classif at 0x766691e17420>), 'select__k': 5, 'transform': None}",,,,,,451,,,,,,451,,,,,,451
0.0017793973286946614,0.0014546925682389297,0.0,0.0,RandomUnderSampler(random_state=42),1.0,2000,2,l2,42,lbfgs,1e-06,,SelectKBest(score_func=<function mutual_info_classif at 0x766691e17420>),9,,"{'balance': RandomUnderSampler(random_state=42), 'classify__C': 1.0, 'classify__max_iter': 2000, 'classify__n_jobs': 2, 'classify__penalty': 'l2', 'classify__random_state': 42, 'classify__solver': 'lbfgs', 'classify__tol': 1e-06, 'impute': None, 'select': SelectKBest(score_func=<function mutual_info_classif at 0x766691e17420>), 'select__k': 9, 'transform': None}",,,,,,451,,,,,,451,,,,,,451
0.0006233056386311849,4.428271672016565e-05,0.0,0.0,RandomUnderSampler(random_state=42),10.0,200,2,l2,42,lbfgs,1e-08,SimpleImputer(strategy='median'),SelectKBest(score_func=<function mutual_info_classif at 0x766691e17420>),5,,"{'balance': RandomUnderSampler(random_state=42), 'classify__C': 10.0, 'classify__max_iter': 200, 'classify__n_jobs': 2, 'classify__penalty': 'l2', 'classify__random_state': 42, 'classify__solver': 'lbfgs', 'classify__tol': 1e-08, 'impute': SimpleImputer(strategy='median'), 'select': SelectKBest(score_func=<function mutual_info_classif at 0x766691e17420>), 'select__k': 5, 'transform': None}",,,,,,451,,,,,,451,,,,,,451
0.0005374749501546224,2.038382025359306e-05,0.0,0.0,RandomUnderSampler(random_state=42),10.0,200,2,l2,42,lbfgs,1e-08,,SelectKBest(score_func=<function mutual_info_classif at 0x766691e17420>),9,,"{'balance': RandomUnderSampler(random_state=42), 'classify__C': 10.0, 'classify__max_iter': 200, 'classify__n_jobs': 2, 'classify__penalty': 'l2', 'classify__random_state': 42, 'classify__solver': 'lbfgs', 'classify__tol': 1e-08, 'impute': None, 'select': SelectKBest(score_func=<function mutual_info_classif at 0x766691e17420>), 'select__k': 9, 'transform': None}",,,,,,451,,,,,,451,,,,,,451
0.0025587081909179688,0.0028397108935352875,0.0,0.0,RandomUnderSampler(random_state=42),10.0,200,2,l2,42,lbfgs,1e-08,,SelectKBest(score_func=<function mutual_info_classif at 0x766691e17420>),7,,"{'balance': RandomUnderSampler(random_state=42), 'classify__C': 10.0, 'classify__max_iter': 200, 'classify__n_jobs': 2, 'classify__penalty': 'l2', 'classify__random_state': 42, 'classify__solver': 'lbfgs', 'classify__tol': 1e-08, 'impute': None, 'select': SelectKBest(score_func=<function mutual_info_classif at 0x766691e17420>), 'select__k': 7, 'transform': None}",,,,,,451,,,,,,451,,,,,,451
0.0006437301635742188,7.208210280222836e-05,0.0,0.0,RandomUnderSampler(random_state=42),10.0,200,2,l2,42,lbfgs,1e-08,,SelectKBest(score_func=<function mutual_info_classif at 0x766691e17420>),5,,"{'balance': RandomUnderSampler(random_state=42), 'classify__C': 10.0, 'classify__max_iter': 200, 'classify__n_jobs': 2, 'classify__penalty': 'l2', 'classify__random_state': 42, 'classify__solver': 'lbfgs', 'classify__tol': 1e-08, 'impute': None, 'select': SelectKBest(score_func=<function mutual_info_classif at 0x766691e17420>), 'select__k': 5, 'transform': None}",,,,,,451,,,,,,451,,,,,,451
0.0006248950958251953,4.294226826166948e-05,0.0,0.0,RandomUnderSampler(random_state=42),10.0,100,2,l2,42,lbfgs,0.0001,SimpleImputer(strategy='median'),SelectKBest(score_func=<function mutual_info_classif at 0x766691e17420>),9,,"{'balance': RandomUnderSampler(random_state=42), 'classify__C': 10.0, 'classify__max_iter': 100, 'classify__n_jobs': 2, 'classify__penalty': 'l2', 'classify__random_state': 42, 'classify__solver': 'lbfgs', 'classify__tol': 0.0001, 'impute': SimpleImputer(strategy='median'), 'select': SelectKBest(score_func=<function mutual_info_classif at 0x766691e17420>), 'select__k': 9, 'transform': None}",,,,,,451,,,,,,451,,,,,,451
0.0005793571472167969,4.414672648183174e-05,0.0,0.0,RandomUnderSampler(random_state=42),10.0,100,2,l2,42,lbfgs,0.0001,SimpleImputer(strategy='median'),SelectKBest(score_func=<function mutual_info_classif at 0x766691e17420>),7,,"{'balance': RandomUnderSampler(random_state=42), 'classify__C': 10.0, 'classify__max_iter': 100, 'classify__n_jobs': 2, 'classify__penalty': 'l2', 'classify__random_state': 42, 'classify__solver': 'lbfgs', 'classify__tol': 0.0001, 'impute': SimpleImputer(strategy='median'), 'select': SelectKBest(score_func=<function mutual_info_classif at 0x766691e17420>), 'select__k': 7, 'transform': None}",,,,,,451,,,,,,451,,,,,,451
0.002612908681233724,0.002860031335789711,0.0,0.0,RandomUnderSampler(random_state=42),10.0,100,2,l2,42,lbfgs,0.0001,SimpleImputer(strategy='median'),SelectKBest(score_func=<function mutual_info_classif at 0x766691e17420>),5,,"{'balance': RandomUnderSampler(random_state=42), 'classify__C': 10.0, 'classify__max_iter': 100, 'classify__n_jobs': 2, 'classify__penalty': 'l2', 'classify__random_state': 42, 'classify__solver': 'lbfgs', 'classify__tol': 0.0001, 'impute': SimpleImputer(strategy='median'), 'select': SelectKBest(score_func=<function mutual_info_classif at 0x766691e17420>), 'select__k': 5, 'transform': None}",,,,,,451,,,,,,451,,,,,,451
0.005234320958455403,0.003410231619445732,0.0,0.0,RandomUnderSampler(random_state=42),10.0,100,2,l2,42,lbfgs,0.0001,,SelectKBest(score_func=<function mutual_info_classif at 0x766691e17420>),9,,"{'balance': RandomUnderSampler(random_state=42), 'classify__C': 10.0, 'classify__max_iter': 100, 'classify__n_jobs': 2, 'classify__penalty': 'l2', 'classify__random_state': 42, 'classify__solver': 'lbfgs', 'classify__tol': 0.0001, 'impute': None, 'select': SelectKBest(score_func=<function mutual_info_classif at 0x766691e17420>), 'select__k': 9, 'transform': None}",,,,,,451,,,,,,451,,,,,,451
0.0005518595377604166,3.0103958393580622e-05,0.0,0.0,RandomUnderSampler(random_state=42),10.0,100,2,l2,42,lbfgs,0.0001,,SelectKBest(score_func=<function mutual_info_classif at 0x766691e17420>),7,,"{'balance': RandomUnderSampler(random_state=42), 'classify__C': 10.0, 'classify__max_iter': 100, 'classify__n_jobs': 2, 'classify__penalty': 'l2', 'classify__random_state': 42, 'classify__solver': 'lbfgs', 'classify__tol': 0.0001, 'impute': None, 'select': SelectKBest(score_func=<function mutual_info_classif at 0x766691e17420>), 'select__k': 7, 'transform': None}",,,,,,451,,,,,,451,,,,,,451
0.0026601155598958335,0.002807870511558907,0.0,0.0,RandomUnderSampler(random_state=42),10.0,100,2,l2,42,lbfgs,0.0001,,SelectKBest(score_func=<function mutual_info_classif at 0x766691e17420>),5,,"{'balance': RandomUnderSampler(random_state=42), 'classify__C': 10.0, 'classify__max_iter': 100, 'classify__n_jobs': 2, 'classify__penalty': 'l2', 'classify__random_state': 42, 'classify__solver': 'lbfgs', 'classify__tol': 0.0001, 'impute': None, 'select': SelectKBest(score_func=<function mutual_info_classif at 0x766691e17420>), 'select__k': 5, 'transform': None}",,,,,,451,,,,,,451,,,,,,451
0.0026918252309163413,0.002924731325542345,0.0,0.0,RandomUnderSampler(random_state=42),10.0,100,2,l2,42,lbfgs,1e-06,SimpleImputer(strategy='median'),SelectKBest(score_func=<function mutual_info_classif at 0x766691e17420>),9,,"{'balance': RandomUnderSampler(random_state=42), 'classify__C': 10.0, 'classify__max_iter': 100, 'classify__n_jobs': 2, 'classify__penalty': 'l2', 'classify__random_state': 42, 'classify__solver': 'lbfgs', 'classify__tol': 1e-06, 'impute': SimpleImputer(strategy='median'), 'select': SelectKBest(score_func=<function mutual_info_classif at 0x766691e17420>), 'select__k': 9, 'transform': None}",,,,,,451,,,,,,451,,,,,,451
0.0026566187540690103,0.0028878191221321054,0.0,0.0,RandomUnderSampler(random_state=42),10.0,100,2,l2,42,lbfgs,1e-06,SimpleImputer(strategy='median'),SelectKBest(score_func=<function mutual_info_classif at 0x766691e17420>),7,,"{'balance': RandomUnderSampler(random_state=42), 'classify__C': 10.0, 'classify__max_iter': 100, 'classify__n_jobs': 2, 'classify__penalty': 'l2', 'classify__random_state': 42, 'classify__solver': 'lbfgs', 'classify__tol': 1e-06, 'impute': SimpleImputer(strategy='median'), 'select': SelectKBest(score_func=<function mutual_info_classif at 0x766691e17420>), 'select__k': 7, 'transform': None}",,,,,,451,,,,,,451,,,,,,451
0.0007517337799072266,3.913600609922e-05,0.0,0.0,RandomUnderSampler(random_state=42),10.0,100,2,l2,42,lbfgs,1e-06,SimpleImputer(strategy='median'),SelectKBest(score_func=<function mutual_info_classif at 0x766691e17420>),5,,"{'balance': RandomUnderSampler(random_state=42), 'classify__C': 10.0, 'classify__max_iter': 100, 'classify__n_jobs': 2, 'classify__penalty': 'l2', 'classify__random_state': 42, 'classify__solver': 'lbfgs', 'classify__tol': 1e-06, 'impute': SimpleImputer(strategy='median'), 'select': SelectKBest(score_func=<function mutual_info_classif at 0x766691e17420>), 'select__k': 5, 'transform': None}",,,,,,451,,,,,,451,,,,,,451
0.003667036692301432,0.0043039242185813785,0.0,0.0,RandomUnderSampler(random_state=42),10.0,100,2,l2,42,lbfgs,1e-06,,SelectKBest(score_func=<function mutual_info_classif at 0x766691e17420>),9,,"{'balance': RandomUnderSampler(random_state=42), 'classify__C': 10.0, 'classify__max_iter': 100, 'classify__n_jobs': 2, 'classify__penalty': 'l2', 'classify__random_state': 42, 'classify__solver': 'lbfgs', 'classify__tol': 1e-06, 'impute': None, 'select': SelectKBest(score_func=<function mutual_info_classif at 0x766691e17420>), 'select__k': 9, 'transform': None}",,,,,,451,,,,,,451,,,,,,451
0.0005024274190266927,2.12235690430215e-05,0.0,0.0,RandomUnderSampler(random_state=42),10.0,100,2,l2,42,lbfgs,1e-06,,SelectKBest(score_func=<function mutual_info_classif at 0x766691e17420>),7,,"{'balance': RandomUnderSampler(random_state=42), 'classify__C': 10.0, 'classify__max_iter': 100, 'classify__n_jobs': 2, 'classify__penalty': 'l2', 'classify__random_state': 42, 'classify__solver': 'lbfgs', 'classify__tol': 1e-06, 'impute': None, 'select': SelectKBest(score_func=<function mutual_info_classif at 0x766691e17420>), 'select__k': 7, 'transform': None}",,,,,,451,,,,,,451,,,,,,451
0.0025965372721354165,0.0028647461767186476,0.0,0.0,RandomUnderSampler(random_state=42),10.0,100,2,l2,42,lbfgs,1e-06,,SelectKBest(score_func=<function mutual_info_classif at 0x766691e17420>),5,,"{'balance': RandomUnderSampler(random_state=42), 'classify__C': 10.0, 'classify__max_iter': 100, 'classify__n_jobs': 2, 'classify__penalty': 'l2', 'classify__random_state': 42, 'classify__solver': 'lbfgs', 'classify__tol': 1e-06, 'impute': None, 'select': SelectKBest(score_func=<function mutual_info_classif at 0x766691e17420>), 'select__k': 5, 'transform': None}",,,,,,451,,,,,,451,,,,,,451
0.0006024042765299479,1.3481839257873836e-05,0.0,0.0,RandomUnderSampler(random_state=42),10.0,500,2,l2,42,lbfgs,1e-08,,SelectKBest(score_func=<function mutual_info_classif at 0x766691e17420>),7,,"{'balance': RandomUnderSampler(random_state=42), 'classify__C': 10.0, 'classify__max_iter': 500, 'classify__n_jobs': 2, 'classify__penalty': 'l2', 'classify__random_state': 42, 'classify__solver': 'lbfgs', 'classify__tol': 1e-08, 'impute': None, 'select': SelectKBest(score_func=<function mutual_info_classif at 0x766691e17420>), 'select__k': 7, 'transform': None}",,,,,,451,,,,,,451,,,,,,451
0.0006055037180582682,1.905791653824854e-05,0.0,0.0,RandomUnderSampler(random_state=42),10.0,500,2,l2,42,lbfgs,1e-08,,SelectKBest(score_func=<function mutual_info_classif at 0x766691e17420>),5,,"{'balance': RandomUnderSampler(random_state=42), 'classify__C': 10.0, 'classify__max_iter': 500, 'classify__n_jobs': 2, 'classify__penalty': 'l2', 'classify__random_state': 42, 'classify__solver': 'lbfgs', 'classify__tol': 1e-08, 'impute': None, 'select': SelectKBest(score_func=<function mutual_info_classif at 0x766691e17420>), 'select__k': 5, 'transform': None}",,,,,,451,,,,,,451,,,,,,451
0.0006496111551920573,2.484540732382263e-05,0.0,0.0,RandomUnderSampler(random_state=42),10.0,200,2,l2,42,lbfgs,0.0001,SimpleImputer(strategy='median'),SelectKBest(score_func=<function mutual_info_classif at 0x766691e17420>),9,,"{'balance': RandomUnderSampler(random_state=42), 'classify__C': 10.0, 'classify__max_iter': 200, 'classify__n_jobs': 2, 'classify__penalty': 'l2', 'classify__random_state': 42, 'classify__solver': 'lbfgs', 'classify__tol': 0.0001, 'impute': SimpleImputer(strategy='median'), 'select': SelectKBest(score_func=<function mutual_info_classif at 0x766691e17420>), 'select__k': 9, 'transform': None}",,,,,,451,,,,,,451,,,,,,451
0.0006562074025472006,1.5676915494204145e-05,0.0,0.0,RandomUnderSampler(random_state=42),10.0,200,2,l2,42,lbfgs,0.0001,SimpleImputer(strategy='median'),SelectKBest(score_func=<function mutual_info_classif at 0x766691e17420>),7,,"{'balance': RandomUnderSampler(random_state=42), 'classify__C': 10.0, 'classify__max_iter': 200, 'classify__n_jobs': 2, 'classify__penalty': 'l2', 'classify__random_state': 42, 'classify__solver': 'lbfgs', 'classify__tol': 0.0001, 'impute': SimpleImputer(strategy='median'), 'select': SelectKBest(score_func=<function mutual_info_classif at 0x766691e17420>), 'select__k': 7, 'transform': None}",,,,,,451,,,,,,451,,,,,,451
0.0006918907165527344,5.389982696401492e-05,0.0,0.0,RandomUnderSampler(random_state=42),10.0,200,2,l2,42,lbfgs,0.0001,SimpleImputer(strategy='median'),SelectKBest(score_func=<function mutual_info_classif at 0x766691e17420>),5,,"{'balance': RandomUnderSampler(random_state=42), 'classify__C': 10.0, 'classify__max_iter': 200, 'classify__n_jobs': 2, 'classify__penalty': 'l2', 'classify__random_state': 42, 'classify__solver': 'lbfgs', 'classify__tol': 0.0001, 'impute': SimpleImputer(strategy='median'), 'select': SelectKBest(score_func=<function mutual_info_classif at 0x766691e17420>), 'select__k': 5, 'transform': None}",,,,,,451,,,,,,451,,,,,,451
0.0026846726735432944,0.002905384250338043,0.0,0.0,RandomUnderSampler(random_state=42),10.0,200,2,l2,42,lbfgs,0.0001,,SelectKBest(score_func=<function mutual_info_classif at 0x766691e17420>),9,,"{'balance': RandomUnderSampler(random_state=42), 'classify__C': 10.0, 'classify__max_iter': 200, 'classify__n_jobs': 2, 'classify__penalty': 'l2', 'classify__random_state': 42, 'classify__solver': 'lbfgs', 'classify__tol': 0.0001, 'impute': None, 'select': SelectKBest(score_func=<function mutual_info_classif at 0x766691e17420>), 'select__k': 9, 'transform': None}",,,,,,451,,,,,,451,,,,,,451
0.002675612767537435,0.002876416546054794,0.0,0.0,RandomUnderSampler(random_state=42),10.0,200,2,l2,42,lbfgs,0.0001,,SelectKBest(score_func=<function mutual_info_classif at 0x766691e17420>),7,,"{'balance': RandomUnderSampler(random_state=42), 'classify__C': 10.0, 'classify__max_iter': 200, 'classify__n_jobs': 2, 'classify__penalty': 'l2', 'classify__random_state': 42, 'classify__solver': 'lbfgs', 'classify__tol': 0.0001, 'impute': None, 'select': SelectKBest(score_func=<function mutual_info_classif at 0x766691e17420>), 'select__k': 7, 'transform': None}",,,,,,451,,,,,,451,,,,,,451
0.0006717046101888021,3.157123744468752e-05,0.0,0.0,RandomUnderSampler(random_state=42),10.0,200,2,l2,42,lbfgs,0.0001,,SelectKBest(score_func=<function mutual_info_classif at 0x766691e17420>),5,,"{'balance': RandomUnderSampler(random_state=42), 'classify__C': 10.0, 'classify__max_iter': 200, 'classify__n_jobs': 2, 'classify__penalty': 'l2', 'classify__random_state': 42, 'classify__solver': 'lbfgs', 'classify__tol': 0.0001, 'impute': None, 'select': SelectKBest(score_func=<function mutual_info_classif at 0x766691e17420>), 'select__k': 5, 'transform': None}",,,,,,451,,,,,,451,,,,,,451
0.0017202695210774739,0.0014568218837004738,0.0,0.0,RandomUnderSampler(random_state=42),10.0,200,2,l2,42,lbfgs,1e-06,SimpleImputer(strategy='median'),SelectKBest(score_func=<function mutual_info_classif at 0x766691e17420>),9,,"{'balance': RandomUnderSampler(random_state=42), 'classify__C': 10.0, 'classify__max_iter': 200, 'classify__n_jobs': 2, 'classify__penalty': 'l2', 'classify__random_state': 42, 'classify__solver': 'lbfgs', 'classify__tol': 1e-06, 'impute': SimpleImputer(strategy='median'), 'select': SelectKBest(score_func=<function mutual_info_classif at 0x766691e17420>), 'select__k': 9, 'transform': None}",,,,,,451,,,,,,451,,,,,,451
0.0007413228352864584,6.501802831301046e-05,0.0,0.0,RandomUnderSampler(random_state=42),10.0,200,2,l2,42,lbfgs,1e-06,SimpleImputer(strategy='median'),SelectKBest(score_func=<function mutual_info_classif at 0x766691e17420>),7,,"{'balance': RandomUnderSampler(random_state=42), 'classify__C': 10.0, 'classify__max_iter': 200, 'classify__n_jobs': 2, 'classify__penalty': 'l2', 'classify__random_state': 42, 'classify__solver': 'lbfgs', 'classify__tol': 1e-06, 'impute': SimpleImputer(strategy='median'), 'select': SelectKBest(score_func=<function mutual_info_classif at 0x766691e17420>), 'select__k': 7, 'transform': None}",,,,,,451,,,,,,451,,,,,,451
0.0017639795939127605,0.0014275350512004913,0.0,0.0,RandomUnderSampler(random_state=42),10.0,200,2,l2,42,lbfgs,1e-06,SimpleImputer(strategy='median'),SelectKBest(score_func=<function mutual_info_classif at 0x766691e17420>),5,,"{'balance': RandomUnderSampler(random_state=42), 'classify__C': 10.0, 'classify__max_iter': 200, 'classify__n_jobs': 2, 'classify__penalty': 'l2', 'classify__random_state': 42, 'classify__solver': 'lbfgs', 'classify__tol': 1e-06, 'impute': SimpleImputer(strategy='median'), 'select': SelectKBest(score_func=<function mutual_info_classif at 0x766691e17420>), 'select__k': 5, 'transform': None}",,,,,,451,,,,,,451,,,,,,451
0.0027037461598714194,0.002917584399467338,0.0,0.0,RandomUnderSampler(random_state=42),10.0,200,2,l2,42,lbfgs,1e-06,,SelectKBest(score_func=<function mutual_info_classif at 0x766691e17420>),9,,"{'balance': RandomUnderSampler(random_state=42), 'classify__C': 10.0, 'classify__max_iter': 200, 'classify__n_jobs': 2, 'classify__penalty': 'l2', 'classify__random_state': 42, 'classify__solver': 'lbfgs', 'classify__tol': 1e-06, 'impute': None, 'select': SelectKBest(score_func=<function mutual_info_classif at 0x766691e17420>), 'select__k': 9, 'transform': None}",,,,,,451,,,,,,451,,,,,,451
0.002701997756958008,0.0028127905410255893,0.0,0.0,RandomUnderSampler(random_state=42),10.0,200,2,l2,42,lbfgs,1e-06,,SelectKBest(score_func=<function mutual_info_classif at 0x766691e17420>),7,,"{'balance': RandomUnderSampler(random_state=42), 'classify__C': 10.0, 'classify__max_iter': 200, 'classify__n_jobs': 2, 'classify__penalty': 'l2', 'classify__random_state': 42, 'classify__solver': 'lbfgs', 'classify__tol': 1e-06, 'impute': None, 'select': SelectKBest(score_func=<function mutual_info_classif at 0x766691e17420>), 'select__k': 7, 'transform': None}",,,,,,451,,,,,,451,,,,,,451
0.0006229877471923828,5.757730528233235e-05,0.0,0.0,RandomUnderSampler(random_state=42),10.0,200,2,l2,42,lbfgs,1e-06,,SelectKBest(score_func=<function mutual_info_classif at 0x766691e17420>),5,,"{'balance': RandomUnderSampler(random_state=42), 'classify__C': 10.0, 'classify__max_iter': 200, 'classify__n_jobs': 2, 'classify__penalty': 'l2', 'classify__random_state': 42, 'classify__solver': 'lbfgs', 'classify__tol': 1e-06, 'impute': None, 'select': SelectKBest(score_func=<function mutual_info_classif at 0x766691e17420>), 'select__k': 5, 'transform': None}",,,,,,451,,,,,,451,,,,,,451
0.0006603399912516276,3.906105202526031e-05,0.0,0.0,RandomUnderSampler(random_state=42),10.0,200,2,l2,42,lbfgs,1e-08,SimpleImputer(strategy='median'),SelectKBest(score_func=<function mutual_info_classif at 0x766691e17420>),9,,"{'balance': RandomUnderSampler(random_state=42), 'classify__C': 10.0, 'classify__max_iter': 200, 'classify__n_jobs': 2, 'classify__penalty': 'l2', 'classify__random_state': 42, 'classify__solver': 'lbfgs', 'classify__tol': 1e-08, 'impute': SimpleImputer(strategy='median'), 'select': SelectKBest(score_func=<function mutual_info_classif at 0x766691e17420>), 'select__k': 9, 'transform': None}",,,,,,451,,,,,,451,,,,,,451
0.0027066866556803384,0.002778572375576336,0.0,0.0,RandomUnderSampler(random_state=42),10.0,200,2,l2,42,lbfgs,1e-08,SimpleImputer(strategy='median'),SelectKBest(score_func=<function mutual_info_classif at 0x766691e17420>),7,,"{'balance': RandomUnderSampler(random_state=42), 'classify__C': 10.0, 'classify__max_iter': 200, 'classify__n_jobs': 2, 'classify__penalty': 'l2', 'classify__random_state': 42, 'classify__solver': 'lbfgs', 'classify__tol': 1e-08, 'impute': SimpleImputer(strategy='median'), 'select': SelectKBest(score_func=<function mutual_info_classif at 0x766691e17420>), 'select__k': 7, 'transform': None}",,,,,,451,,,,,,451,,,,,,451
0.0033310254414876304,0.0037735410178551866,0.0,0.0,RandomUnderSampler(random_state=42),10.0,500,2,l2,42,lbfgs,0.0001,SimpleImputer(strategy='median'),SelectKBest(score_func=<function mutual_info_classif at 0x766691e17420>),9,,"{'balance': RandomUnderSampler(random_state=42), 'classify__C': 10.0, 'classify__max_iter': 500, 'classify__n_jobs': 2, 'classify__penalty': 'l2', 'classify__random_state': 42, 'classify__solver': 'lbfgs', 'classify__tol': 0.0001, 'impute': SimpleImputer(strategy='median'), 'select': SelectKBest(score_func=<function mutual_info_classif at 0x766691e17420>), 'select__k': 9, 'transform': None}",,,,,,451,,,,,,451,,,,,,451
0.0019611517588297525,0.0018621222075600552,0.0,0.0,RandomUnderSampler(random_state=42),10.0,500,2,l2,42,lbfgs,0.0001,SimpleImputer(strategy='median'),SelectKBest(score_func=<function mutual_info_classif at 0x766691e17420>),7,,"{'balance': RandomUnderSampler(random_state=42), 'classify__C': 10.0, 'classify__max_iter': 500, 'classify__n_jobs': 2, 'classify__penalty': 'l2', 'classify__random_state': 42, 'classify__solver': 'lbfgs', 'classify__tol': 0.0001, 'impute': SimpleImputer(strategy='median'), 'select': SelectKBest(score_func=<function mutual_info_classif at 0x766691e17420>), 'select__k': 7, 'transform': None}",,,,,,451,,,,,,451,,,,,,451
0.0016481081644694011,0.0013904158673380418,0.0,0.0,RandomUnderSampler(random_state=42),10.0,500,2,l2,42,lbfgs,0.0001,SimpleImputer(strategy='median'),SelectKBest(score_func=<function mutual_info_classif at 0x766691e17420>),5,,"{'balance': RandomUnderSampler(random_state=42), 'classify__C': 10.0, 'classify__max_iter': 500, 'classify__n_jobs': 2, 'classify__penalty': 'l2', 'classify__random_state': 42, 'classify__solver': 'lbfgs', 'classify__tol': 0.0001, 'impute': SimpleImputer(strategy='median'), 'select': SelectKBest(score_func=<function mutual_info_classif at 0x766691e17420>), 'select__k': 5, 'transform': None}",,,,,,451,,,,,,451,,,,,,451
0.003668626149495443,0.00431579992739219,0.0,0.0,RandomUnderSampler(random_state=42),10.0,500,2,l2,42,lbfgs,0.0001,,SelectKBest(score_func=<function mutual_info_classif at 0x766691e17420>),9,,"{'balance': RandomUnderSampler(random_state=42), 'classify__C': 10.0, 'classify__max_iter': 500, 'classify__n_jobs': 2, 'classify__penalty': 'l2', 'classify__random_state': 42, 'classify__solver': 'lbfgs', 'classify__tol': 0.0001, 'impute': None, 'select': SelectKBest(score_func=<function mutual_info_classif at 0x766691e17420>), 'select__k': 9, 'transform': None}",,,,,,451,,,,,,451,,,,,,451
0.002559105555216471,0.0028677282458533194,0.0,0.0,RandomUnderSampler(random_state=42),10.0,500,2,l2,42,lbfgs,0.0001,,SelectKBest(score_func=<function mutual_info_classif at 0x766691e17420>),7,,"{'balance': RandomUnderSampler(random_state=42), 'classify__C': 10.0, 'classify__max_iter': 500, 'classify__n_jobs': 2, 'classify__penalty': 'l2', 'classify__random_state': 42, 'classify__solver': 'lbfgs', 'classify__tol': 0.0001, 'impute': None, 'select': SelectKBest(score_func=<function mutual_info_classif at 0x766691e17420>), 'select__k': 7, 'transform': None}",,,,,,451,,,,,,451,,,,,,451
0.0005470116933186849,3.545968213438935e-05,0.0,0.0,RandomUnderSampler(random_state=42),10.0,500,2,l2,42,lbfgs,0.0001,,SelectKBest(score_func=<function mutual_info_classif at 0x766691e17420>),5,,"{'balance': RandomUnderSampler(random_state=42), 'classify__C': 10.0, 'classify__max_iter': 500, 'classify__n_jobs': 2, 'classify__penalty': 'l2', 'classify__random_state': 42, 'classify__solver': 'lbfgs', 'classify__tol': 0.0001, 'impute': None, 'select': SelectKBest(score_func=<function mutual_info_classif at 0x766691e17420>), 'select__k': 5, 'transform': None}",,,,,,451,,,,,,451,,,,,,451
0.0016492207845052083,0.0014420700187256369,0.0,0.0,RandomUnderSampler(random_state=42),10.0,500,2,l2,42,lbfgs,1e-06,SimpleImputer(strategy='median'),SelectKBest(score_func=<function mutual_info_classif at 0x766691e17420>),9,,"{'balance': RandomUnderSampler(random_state=42), 'classify__C': 10.0, 'classify__max_iter': 500, 'classify__n_jobs': 2, 'classify__penalty': 'l2', 'classify__random_state': 42, 'classify__solver': 'lbfgs', 'classify__tol': 1e-06, 'impute': SimpleImputer(strategy='median'), 'select': SelectKBest(score_func=<function mutual_info_classif at 0x766691e17420>), 'select__k': 9, 'transform': None}",,,,,,451,,,,,,451,,,,,,451
0.0016661485036214192,0.0014143272033614457,0.0,0.0,RandomUnderSampler(random_state=42),10.0,500,2,l2,42,lbfgs,1e-06,SimpleImputer(strategy='median'),SelectKBest(score_func=<function mutual_info_classif at 0x766691e17420>),7,,"{'balance': RandomUnderSampler(random_state=42), 'classify__C': 10.0, 'classify__max_iter': 500, 'classify__n_jobs': 2, 'classify__penalty': 'l2', 'classify__random_state': 42, 'classify__solver': 'lbfgs', 'classify__tol': 1e-06, 'impute': SimpleImputer(strategy='median'), 'select': SelectKBest(score_func=<function mutual_info_classif at 0x766691e17420>), 'select__k': 7, 'transform': None}",,,,,,451,,,,,,451,,,,,,451
0.0017009576161702473,0.0013728651949173342,0.0,0.0,RandomUnderSampler(random_state=42),10.0,500,2,l2,42,lbfgs,1e-06,SimpleImputer(strategy='median'),SelectKBest(score_func=<function mutual_info_classif at 0x766691e17420>),5,,"{'balance': RandomUnderSampler(random_state=42), 'classify__C': 10.0, 'classify__max_iter': 500, 'classify__n_jobs': 2, 'classify__penalty': 'l2', 'classify__random_state': 42, 'classify__solver': 'lbfgs', 'classify__tol': 1e-06, 'impute': SimpleImputer(strategy='median'), 'select': SelectKBest(score_func=<function mutual_info_classif at 0x766691e17420>), 'select__k': 5, 'transform': None}",,,,,,451,,,,,,451,,,,,,451
0.0006372928619384766,2.590400764062487e-05,0.0,0.0,RandomUnderSampler(random_state=42),10.0,500,2,l2,42,lbfgs,1e-06,,SelectKBest(score_func=<function mutual_info_classif at 0x766691e17420>),9,,"{'balance': RandomUnderSampler(random_state=42), 'classify__C': 10.0, 'classify__max_iter': 500, 'classify__n_jobs': 2, 'classify__penalty': 'l2', 'classify__random_state': 42, 'classify__solver': 'lbfgs', 'classify__tol': 1e-06, 'impute': None, 'select': SelectKBest(score_func=<function mutual_info_classif at 0x766691e17420>), 'select__k': 9, 'transform': None}",,,,,,451,,,,,,451,,,,,,451
0.0027174949645996094,0.0029107416374641727,0.0,0.0,RandomUnderSampler(random_state=42),10.0,500,2,l2,42,lbfgs,1e-06,,SelectKBest(score_func=<function mutual_info_classif at 0x766691e17420>),7,,"{'balance': RandomUnderSampler(random_state=42), 'classify__C': 10.0, 'classify__max_iter': 500, 'classify__n_jobs': 2, 'classify__penalty': 'l2', 'classify__random_state': 42, 'classify__solver': 'lbfgs', 'classify__tol': 1e-06, 'impute': None, 'select': SelectKBest(score_func=<function mutual_info_classif at 0x766691e17420>), 'select__k': 7, 'transform': None}",,,,,,451,,,,,,451,,,,,,451
0.002714395523071289,0.002863733603611484,0.0,0.0,RandomUnderSampler(random_state=42),10.0,500,2,l2,42,lbfgs,1e-06,,SelectKBest(score_func=<function mutual_info_classif at 0x766691e17420>),5,,"{'balance': RandomUnderSampler(random_state=42), 'classify__C': 10.0, 'classify__max_iter': 500, 'classify__n_jobs': 2, 'classify__penalty': 'l2', 'classify__random_state': 42, 'classify__solver': 'lbfgs', 'classify__tol': 1e-06, 'impute': None, 'select': SelectKBest(score_func=<function mutual_info_classif at 0x766691e17420>), 'select__k': 5, 'transform': None}",,,,,,451,,,,,,451,,,,,,451
0.0008559226989746094,5.860475461242538e-05,0.0,0.0,RandomUnderSampler(random_state=42),10.0,500,2,l2,42,lbfgs,1e-08,SimpleImputer(strategy='median'),SelectKBest(score_func=<function mutual_info_classif at 0x766691e17420>),9,,"{'balance': RandomUnderSampler(random_state=42), 'classify__C': 10.0, 'classify__max_iter': 500, 'classify__n_jobs': 2, 'classify__penalty': 'l2', 'classify__random_state': 42, 'classify__solver': 'lbfgs', 'classify__tol': 1e-08, 'impute': SimpleImputer(strategy='median'), 'select': SelectKBest(score_func=<function mutual_info_classif at 0x766691e17420>), 'select__k': 9, 'transform': None}",,,,,,451,,,,,,451,,,,,,451
0.002047856648763021,0.0019635168973539513,0.0,0.0,RandomUnderSampler(random_state=42),10.0,500,2,l2,42,lbfgs,1e-08,SimpleImputer(strategy='median'),SelectKBest(score_func=<function mutual_info_classif at 0x766691e17420>),7,,"{'balance': RandomUnderSampler(random_state=42), 'classify__C': 10.0, 'classify__max_iter': 500, 'classify__n_jobs': 2, 'classify__penalty': 'l2', 'classify__random_state': 42, 'classify__solver': 'lbfgs', 'classify__tol': 1e-08, 'impute': SimpleImputer(strategy='median'), 'select': SelectKBest(score_func=<function mutual_info_classif at 0x766691e17420>), 'select__k': 7, 'transform': None}",,,,,,451,,,,,,451,,,,,,451
0.0017329057057698567,0.0014115282828499984,0.0,0.0,RandomUnderSampler(random_state=42),10.0,500,2,l2,42,lbfgs,1e-08,SimpleImputer(strategy='median'),SelectKBest(score_func=<function mutual_info_classif at 0x766691e17420>),5,,"{'balance': RandomUnderSampler(random_state=42), 'classify__C': 10.0, 'classify__max_iter': 500, 'classify__n_jobs': 2, 'classify__penalty': 'l2', 'classify__random_state': 42, 'classify__solver': 'lbfgs', 'classify__tol': 1e-08, 'impute': SimpleImputer(strategy='median'), 'select': SelectKBest(score_func=<function mutual_info_classif at 0x766691e17420>), 'select__k': 5, 'transform': None}",,,,,,451,,,,,,451,,,,,,451
0.0006099541982014974,1.69454326691025e-05,0.0,0.0,RandomUnderSampler(random_state=42),10.0,500,2,l2,42,lbfgs,1e-08,,SelectKBest(score_func=<function mutual_info_classif at 0x766691e17420>),9,,"{'balance': RandomUnderSampler(random_state=42), 'classify__C': 10.0, 'classify__max_iter': 500, 'classify__n_jobs': 2, 'classify__penalty': 'l2', 'classify__random_state': 42, 'classify__solver': 'lbfgs', 'classify__tol': 1e-08, 'impute': None, 'select': SelectKBest(score_func=<function mutual_info_classif at 0x766691e17420>), 'select__k': 9, 'transform': None}",,,,,,451,,,,,,451,,,,,,451
0.001638333002726237,0.001433286681397829,0.0,0.0,RandomUnderSampler(random_state=42),10.0,1000,2,l2,42,lbfgs,0.0001,SimpleImputer(strategy='median'),SelectKBest(score_func=<function mutual_info_classif at 0x766691e17420>),5,,"{'balance': RandomUnderSampler(random_state=42), 'classify__C': 10.0, 'classify__max_iter': 1000, 'classify__n_jobs': 2, 'classify__penalty': 'l2', 'classify__random_state': 42, 'classify__solver': 'lbfgs', 'classify__tol': 0.0001, 'impute': SimpleImputer(strategy='median'), 'select': SelectKBest(score_func=<function mutual_info_classif at 0x766691e17420>), 'select__k': 5, 'transform': None}",,,,,,451,,,,,,451,,,,,,451
0.0015842119852701824,0.0014678908992537144,0.0,0.0,RandomUnderSampler(random_state=42),10.0,1000,2,l2,42,lbfgs,0.0001,,SelectKBest(score_func=<function mutual_info_classif at 0x766691e17420>),9,,"{'balance': RandomUnderSampler(random_state=42), 'classify__C': 10.0, 'classify__max_iter': 1000, 'classify__n_jobs': 2, 'classify__penalty': 'l2', 'classify__random_state': 42, 'classify__solver': 'lbfgs', 'classify__tol': 0.0001, 'impute': None, 'select': SelectKBest(score_func=<function mutual_info_classif at 0x766691e17420>), 'select__k': 9, 'transform': None}",,,,,,451,,,,,,451,,,,,,451
0.0015911261240641277,0.001399404226784261,0.0,0.0,RandomUnderSampler(random_state=42),10.0,1000,2,l2,42,lbfgs,0.0001,,SelectKBest(score_func=<function mutual_info_classif at 0x766691e17420>),7,,"{'balance': RandomUnderSampler(random_state=42), 'classify__C': 10.0, 'classify__max_iter': 1000, 'classify__n_jobs': 2, 'classify__penalty': 'l2', 'classify__random_state': 42, 'classify__solver': 'lbfgs', 'classify__tol': 0.0001, 'impute': None, 'select': SelectKBest(score_func=<function mutual_info_classif at 0x766691e17420>), 'select__k': 7, 'transform': None}",,,,,,451,,,,,,451,,,,,,451
0.0005711714426676432,2.953590413922336e-05,0.0,0.0,RandomUnderSampler(random_state=42),10.0,1000,2,l2,42,lbfgs,0.0001,,SelectKBest(score_func=<function mutual_info_classif at 0x766691e17420>),5,,"{'balance': RandomUnderSampler(random_state=42), 'classify__C': 10.0, 'classify__max_iter': 1000, 'classify__n_jobs': 2, 'classify__penalty': 'l2', 'classify__random_state': 42, 'classify__solver': 'lbfgs', 'classify__tol': 0.0001, 'impute': None, 'select': SelectKBest(score_func=<function mutual_info_classif at 0x766691e17420>), 'select__k': 5, 'transform': None}",,,,,,451,,,,,,451,,,,,,451
0.002691348393758138,0.0029000128739148307,0.0,0.0,RandomUnderSampler(random_state=42),10.0,1000,2,l2,42,lbfgs,1e-06,SimpleImputer(strategy='median'),SelectKBest(score_func=<function mutual_info_classif at 0x766691e17420>),9,,"{'balance': RandomUnderSampler(random_state=42), 'classify__C': 10.0, 'classify__max_iter': 1000, 'classify__n_jobs': 2, 'classify__penalty': 'l2', 'classify__random_state': 42, 'classify__solver': 'lbfgs', 'classify__tol': 1e-06, 'impute': SimpleImputer(strategy='median'), 'select': SelectKBest(score_func=<function mutual_info_classif at 0x766691e17420>), 'select__k': 9, 'transform': None}",,,,,,451,,,,,,451,,,,,,451
0.0025834242502848306,0.0028419855276944316,0.0,0.0,RandomUnderSampler(random_state=42),10.0,1000,2,l2,42,lbfgs,1e-06,SimpleImputer(strategy='median'),SelectKBest(score_func=<function mutual_info_classif at 0x766691e17420>),7,,"{'balance': RandomUnderSampler(random_state=42), 'classify__C': 10.0, 'classify__max_iter': 1000, 'classify__n_jobs': 2, 'classify__penalty': 'l2', 'classify__random_state': 42, 'classify__solver': 'lbfgs', 'classify__tol': 1e-06, 'impute': SimpleImputer(strategy='median'), 'select': SelectKBest(score_func=<function mutual_info_classif at 0x766691e17420>), 'select__k': 7, 'transform': None}",,,,,,451,,,,,,451,,,,,,451
0.0005599657694498698,1.2850051200490147e-05,0.0,0.0,RandomUnderSampler(random_state=42),10.0,1000,2,l2,42,lbfgs,1e-06,SimpleImputer(strategy='median'),SelectKBest(score_func=<function mutual_info_classif at 0x766691e17420>),5,,"{'balance': RandomUnderSampler(random_state=42), 'classify__C': 10.0, 'classify__max_iter': 1000, 'classify__n_jobs': 2, 'classify__penalty': 'l2', 'classify__random_state': 42, 'classify__solver': 'lbfgs', 'classify__tol': 1e-06, 'impute': SimpleImputer(strategy='median'), 'select': SelectKBest(score_func=<function mutual_info_classif at 0x766691e17420>), 'select__k': 5, 'transform': None}",,,,,,451,,,,,,451,,,,,,451
0.0005505879720052084,1.956033579508976e-05,0.0,0.0,RandomUnderSampler(random_state=42),10.0,1000,2,l2,42,lbfgs,1e-06,,SelectKBest(score_func=<function mutual_info_classif at 0x766691e17420>),9,,"{'balance': RandomUnderSampler(random_state=42), 'classify__C': 10.0, 'classify__max_iter': 1000, 'classify__n_jobs': 2, 'classify__penalty': 'l2', 'classify__random_state': 42, 'classify__solver': 'lbfgs', 'classify__tol': 1e-06, 'impute': None, 'select': SelectKBest(score_func=<function mutual_info_classif at 0x766691e17420>), 'select__k': 9, 'transform': None}",,,,,,451,,,,,,451,,,,,,451
0.0005760987599690756,4.650500232729522e-05,0.0,0.0,RandomUnderSampler(random_state=42),10.0,1000,2,l2,42,lbfgs,1e-06,,SelectKBest(score_func=<function mutual_info_classif at 0x766691e17420>),7,,"{'balance': RandomUnderSampler(random_state=42), 'classify__C': 10.0, 'classify__max_iter': 1000, 'classify__n_jobs': 2, 'classify__penalty': 'l2', 'classify__random_state': 42, 'classify__solver': 'lbfgs', 'classify__tol': 1e-06, 'impute': None, 'select': SelectKBest(score_func=<function mutual_info_classif at 0x766691e17420>), 'select__k': 7, 'transform': None}",,,,,,451,,,,,,451,,,,,,451
0.002577702204386393,0.00280462700354266,0.0,0.0,RandomUnderSampler(random_state=42),10.0,1000,2,l2,42,lbfgs,1e-06,,SelectKBest(score_func=<function mutual_info_classif at 0x766691e17420>),5,,"{'balance': RandomUnderSampler(random_state=42), 'classify__C': 10.0, 'classify__max_iter': 1000, 'classify__n_jobs': 2, 'classify__penalty': 'l2', 'classify__random_state': 42, 'classify__solver': 'lbfgs', 'classify__tol': 1e-06, 'impute': None, 'select': SelectKBest(score_func=<function mutual_info_classif at 0x766691e17420>), 'select__k': 5, 'transform': None}",,,,,,451,,,,,,451,,,,,,451
0.0016449292500813801,0.001416002262242146,0.0,0.0,RandomUnderSampler(random_state=42),10.0,1000,2,l2,42,lbfgs,1e-08,SimpleImputer(strategy='median'),SelectKBest(score_func=<function mutual_info_classif at 0x766691e17420>),9,,"{'balance': RandomUnderSampler(random_state=42), 'classify__C': 10.0, 'classify__max_iter': 1000, 'classify__n_jobs': 2, 'classify__penalty': 'l2', 'classify__random_state': 42, 'classify__solver': 'lbfgs', 'classify__tol': 1e-08, 'impute': SimpleImputer(strategy='median'), 'select': SelectKBest(score_func=<function mutual_info_classif at 0x766691e17420>), 'select__k': 9, 'transform': None}",,,,,,451,,,,,,451,,,,,,451
0.0016562143961588542,0.0014399573781314204,0.0,0.0,RandomUnderSampler(random_state=42),10.0,1000,2,l2,42,lbfgs,1e-08,SimpleImputer(strategy='median'),SelectKBest(score_func=<function mutual_info_classif at 0x766691e17420>),7,,"{'balance': RandomUnderSampler(random_state=42), 'classify__C': 10.0, 'classify__max_iter': 1000, 'classify__n_jobs': 2, 'classify__penalty': 'l2', 'classify__random_state': 42, 'classify__solver': 'lbfgs', 'classify__tol': 1e-08, 'impute': SimpleImputer(strategy='median'), 'select': SelectKBest(score_func=<function mutual_info_classif at 0x766691e17420>), 'select__k': 7, 'transform': None}",,,,,,451,,,,,,451,,,,,,451
0.0016942024230957031,0.0014177992962180132,0.0,0.0,RandomUnderSampler(random_state=42),10.0,1000,2,l2,42,lbfgs,1e-08,SimpleImputer(strategy='median'),SelectKBest(score_func=<function mutual_info_classif at 0x766691e17420>),5,,"{'balance': RandomUnderSampler(random_state=42), 'classify__C': 10.0, 'classify__max_iter': 1000, 'classify__n_jobs': 2, 'classify__penalty': 'l2', 'classify__random_state': 42, 'classify__solver': 'lbfgs', 'classify__tol': 1e-08, 'impute': SimpleImputer(strategy='median'), 'select': SelectKBest(score_func=<function mutual_info_classif at 0x766691e17420>), 'select__k': 5, 'transform': None}",,,,,,451,,,,,,451,,,,,,451
0.0026273727416992188,0.002810874791680757,0.0,0.0,RandomUnderSampler(random_state=42),10.0,1000,2,l2,42,lbfgs,1e-08,,SelectKBest(score_func=<function mutual_info_classif at 0x766691e17420>),9,,"{'balance': RandomUnderSampler(random_state=42), 'classify__C': 10.0, 'classify__max_iter': 1000, 'classify__n_jobs': 2, 'classify__penalty': 'l2', 'classify__random_state': 42, 'classify__solver': 'lbfgs', 'classify__tol': 1e-08, 'impute': None, 'select': SelectKBest(score_func=<function mutual_info_classif at 0x766691e17420>), 'select__k': 9, 'transform': None}",,,,,,451,,,,,,451,,,,,,451
0.0026267369588216147,0.002867474707737608,0.0,0.0,RandomUnderSampler(random_state=42),10.0,1000,2,l2,42,lbfgs,1e-08,,SelectKBest(score_func=<function mutual_info_classif at 0x766691e17420>),7,,"{'balance': RandomUnderSampler(random_state=42), 'classify__C': 10.0, 'classify__max_iter': 1000, 'classify__n_jobs': 2, 'classify__penalty': 'l2', 'classify__random_state': 42, 'classify__solver': 'lbfgs', 'classify__tol': 1e-08, 'impute': None, 'select': SelectKBest(score_func=<function mutual_info_classif at 0x766691e17420>), 'select__k': 7, 'transform': None}",,,,,,451,,,,,,451,,,,,,451
0.0025521119435628257,0.0028320862556607805,0.0,0.0,RandomUnderSampler(random_state=42),10.0,1000,2,l2,42,lbfgs,1e-08,,SelectKBest(score_func=<function mutual_info_classif at 0x766691e17420>),5,,"{'balance': RandomUnderSampler(random_state=42), 'classify__C': 10.0, 'classify__max_iter': 1000, 'classify__n_jobs': 2, 'classify__penalty': 'l2', 'classify__random_state': 42, 'classify__solver': 'lbfgs', 'classify__tol': 1e-08, 'impute': None, 'select': SelectKBest(score_func=<function mutual_info_classif at 0x766691e17420>), 'select__k': 5, 'transform': None}",,,,,,451,,,,,,451,,,,,,451
0.002270380655924479,0.0012758951245680392,0.0,0.0,RandomUnderSampler(random_state=42),10.0,2000,2,l2,42,lbfgs,0.0001,,SelectKBest(score_func=<function mutual_info_classif at 0x766691e17420>),7,,"{'balance': RandomUnderSampler(random_state=42), 'classify__C': 10.0, 'classify__max_iter': 2000, 'classify__n_jobs': 2, 'classify__penalty': 'l2', 'classify__random_state': 42, 'classify__solver': 'lbfgs', 'classify__tol': 0.0001, 'impute': None, 'select': SelectKBest(score_func=<function mutual_info_classif at 0x766691e17420>), 'select__k': 7, 'transform': None}",,,,,,451,,,,,,451,,,,,,451
0.0006638367970784506,3.2387701182943434e-05,0.0,0.0,RandomUnderSampler(random_state=42),10.0,2000,2,l2,42,lbfgs,0.0001,,SelectKBest(score_func=<function mutual_info_classif at 0x766691e17420>),5,,"{'balance': RandomUnderSampler(random_state=42), 'classify__C': 10.0, 'classify__max_iter': 2000, 'classify__n_jobs': 2, 'classify__penalty': 'l2', 'classify__random_state': 42, 'classify__solver': 'lbfgs', 'classify__tol': 0.0001, 'impute': None, 'select': SelectKBest(score_func=<function mutual_info_classif at 0x766691e17420>), 'select__k': 5, 'transform': None}",,,,,,451,,,,,,451,,,,,,451
0.002675215403238932,0.0029152736398991848,0.0,0.0,RandomUnderSampler(random_state=42),10.0,2000,2,l2,42,lbfgs,1e-06,SimpleImputer(strategy='median'),SelectKBest(score_func=<function mutual_info_classif at 0x766691e17420>),9,,"{'balance': RandomUnderSampler(random_state=42), 'classify__C': 10.0, 'classify__max_iter': 2000, 'classify__n_jobs': 2, 'classify__penalty': 'l2', 'classify__random_state': 42, 'classify__solver': 'lbfgs', 'classify__tol': 1e-06, 'impute': SimpleImputer(strategy='median'), 'select': SelectKBest(score_func=<function mutual_info_classif at 0x766691e17420>), 'select__k': 9, 'transform': None}",,,,,,451,,,,,,451,,,,,,451
0.0026731491088867188,0.0028326319439496714,0.0,0.0,RandomUnderSampler(random_state=42),10.0,2000,2,l2,42,lbfgs,1e-06,SimpleImputer(strategy='median'),SelectKBest(score_func=<function mutual_info_classif at 0x766691e17420>),7,,"{'balance': RandomUnderSampler(random_state=42), 'classify__C': 10.0, 'classify__max_iter': 2000, 'classify__n_jobs': 2, 'classify__penalty': 'l2', 'classify__random_state': 42, 'classify__solver': 'lbfgs', 'classify__tol': 1e-06, 'impute': SimpleImputer(strategy='median'), 'select': SelectKBest(score_func=<function mutual_info_classif at 0x766691e17420>), 'select__k': 7, 'transform': None}",,,,,,451,,,,,,451,,,,,,451
0.0006604989369710287,5.02131389066732e-05,0.0,0.0,RandomUnderSampler(random_state=42),10.0,2000,2,l2,42,lbfgs,1e-06,SimpleImputer(strategy='median'),SelectKBest(score_func=<function mutual_info_classif at 0x766691e17420>),5,,"{'balance': RandomUnderSampler(random_state=42), 'classify__C': 10.0, 'classify__max_iter': 2000, 'classify__n_jobs': 2, 'classify__penalty': 'l2', 'classify__random_state': 42, 'classify__solver': 'lbfgs', 'classify__tol': 1e-06, 'impute': SimpleImputer(strategy='median'), 'select': SelectKBest(score_func=<function mutual_info_classif at 0x766691e17420>), 'select__k': 5, 'transform': None}",,,,,,451,,,,,,451,,,,,,451
0.0016072591145833333,0.0015152107063730442,0.0,0.0,RandomUnderSampler(random_state=42),10.0,2000,2,l2,42,lbfgs,1e-06,,SelectKBest(score_func=<function mutual_info_classif at 0x766691e17420>),9,,"{'balance': RandomUnderSampler(random_state=42), 'classify__C': 10.0, 'classify__max_iter': 2000, 'classify__n_jobs': 2, 'classify__penalty': 'l2', 'classify__random_state': 42, 'classify__solver': 'lbfgs', 'classify__tol': 1e-06, 'impute': None, 'select': SelectKBest(score_func=<function mutual_info_classif at 0x766691e17420>), 'select__k': 9, 'transform': None}",,,,,,451,,,,,,451,,,,,,451
0.001680135726928711,0.0014362145624644655,0.0,0.0,RandomUnderSampler(random_state=42),10.0,2000,2,l2,42,lbfgs,1e-06,,SelectKBest(score_func=<function mutual_info_classif at 0x766691e17420>),7,,"{'balance': RandomUnderSampler(random_state=42), 'classify__C': 10.0, 'classify__max_iter': 2000, 'classify__n_jobs': 2, 'classify__penalty': 'l2', 'classify__random_state': 42, 'classify__solver': 'lbfgs', 'classify__tol': 1e-06, 'impute': None, 'select': SelectKBest(score_func=<function mutual_info_classif at 0x766691e17420>), 'select__k': 7, 'transform': None}",,,,,,451,,,,,,451,,,,,,451
0.0007127126057942709,6.062190571441353e-05,0.0,0.0,RandomUnderSampler(random_state=42),10.0,2000,2,l2,42,lbfgs,1e-06,,SelectKBest(score_func=<function mutual_info_classif at 0x766691e17420>),5,,"{'balance': RandomUnderSampler(random_state=42), 'classify__C': 10.0, 'classify__max_iter': 2000, 'classify__n_jobs': 2, 'classify__penalty': 'l2', 'classify__random_state': 42, 'classify__solver': 'lbfgs', 'classify__tol': 1e-06, 'impute': None, 'select': SelectKBest(score_func=<function mutual_info_classif at 0x766691e17420>), 'select__k': 5, 'transform': None}",,,,,,451,,,,,,451,,,,,,451
0.0007051626841227213,5.457662301917551e-05,0.0,0.0,RandomUnderSampler(random_state=42),10.0,2000,2,l2,42,lbfgs,1e-08,SimpleImputer(strategy='median'),SelectKBest(score_func=<function mutual_info_classif at 0x766691e17420>),9,,"{'balance': RandomUnderSampler(random_state=42), 'classify__C': 10.0, 'classify__max_iter': 2000, 'classify__n_jobs': 2, 'classify__penalty': 'l2', 'classify__random_state': 42, 'classify__solver': 'lbfgs', 'classify__tol': 1e-08, 'impute': SimpleImputer(strategy='median'), 'select': SelectKBest(score_func=<function mutual_info_classif at 0x766691e17420>), 'select__k': 9, 'transform': None}",,,,,,451,,,,,,451,,,,,,451
0.003798246383666992,0.004228154150310279,0.0,0.0,RandomUnderSampler(random_state=42),10.0,2000,2,l2,42,lbfgs,1e-08,SimpleImputer(strategy='median'),SelectKBest(score_func=<function mutual_info_classif at 0x766691e17420>),7,,"{'balance': RandomUnderSampler(random_state=42), 'classify__C': 10.0, 'classify__max_iter': 2000, 'classify__n_jobs': 2, 'classify__penalty': 'l2', 'classify__random_state': 42, 'classify__solver': 'lbfgs', 'classify__tol': 1e-08, 'impute': SimpleImputer(strategy='median'), 'select': SelectKBest(score_func=<function mutual_info_classif at 0x766691e17420>), 'select__k': 7, 'transform': None}",,,,,,451,,,,,,451,,,,,,451
0.0033919811248779297,0.0037926995741985217,0.0,0.0,RandomUnderSampler(random_state=42),10.0,2000,2,l2,42,lbfgs,1e-08,SimpleImputer(strategy='median'),SelectKBest(score_func=<function mutual_info_classif at 0x766691e17420>),5,,"{'balance': RandomUnderSampler(random_state=42), 'classify__C': 10.0, 'classify__max_iter': 2000, 'classify__n_jobs': 2, 'classify__penalty': 'l2', 'classify__random_state': 42, 'classify__solver': 'lbfgs', 'classify__tol': 1e-08, 'impute': SimpleImputer(strategy='median'), 'select': SelectKBest(score_func=<function mutual_info_classif at 0x766691e17420>), 'select__k': 5, 'transform': None}",,,,,,451,,,,,,451,,,,,,451
0.0025783379872639975,0.0028213210036628343,0.0,0.0,RandomUnderSampler(random_state=42),10.0,2000,2,l2,42,lbfgs,1e-08,,SelectKBest(score_func=<function mutual_info_classif at 0x766691e17420>),9,,"{'balance': RandomUnderSampler(random_state=42), 'classify__C': 10.0, 'classify__max_iter': 2000, 'classify__n_jobs': 2, 'classify__penalty': 'l2', 'classify__random_state': 42, 'classify__solver': 'lbfgs', 'classify__tol': 1e-08, 'impute': None, 'select': SelectKBest(score_func=<function mutual_info_classif at 0x766691e17420>), 'select__k': 9, 'transform': None}",,,,,,451,,,,,,451,,,,,,451
0.002646764119466146,0.002845912371138221,0.0,0.0,RandomUnderSampler(random_state=42),10.0,2000,2,l2,42,lbfgs,1e-08,,SelectKBest(score_func=<function mutual_info_classif at 0x766691e17420>),7,,"{'balance': RandomUnderSampler(random_state=42), 'classify__C': 10.0, 'classify__max_iter': 2000, 'classify__n_jobs': 2, 'classify__penalty': 'l2', 'classify__random_state': 42, 'classify__solver': 'lbfgs', 'classify__tol': 1e-08, 'impute': None, 'select': SelectKBest(score_func=<function mutual_info_classif at 0x766691e17420>), 'select__k': 7, 'transform': None}",,,,,,451,,,,,,451,,,,,,451
0.0027152697245279946,0.0029038360883429097,0.0,0.0,RandomUnderSampler(random_state=42),10.0,2000,2,l2,42,lbfgs,1e-08,,SelectKBest(score_func=<function mutual_info_classif at 0x766691e17420>),5,,"{'balance': RandomUnderSampler(random_state=42), 'classify__C': 10.0, 'classify__max_iter': 2000, 'classify__n_jobs': 2, 'classify__penalty': 'l2', 'classify__random_state': 42, 'classify__solver': 'lbfgs', 'classify__tol': 1e-08, 'impute': None, 'select': SelectKBest(score_func=<function mutual_info_classif at 0x766691e17420>), 'select__k': 5, 'transform': None}",,,,,,451,,,,,,451,,,,,,451
0.0026504993438720703,0.0028292628194807115,0.0,0.0,RandomUnderSampler(random_state=42),10.0,1000,2,l2,42,lbfgs,0.0001,SimpleImputer(strategy='median'),SelectKBest(score_func=<function mutual_info_classif at 0x766691e17420>),9,,"{'balance': RandomUnderSampler(random_state=42), 'classify__C': 10.0, 'classify__max_iter': 1000, 'classify__n_jobs': 2, 'classify__penalty': 'l2', 'classify__random_state': 42, 'classify__solver': 'lbfgs', 'classify__tol': 0.0001, 'impute': SimpleImputer(strategy='median'), 'select': SelectKBest(score_func=<function mutual_info_classif at 0x766691e17420>), 'select__k': 9, 'transform': None}",,,,,,451,,,,,,451,,,,,,451
0.002644062042236328,0.0028677739324420312,0.0,0.0,RandomUnderSampler(random_state=42),10.0,1000,2,l2,42,lbfgs,0.0001,SimpleImputer(strategy='median'),SelectKBest(score_func=<function mutual_info_classif at 0x766691e17420>),7,,"{'balance': RandomUnderSampler(random_state=42), 'classify__C': 10.0, 'classify__max_iter': 1000, 'classify__n_jobs': 2, 'classify__penalty': 'l2', 'classify__random_state': 42, 'classify__solver': 'lbfgs', 'classify__tol': 0.0001, 'impute': SimpleImputer(strategy='median'), 'select': SelectKBest(score_func=<function mutual_info_classif at 0x766691e17420>), 'select__k': 7, 'transform': None}",,,,,,451,,,,,,451,,,,,,451
0.0017770131429036458,0.001430410823106778,0.0,0.0,RandomUnderSampler(random_state=42),100.0,100,2,l2,42,lbfgs,1e-06,SimpleImputer(strategy='median'),SelectKBest(score_func=<function mutual_info_classif at 0x766691e17420>),9,,"{'balance': RandomUnderSampler(random_state=42), 'classify__C': 100.0, 'classify__max_iter': 100, 'classify__n_jobs': 2, 'classify__penalty': 'l2', 'classify__random_state': 42, 'classify__solver': 'lbfgs', 'classify__tol': 1e-06, 'impute': SimpleImputer(strategy='median'), 'select': SelectKBest(score_func=<function mutual_info_classif at 0x766691e17420>), 'select__k': 9, 'transform': None}",,,,,,451,,,,,,451,,,,,,451
0.0017747084299723308,0.0014760692281853812,0.0,0.0,RandomUnderSampler(random_state=42),100.0,100,2,l2,42,lbfgs,1e-06,SimpleImputer(strategy='median'),SelectKBest(score_func=<function mutual_info_classif at 0x766691e17420>),7,,"{'balance': RandomUnderSampler(random_state=42), 'classify__C': 100.0, 'classify__max_iter': 100, 'classify__n_jobs': 2, 'classify__penalty': 'l2', 'classify__random_state': 42, 'classify__solver': 'lbfgs', 'classify__tol': 1e-06, 'impute': SimpleImputer(strategy='median'), 'select': SelectKBest(score_func=<function mutual_info_classif at 0x766691e17420>), 'select__k': 7, 'transform': None}",,,,,,451,,,,,,451,,,,,,451
0.003741741180419922,0.004329185678025126,0.0,0.0,RandomUnderSampler(random_state=42),100.0,100,2,l2,42,lbfgs,1e-06,SimpleImputer(strategy='median'),SelectKBest(score_func=<function mutual_info_classif at 0x766691e17420>),5,,"{'balance': RandomUnderSampler(random_state=42), 'classify__C': 100.0, 'classify__max_iter': 100, 'classify__n_jobs': 2, 'classify__penalty': 'l2', 'classify__random_state': 42, 'classify__solver': 'lbfgs', 'classify__tol': 1e-06, 'impute': SimpleImputer(strategy='median'), 'select': SelectKBest(score_func=<function mutual_info_classif at 0x766691e17420>), 'select__k': 5, 'transform': None}",,,,,,451,,,,,,451,,,,,,451
0.004633108774820964,0.005662925332553612,0.0,0.0,RandomUnderSampler(random_state=42),100.0,100,2,l2,42,lbfgs,1e-06,,SelectKBest(score_func=<function mutual_info_classif at 0x766691e17420>),9,,"{'balance': RandomUnderSampler(random_state=42), 'classify__C': 100.0, 'classify__max_iter': 100, 'classify__n_jobs': 2, 'classify__penalty': 'l2', 'classify__random_state': 42, 'classify__solver': 'lbfgs', 'classify__tol': 1e-06, 'impute': None, 'select': SelectKBest(score_func=<function mutual_info_classif at 0x766691e17420>), 'select__k': 9, 'transform': None}",,,,,,451,,,,,,451,,,,,,451
0.0037480990091959634,0.004298572774730995,0.0,0.0,RandomUnderSampler(random_state=42),100.0,100,2,l2,42,lbfgs,1e-06,,SelectKBest(score_func=<function mutual_info_classif at 0x766691e17420>),7,,"{'balance': RandomUnderSampler(random_state=42), 'classify__C': 100.0, 'classify__max_iter': 100, 'classify__n_jobs': 2, 'classify__penalty': 'l2', 'classify__random_state': 42, 'classify__solver': 'lbfgs', 'classify__tol': 1e-06, 'impute': None, 'select': SelectKBest(score_func=<function mutual_info_classif at 0x766691e17420>), 'select__k': 7, 'transform': None}",,,,,,451,,,,,,451,,,,,,451
0.0006679693857828776,9.192973020931521e-05,0.0,0.0,RandomUnderSampler(random_state=42),100.0,100,2,l2,42,lbfgs,1e-06,,SelectKBest(score_func=<function mutual_info_classif at 0x766691e17420>),5,,"{'balance': RandomUnderSampler(random_state=42), 'classify__C': 100.0, 'classify__max_iter': 100, 'classify__n_jobs': 2, 'classify__penalty': 'l2', 'classify__random_state': 42, 'classify__solver': 'lbfgs', 'classify__tol': 1e-06, 'impute': None, 'select': SelectKBest(score_func=<function mutual_info_classif at 0x766691e17420>), 'select__k': 5, 'transform': None}",,,,,,451,,,,,,451,,,,,,451
0.0006549358367919922,3.836292493956755e-05,0.0,0.0,RandomUnderSampler(random_state=42),100.0,100,2,l2,42,lbfgs,1e-08,SimpleImputer(strategy='median'),SelectKBest(score_func=<function mutual_info_classif at 0x766691e17420>),9,,"{'balance': RandomUnderSampler(random_state=42), 'classify__C': 100.0, 'classify__max_iter': 100, 'classify__n_jobs': 2, 'classify__penalty': 'l2', 'classify__random_state': 42, 'classify__solver': 'lbfgs', 'classify__tol': 1e-08, 'impute': SimpleImputer(strategy='median'), 'select': SelectKBest(score_func=<function mutual_info_classif at 0x766691e17420>), 'select__k': 9, 'transform': None}",,,,,,451,,,,,,451,,,,,,451
0.002440849939982096,0.0023990164460772887,0.0,0.0,RandomUnderSampler(random_state=42),100.0,100,2,l2,42,lbfgs,1e-08,SimpleImputer(strategy='median'),SelectKBest(score_func=<function mutual_info_classif at 0x766691e17420>),7,,"{'balance': RandomUnderSampler(random_state=42), 'classify__C': 100.0, 'classify__max_iter': 100, 'classify__n_jobs': 2, 'classify__penalty': 'l2', 'classify__random_state': 42, 'classify__solver': 'lbfgs', 'classify__tol': 1e-08, 'impute': SimpleImputer(strategy='median'), 'select': SelectKBest(score_func=<function mutual_info_classif at 0x766691e17420>), 'select__k': 7, 'transform': None}",,,,,,451,,,,,,451,,,,,,451
0.002697626749674479,0.00279138952142213,0.0,0.0,RandomUnderSampler(random_state=42),100.0,100,2,l2,42,lbfgs,1e-08,SimpleImputer(strategy='median'),SelectKBest(score_func=<function mutual_info_classif at 0x766691e17420>),5,,"{'balance': RandomUnderSampler(random_state=42), 'classify__C': 100.0, 'classify__max_iter': 100, 'classify__n_jobs': 2, 'classify__penalty': 'l2', 'classify__random_state': 42, 'classify__solver': 'lbfgs', 'classify__tol': 1e-08, 'impute': SimpleImputer(strategy='median'), 'select': SelectKBest(score_func=<function mutual_info_classif at 0x766691e17420>), 'select__k': 5, 'transform': None}",,,,,,451,,,,,,451,,,,,,451
0.0016102790832519531,0.001461275322624828,0.0,0.0,RandomUnderSampler(random_state=42),100.0,100,2,l2,42,lbfgs,1e-08,,SelectKBest(score_func=<function mutual_info_classif at 0x766691e17420>),9,,"{'balance': RandomUnderSampler(random_state=42), 'classify__C': 100.0, 'classify__max_iter': 100, 'classify__n_jobs': 2, 'classify__penalty': 'l2', 'classify__random_state': 42, 'classify__solver': 'lbfgs', 'classify__tol': 1e-08, 'impute': None, 'select': SelectKBest(score_func=<function mutual_info_classif at 0x766691e17420>), 'select__k': 9, 'transform': None}",,,,,,451,,,,,,451,,,,,,451
0.001671155293782552,0.0014449306052417735,0.0,0.0,RandomUnderSampler(random_state=42),100.0,100,2,l2,42,lbfgs,1e-08,,SelectKBest(score_func=<function mutual_info_classif at 0x766691e17420>),7,,"{'balance': RandomUnderSampler(random_state=42), 'classify__C': 100.0, 'classify__max_iter': 100, 'classify__n_jobs': 2, 'classify__penalty': 'l2', 'classify__random_state': 42, 'classify__solver': 'lbfgs', 'classify__tol': 1e-08, 'impute': None, 'select': SelectKBest(score_func=<function mutual_info_classif at 0x766691e17420>), 'select__k': 7, 'transform': None}",,,,,,451,,,,,,451,,,,,,451
0.0005902449289957682,9.416705576636986e-05,0.0,0.0,RandomUnderSampler(random_state=42),100.0,100,2,l2,42,lbfgs,1e-08,,SelectKBest(score_func=<function mutual_info_classif at 0x766691e17420>),5,,"{'balance': RandomUnderSampler(random_state=42), 'classify__C': 100.0, 'classify__max_iter': 100, 'classify__n_jobs': 2, 'classify__penalty': 'l2', 'classify__random_state': 42, 'classify__solver': 'lbfgs', 'classify__tol': 1e-08, 'impute': None, 'select': SelectKBest(score_func=<function mutual_info_classif at 0x766691e17420>), 'select__k': 5, 'transform': None}",,,,,,451,,,,,,451,,,,,,451
0.0032654603322347007,0.003753542137630188,0.0,0.0,RandomUnderSampler(random_state=42),10.0,2000,2,l2,42,lbfgs,0.0001,SimpleImputer(strategy='median'),SelectKBest(score_func=<function mutual_info_classif at 0x766691e17420>),9,,"{'balance': RandomUnderSampler(random_state=42), 'classify__C': 10.0, 'classify__max_iter': 2000, 'classify__n_jobs': 2, 'classify__penalty': 'l2', 'classify__random_state': 42, 'classify__solver': 'lbfgs', 'classify__tol': 0.0001, 'impute': SimpleImputer(strategy='median'), 'select': SelectKBest(score_func=<function mutual_info_classif at 0x766691e17420>), 'select__k': 9, 'transform': None}",,,,,,451,,,,,,451,,,,,,451
0.0012894471486409504,0.0009205296638520974,0.0,0.0,RandomUnderSampler(random_state=42),10.0,2000,2,l2,42,lbfgs,0.0001,SimpleImputer(strategy='median'),SelectKBest(score_func=<function mutual_info_classif at 0x766691e17420>),7,,"{'balance': RandomUnderSampler(random_state=42), 'classify__C': 10.0, 'classify__max_iter': 2000, 'classify__n_jobs': 2, 'classify__penalty': 'l2', 'classify__random_state': 42, 'classify__solver': 'lbfgs', 'classify__tol': 0.0001, 'impute': SimpleImputer(strategy='median'), 'select': SelectKBest(score_func=<function mutual_info_classif at 0x766691e17420>), 'select__k': 7, 'transform': None}",,,,,,451,,,,,,451,,,,,,451
0.0006604989369710287,0.00010520183593488366,0.0,0.0,RandomUnderSampler(random_state=42),10.0,2000,2,l2,42,lbfgs,0.0001,SimpleImputer(strategy='median'),SelectKBest(score_func=<function mutual_info_classif at 0x766691e17420>),5,,"{'balance': RandomUnderSampler(random_state=42), 'classify__C': 10.0, 'classify__max_iter': 2000, 'classify__n_jobs': 2, 'classify__penalty': 'l2', 'classify__random_state': 42, 'classify__solver': 'lbfgs', 'classify__tol': 0.0001, 'impute': SimpleImputer(strategy='median'), 'select': SelectKBest(score_func=<function mutual_info_classif at 0x766691e17420>), 'select__k': 5, 'transform': None}",,,,,,451,,,,,,451,,,,,,451
0.0005698998769124349,1.0422161844242063e-05,0.0,0.0,RandomUnderSampler(random_state=42),10.0,2000,2,l2,42,lbfgs,0.0001,,SelectKBest(score_func=<function mutual_info_classif at 0x766691e17420>),9,,"{'balance': RandomUnderSampler(random_state=42), 'classify__C': 10.0, 'classify__max_iter': 2000, 'classify__n_jobs': 2, 'classify__penalty': 'l2', 'classify__random_state': 42, 'classify__solver': 'lbfgs', 'classify__tol': 0.0001, 'impute': None, 'select': SelectKBest(score_func=<function mutual_info_classif at 0x766691e17420>), 'select__k': 9, 'transform': None}",,,,,,451,,,,,,451,,,,,,451
0.0007911523183186849,1.5364387478630793e-05,0.0,0.0,RandomUnderSampler(random_state=42),100.0,200,2,l2,42,lbfgs,1e-06,SimpleImputer(strategy='median'),SelectKBest(score_func=<function mutual_info_classif at 0x766691e17420>),5,,"{'balance': RandomUnderSampler(random_state=42), 'classify__C': 100.0, 'classify__max_iter': 200, 'classify__n_jobs': 2, 'classify__penalty': 'l2', 'classify__random_state': 42, 'classify__solver': 'lbfgs', 'classify__tol': 1e-06, 'impute': SimpleImputer(strategy='median'), 'select': SelectKBest(score_func=<function mutual_info_classif at 0x766691e17420>), 'select__k': 5, 'transform': None}",,,,,,451,,,,,,451,,,,,,451
0.0047808488210042315,0.0029173294852007487,0.0,0.0,RandomUnderSampler(random_state=42),100.0,200,2,l2,42,lbfgs,1e-06,,SelectKBest(score_func=<function mutual_info_classif at 0x766691e17420>),9,,"{'balance': RandomUnderSampler(random_state=42), 'classify__C': 100.0, 'classify__max_iter': 200, 'classify__n_jobs': 2, 'classify__penalty': 'l2', 'classify__random_state': 42, 'classify__solver': 'lbfgs', 'classify__tol': 1e-06, 'impute': None, 'select': SelectKBest(score_func=<function mutual_info_classif at 0x766691e17420>), 'select__k': 9, 'transform': None}",,,,,,451,,,,,,451,,,,,,451
0.0033822059631347656,0.00388392342856821,0.0,0.0,RandomUnderSampler(random_state=42),100.0,200,2,l2,42,lbfgs,1e-06,,SelectKBest(score_func=<function mutual_info_classif at 0x766691e17420>),7,,"{'balance': RandomUnderSampler(random_state=42), 'classify__C': 100.0, 'classify__max_iter': 200, 'classify__n_jobs': 2, 'classify__penalty': 'l2', 'classify__random_state': 42, 'classify__solver': 'lbfgs', 'classify__tol': 1e-06, 'impute': None, 'select': SelectKBest(score_func=<function mutual_info_classif at 0x766691e17420>), 'select__k': 7, 'transform': None}",,,,,,451,,,,,,451,,,,,,451
0.001683950424194336,0.0014409711624317554,0.0,0.0,RandomUnderSampler(random_state=42),100.0,200,2,l2,42,lbfgs,1e-06,,SelectKBest(score_func=<function mutual_info_classif at 0x766691e17420>),5,,"{'balance': RandomUnderSampler(random_state=42), 'classify__C': 100.0, 'classify__max_iter': 200, 'classify__n_jobs': 2, 'classify__penalty': 'l2', 'classify__random_state': 42, 'classify__solver': 'lbfgs', 'classify__tol': 1e-06, 'impute': None, 'select': SelectKBest(score_func=<function mutual_info_classif at 0x766691e17420>), 'select__k': 5, 'transform': None}",,,,,,451,,,,,,451,,,,,,451
0.0006728172302246094,3.135725529210516e-05,0.0,0.0,RandomUnderSampler(random_state=42),100.0,200,2,l2,42,lbfgs,1e-08,SimpleImputer(strategy='median'),SelectKBest(score_func=<function mutual_info_classif at 0x766691e17420>),9,,"{'balance': RandomUnderSampler(random_state=42), 'classify__C': 100.0, 'classify__max_iter': 200, 'classify__n_jobs': 2, 'classify__penalty': 'l2', 'classify__random_state': 42, 'classify__solver': 'lbfgs', 'classify__tol': 1e-08, 'impute': SimpleImputer(strategy='median'), 'select': SelectKBest(score_func=<function mutual_info_classif at 0x766691e17420>), 'select__k': 9, 'transform': None}",,,,,,451,,,,,,451,,,,,,451
0.0006935596466064453,4.602569654963894e-06,0.0,0.0,RandomUnderSampler(random_state=42),100.0,200,2,l2,42,lbfgs,1e-08,SimpleImputer(strategy='median'),SelectKBest(score_func=<function mutual_info_classif at 0x766691e17420>),7,,"{'balance': RandomUnderSampler(random_state=42), 'classify__C': 100.0, 'classify__max_iter': 200, 'classify__n_jobs': 2, 'classify__penalty': 'l2', 'classify__random_state': 42, 'classify__solver': 'lbfgs', 'classify__tol': 1e-08, 'impute': SimpleImputer(strategy='median'), 'select': SelectKBest(score_func=<function mutual_info_classif at 0x766691e17420>), 'select__k': 7, 'transform': None}",,,,,,451,,,,,,451,,,,,,451
0.0007011095682779948,9.745718905292786e-06,0.0,0.0,RandomUnderSampler(random_state=42),100.0,200,2,l2,42,lbfgs,1e-08,SimpleImputer(strategy='median'),SelectKBest(score_func=<function mutual_info_classif at 0x766691e17420>),5,,"{'balance': RandomUnderSampler(random_state=42), 'classify__C': 100.0, 'classify__max_iter': 200, 'classify__n_jobs': 2, 'classify__penalty': 'l2', 'classify__random_state': 42, 'classify__solver': 'lbfgs', 'classify__tol': 1e-08, 'impute': SimpleImputer(strategy='median'), 'select': SelectKBest(score_func=<function mutual_info_classif at 0x766691e17420>), 'select__k': 5, 'transform': None}",,,,,,451,,,,,,451,,,,,,451
0.0011055469512939453,0.0007536485075878503,0.0,0.0,RandomUnderSampler(random_state=42),100.0,200,2,l2,42,lbfgs,1e-08,,SelectKBest(score_func=<function mutual_info_classif at 0x766691e17420>),9,,"{'balance': RandomUnderSampler(random_state=42), 'classify__C': 100.0, 'classify__max_iter': 200, 'classify__n_jobs': 2, 'classify__penalty': 'l2', 'classify__random_state': 42, 'classify__solver': 'lbfgs', 'classify__tol': 1e-08, 'impute': None, 'select': SelectKBest(score_func=<function mutual_info_classif at 0x766691e17420>), 'select__k': 9, 'transform': None}",,,,,,451,,,,,,451,,,,,,451
0.003739039103190104,0.0024548629289916366,0.0,0.0,RandomUnderSampler(random_state=42),100.0,200,2,l2,42,lbfgs,1e-08,,SelectKBest(score_func=<function mutual_info_classif at 0x766691e17420>),7,,"{'balance': RandomUnderSampler(random_state=42), 'classify__C': 100.0, 'classify__max_iter': 200, 'classify__n_jobs': 2, 'classify__penalty': 'l2', 'classify__random_state': 42, 'classify__solver': 'lbfgs', 'classify__tol': 1e-08, 'impute': None, 'select': SelectKBest(score_func=<function mutual_info_classif at 0x766691e17420>), 'select__k': 7, 'transform': None}",,,,,,451,,,,,,451,,,,,,451
0.0005784829457600912,5.303990315700832e-05,0.0,0.0,RandomUnderSampler(random_state=42),100.0,200,2,l2,42,lbfgs,1e-08,,SelectKBest(score_func=<function mutual_info_classif at 0x766691e17420>),5,,"{'balance': RandomUnderSampler(random_state=42), 'classify__C': 100.0, 'classify__max_iter': 200, 'classify__n_jobs': 2, 'classify__penalty': 'l2', 'classify__random_state': 42, 'classify__solver': 'lbfgs', 'classify__tol': 1e-08, 'impute': None, 'select': SelectKBest(score_func=<function mutual_info_classif at 0x766691e17420>), 'select__k': 5, 'transform': None}",,,,,,451,,,,,,451,,,,,,451
0.003649552663167318,0.004229546598245338,0.0,0.0,RandomUnderSampler(random_state=42),100.0,100,2,l2,42,lbfgs,0.0001,SimpleImputer(strategy='median'),SelectKBest(score_func=<function mutual_info_classif at 0x766691e17420>),9,,"{'balance': RandomUnderSampler(random_state=42), 'classify__C': 100.0, 'classify__max_iter': 100, 'classify__n_jobs': 2, 'classify__penalty': 'l2', 'classify__random_state': 42, 'classify__solver': 'lbfgs', 'classify__tol': 0.0001, 'impute': SimpleImputer(strategy='median'), 'select': SelectKBest(score_func=<function mutual_info_classif at 0x766691e17420>), 'select__k': 9, 'transform': None}",,,,,,451,,,,,,451,,,,,,451
0.0037202835083007812,0.004241109844282928,0.0,0.0,RandomUnderSampler(random_state=42),100.0,100,2,l2,42,lbfgs,0.0001,SimpleImputer(strategy='median'),SelectKBest(score_func=<function mutual_info_classif at 0x766691e17420>),7,,"{'balance': RandomUnderSampler(random_state=42), 'classify__C': 100.0, 'classify__max_iter': 100, 'classify__n_jobs': 2, 'classify__penalty': 'l2', 'classify__random_state': 42, 'classify__solver': 'lbfgs', 'classify__tol': 0.0001, 'impute': SimpleImputer(strategy='median'), 'select': SelectKBest(score_func=<function mutual_info_classif at 0x766691e17420>), 'select__k': 7, 'transform': None}",,,,,,451,,,,,,451,,,,,,451
0.0007469654083251953,0.00012559794799971166,0.0,0.0,RandomUnderSampler(random_state=42),100.0,100,2,l2,42,lbfgs,0.0001,SimpleImputer(strategy='median'),SelectKBest(score_func=<function mutual_info_classif at 0x766691e17420>),5,,"{'balance': RandomUnderSampler(random_state=42), 'classify__C': 100.0, 'classify__max_iter': 100, 'classify__n_jobs': 2, 'classify__penalty': 'l2', 'classify__random_state': 42, 'classify__solver': 'lbfgs', 'classify__tol': 0.0001, 'impute': SimpleImputer(strategy='median'), 'select': SelectKBest(score_func=<function mutual_info_classif at 0x766691e17420>), 'select__k': 5, 'transform': None}",,,,,,451,,,,,,451,,,,,,451
0.002612511316935221,0.002840112595063986,0.0,0.0,RandomUnderSampler(random_state=42),100.0,100,2,l2,42,lbfgs,0.0001,,SelectKBest(score_func=<function mutual_info_classif at 0x766691e17420>),9,,"{'balance': RandomUnderSampler(random_state=42), 'classify__C': 100.0, 'classify__max_iter': 100, 'classify__n_jobs': 2, 'classify__penalty': 'l2', 'classify__random_state': 42, 'classify__solver': 'lbfgs', 'classify__tol': 0.0001, 'impute': None, 'select': SelectKBest(score_func=<function mutual_info_classif at 0x766691e17420>), 'select__k': 9, 'transform': None}",,,,,,451,,,,,,451,,,,,,451
0.0006299018859863281,6.309434368683679e-05,0.0,0.0,RandomUnderSampler(random_state=42),100.0,100,2,l2,42,lbfgs,0.0001,,SelectKBest(score_func=<function mutual_info_classif at 0x766691e17420>),7,,"{'balance': RandomUnderSampler(random_state=42), 'classify__C': 100.0, 'classify__max_iter': 100, 'classify__n_jobs': 2, 'classify__penalty': 'l2', 'classify__random_state': 42, 'classify__solver': 'lbfgs', 'classify__tol': 0.0001, 'impute': None, 'select': SelectKBest(score_func=<function mutual_info_classif at 0x766691e17420>), 'select__k': 7, 'transform': None}",,,,,,451,,,,,,451,,,,,,451
0.0006339550018310547,9.649327442573576e-06,0.0,0.0,RandomUnderSampler(random_state=42),100.0,100,2,l2,42,lbfgs,0.0001,,SelectKBest(score_func=<function mutual_info_classif at 0x766691e17420>),5,,"{'balance': RandomUnderSampler(random_state=42), 'classify__C': 100.0, 'classify__max_iter': 100, 'classify__n_jobs': 2, 'classify__penalty': 'l2', 'classify__random_state': 42, 'classify__solver': 'lbfgs', 'classify__tol': 0.0001, 'impute': None, 'select': SelectKBest(score_func=<function mutual_info_classif at 0x766691e17420>), 'select__k': 5, 'transform': None}",,,,,,451,,,,,,451,,,,,,451
0.0006485780080159506,1.4054343264837346e-05,0.0,0.0,RandomUnderSampler(random_state=42),100.0,500,2,l2,42,lbfgs,1e-06,,SelectKBest(score_func=<function mutual_info_classif at 0x766691e17420>),7,,"{'balance': RandomUnderSampler(random_state=42), 'classify__C': 100.0, 'classify__max_iter': 500, 'classify__n_jobs': 2, 'classify__penalty': 'l2', 'classify__random_state': 42, 'classify__solver': 'lbfgs', 'classify__tol': 1e-06, 'impute': None, 'select': SelectKBest(score_func=<function mutual_info_classif at 0x766691e17420>), 'select__k': 7, 'transform': None}",,,,,,451,,,,,,451,,,,,,451
0.0005590120951334635,6.732087731180058e-05,0.0,0.0,RandomUnderSampler(random_state=42),100.0,500,2,l2,42,lbfgs,1e-06,,SelectKBest(score_func=<function mutual_info_classif at 0x766691e17420>),5,,"{'balance': RandomUnderSampler(random_state=42), 'classify__C': 100.0, 'classify__max_iter': 500, 'classify__n_jobs': 2, 'classify__penalty': 'l2', 'classify__random_state': 42, 'classify__solver': 'lbfgs', 'classify__tol': 1e-06, 'impute': None, 'select': SelectKBest(score_func=<function mutual_info_classif at 0x766691e17420>), 'select__k': 5, 'transform': None}",,,,,,451,,,,,,451,,,,,,451
0.0026313463846842446,0.0028722954669514566,0.0,0.0,RandomUnderSampler(random_state=42),100.0,500,2,l2,42,lbfgs,1e-08,SimpleImputer(strategy='median'),SelectKBest(score_func=<function mutual_info_classif at 0x766691e17420>),9,,"{'balance': RandomUnderSampler(random_state=42), 'classify__C': 100.0, 'classify__max_iter': 500, 'classify__n_jobs': 2, 'classify__penalty': 'l2', 'classify__random_state': 42, 'classify__solver': 'lbfgs', 'classify__tol': 1e-08, 'impute': SimpleImputer(strategy='median'), 'select': SelectKBest(score_func=<function mutual_info_classif at 0x766691e17420>), 'select__k': 9, 'transform': None}",,,,,,451,,,,,,451,,,,,,451
0.002617994944254557,0.0028800446549168504,0.0,0.0,RandomUnderSampler(random_state=42),100.0,500,2,l2,42,lbfgs,1e-08,SimpleImputer(strategy='median'),SelectKBest(score_func=<function mutual_info_classif at 0x766691e17420>),7,,"{'balance': RandomUnderSampler(random_state=42), 'classify__C': 100.0, 'classify__max_iter': 500, 'classify__n_jobs': 2, 'classify__penalty': 'l2', 'classify__random_state': 42, 'classify__solver': 'lbfgs', 'classify__tol': 1e-08, 'impute': SimpleImputer(strategy='median'), 'select': SelectKBest(score_func=<function mutual_info_classif at 0x766691e17420>), 'select__k': 7, 'transform': None}",,,,,,451,,,,,,451,,,,,,451
0.0026453336079915366,0.0029003373387726833,0.0,0.0,RandomUnderSampler(random_state=42),100.0,500,2,l2,42,lbfgs,1e-08,SimpleImputer(strategy='median'),SelectKBest(score_func=<function mutual_info_classif at 0x766691e17420>),5,,"{'balance': RandomUnderSampler(random_state=42), 'classify__C': 100.0, 'classify__max_iter': 500, 'classify__n_jobs': 2, 'classify__penalty': 'l2', 'classify__random_state': 42, 'classify__solver': 'lbfgs', 'classify__tol': 1e-08, 'impute': SimpleImputer(strategy='median'), 'select': SelectKBest(score_func=<function mutual_info_classif at 0x766691e17420>), 'select__k': 5, 'transform': None}",,,,,,451,,,,,,451,,,,,,451
0.0045786698659261065,0.0028556048584429923,0.0,0.0,RandomUnderSampler(random_state=42),100.0,500,2,l2,42,lbfgs,1e-08,,SelectKBest(score_func=<function mutual_info_classif at 0x766691e17420>),9,,"{'balance': RandomUnderSampler(random_state=42), 'classify__C': 100.0, 'classify__max_iter': 500, 'classify__n_jobs': 2, 'classify__penalty': 'l2', 'classify__random_state': 42, 'classify__solver': 'lbfgs', 'classify__tol': 1e-08, 'impute': None, 'select': SelectKBest(score_func=<function mutual_info_classif at 0x766691e17420>), 'select__k': 9, 'transform': None}",,,,,,451,,,,,,451,,,,,,451
0.0005702177683512369,3.649509325090379e-05,0.0,0.0,RandomUnderSampler(random_state=42),100.0,500,2,l2,42,lbfgs,1e-08,,SelectKBest(score_func=<function mutual_info_classif at 0x766691e17420>),7,,"{'balance': RandomUnderSampler(random_state=42), 'classify__C': 100.0, 'classify__max_iter': 500, 'classify__n_jobs': 2, 'classify__penalty': 'l2', 'classify__random_state': 42, 'classify__solver': 'lbfgs', 'classify__tol': 1e-08, 'impute': None, 'select': SelectKBest(score_func=<function mutual_info_classif at 0x766691e17420>), 'select__k': 7, 'transform': None}",,,,,,451,,,,,,451,,,,,,451
0.002582073211669922,0.0028311221557357825,0.0,0.0,RandomUnderSampler(random_state=42),100.0,500,2,l2,42,lbfgs,1e-08,,SelectKBest(score_func=<function mutual_info_classif at 0x766691e17420>),5,,"{'balance': RandomUnderSampler(random_state=42), 'classify__C': 100.0, 'classify__max_iter': 500, 'classify__n_jobs': 2, 'classify__penalty': 'l2', 'classify__random_state': 42, 'classify__solver': 'lbfgs', 'classify__tol': 1e-08, 'impute': None, 'select': SelectKBest(score_func=<function mutual_info_classif at 0x766691e17420>), 'select__k': 5, 'transform': None}",,,,,,451,,,,,,451,,,,,,451
0.002704779307047526,0.0028995917269426974,0.0,0.0,RandomUnderSampler(random_state=42),100.0,200,2,l2,42,lbfgs,0.0001,SimpleImputer(strategy='median'),SelectKBest(score_func=<function mutual_info_classif at 0x766691e17420>),9,,"{'balance': RandomUnderSampler(random_state=42), 'classify__C': 100.0, 'classify__max_iter': 200, 'classify__n_jobs': 2, 'classify__penalty': 'l2', 'classify__random_state': 42, 'classify__solver': 'lbfgs', 'classify__tol': 0.0001, 'impute': SimpleImputer(strategy='median'), 'select': SelectKBest(score_func=<function mutual_info_classif at 0x766691e17420>), 'select__k': 9, 'transform': None}",,,,,,451,,,,,,451,,,,,,451
0.002694368362426758,0.002884736097633006,0.0,0.0,RandomUnderSampler(random_state=42),100.0,200,2,l2,42,lbfgs,0.0001,SimpleImputer(strategy='median'),SelectKBest(score_func=<function mutual_info_classif at 0x766691e17420>),7,,"{'balance': RandomUnderSampler(random_state=42), 'classify__C': 100.0, 'classify__max_iter': 200, 'classify__n_jobs': 2, 'classify__penalty': 'l2', 'classify__random_state': 42, 'classify__solver': 'lbfgs', 'classify__tol': 0.0001, 'impute': SimpleImputer(strategy='median'), 'select': SelectKBest(score_func=<function mutual_info_classif at 0x766691e17420>), 'select__k': 7, 'transform': None}",,,,,,451,,,,,,451,,,,,,451
0.0027621587117513022,0.002874698817399548,0.0,0.0,RandomUnderSampler(random_state=42),100.0,200,2,l2,42,lbfgs,0.0001,SimpleImputer(strategy='median'),SelectKBest(score_func=<function mutual_info_classif at 0x766691e17420>),5,,"{'balance': RandomUnderSampler(random_state=42), 'classify__C': 100.0, 'classify__max_iter': 200, 'classify__n_jobs': 2, 'classify__penalty': 'l2', 'classify__random_state': 42, 'classify__solver': 'lbfgs', 'classify__tol': 0.0001, 'impute': SimpleImputer(strategy='median'), 'select': SelectKBest(score_func=<function mutual_info_classif at 0x766691e17420>), 'select__k': 5, 'transform': None}",,,,,,451,,,,,,451,,,,,,451
0.0005943775177001953,6.219846783345126e-05,0.0,0.0,RandomUnderSampler(random_state=42),100.0,200,2,l2,42,lbfgs,0.0001,,SelectKBest(score_func=<function mutual_info_classif at 0x766691e17420>),9,,"{'balance': RandomUnderSampler(random_state=42), 'classify__C': 100.0, 'classify__max_iter': 200, 'classify__n_jobs': 2, 'classify__penalty': 'l2', 'classify__random_state': 42, 'classify__solver': 'lbfgs', 'classify__tol': 0.0001, 'impute': None, 'select': SelectKBest(score_func=<function mutual_info_classif at 0x766691e17420>), 'select__k': 9, 'transform': None}",,,,,,451,,,,,,451,,,,,,451
0.0026814937591552734,0.002889978215891523,0.0,0.0,RandomUnderSampler(random_state=42),100.0,200,2,l2,42,lbfgs,0.0001,,SelectKBest(score_func=<function mutual_info_classif at 0x766691e17420>),7,,"{'balance': RandomUnderSampler(random_state=42), 'classify__C': 100.0, 'classify__max_iter': 200, 'classify__n_jobs': 2, 'classify__penalty': 'l2', 'classify__random_state': 42, 'classify__solver': 'lbfgs', 'classify__tol': 0.0001, 'impute': None, 'select': SelectKBest(score_func=<function mutual_info_classif at 0x766691e17420>), 'select__k': 7, 'transform': None}",,,,,,451,,,,,,451,,,,,,451
0.002698183059692383,0.0029185851279854066,0.0,0.0,RandomUnderSampler(random_state=42),100.0,200,2,l2,42,lbfgs,0.0001,,SelectKBest(score_func=<function mutual_info_classif at 0x766691e17420>),5,,"{'balance': RandomUnderSampler(random_state=42), 'classify__C': 100.0, 'classify__max_iter': 200, 'classify__n_jobs': 2, 'classify__penalty': 'l2', 'classify__random_state': 42, 'classify__solver': 'lbfgs', 'classify__tol': 0.0001, 'impute': None, 'select': SelectKBest(score_func=<function mutual_info_classif at 0x766691e17420>), 'select__k': 5, 'transform': None}",,,,,,451,,,,,,451,,,,,,451
0.0007297992706298828,1.1230164675811572e-05,0.0,0.0,RandomUnderSampler(random_state=42),100.0,200,2,l2,42,lbfgs,1e-06,SimpleImputer(strategy='median'),SelectKBest(score_func=<function mutual_info_classif at 0x766691e17420>),9,,"{'balance': RandomUnderSampler(random_state=42), 'classify__C': 100.0, 'classify__max_iter': 200, 'classify__n_jobs': 2, 'classify__penalty': 'l2', 'classify__random_state': 42, 'classify__solver': 'lbfgs', 'classify__tol': 1e-06, 'impute': SimpleImputer(strategy='median'), 'select': SelectKBest(score_func=<function mutual_info_classif at 0x766691e17420>), 'select__k': 9, 'transform': None}",,,,,,451,,,,,,451,,,,,,451
0.004885037740071614,0.002913625662628777,0.0,0.0,RandomUnderSampler(random_state=42),100.0,200,2,l2,42,lbfgs,1e-06,SimpleImputer(strategy='median'),SelectKBest(score_func=<function mutual_info_classif at 0x766691e17420>),7,,"{'balance': RandomUnderSampler(random_state=42), 'classify__C': 100.0, 'classify__max_iter': 200, 'classify__n_jobs': 2, 'classify__penalty': 'l2', 'classify__random_state': 42, 'classify__solver': 'lbfgs', 'classify__tol': 1e-06, 'impute': SimpleImputer(strategy='median'), 'select': SelectKBest(score_func=<function mutual_info_classif at 0x766691e17420>), 'select__k': 7, 'transform': None}",,,,,,451,,,,,,451,,,,,,451
0.0007446606953938802,1.6254871354024725e-05,0.0,0.0,RandomUnderSampler(random_state=42),100.0,1000,2,l2,42,lbfgs,1e-08,SimpleImputer(strategy='median'),SelectKBest(score_func=<function mutual_info_classif at 0x766691e17420>),9,,"{'balance': RandomUnderSampler(random_state=42), 'classify__C': 100.0, 'classify__max_iter': 1000, 'classify__n_jobs': 2, 'classify__penalty': 'l2', 'classify__random_state': 42, 'classify__solver': 'lbfgs', 'classify__tol': 1e-08, 'impute': SimpleImputer(strategy='median'), 'select': SelectKBest(score_func=<function mutual_info_classif at 0x766691e17420>), 'select__k': 9, 'transform': None}",,,,,,451,,,,,,451,,,,,,451
0.002664327621459961,0.002778320499353746,0.0,0.0,RandomUnderSampler(random_state=42),100.0,1000,2,l2,42,lbfgs,1e-08,SimpleImputer(strategy='median'),SelectKBest(score_func=<function mutual_info_classif at 0x766691e17420>),7,,"{'balance': RandomUnderSampler(random_state=42), 'classify__C': 100.0, 'classify__max_iter': 1000, 'classify__n_jobs': 2, 'classify__penalty': 'l2', 'classify__random_state': 42, 'classify__solver': 'lbfgs', 'classify__tol': 1e-08, 'impute': SimpleImputer(strategy='median'), 'select': SelectKBest(score_func=<function mutual_info_classif at 0x766691e17420>), 'select__k': 7, 'transform': None}",,,,,,451,,,,,,451,,,,,,451
0.0006968975067138672,1.7423597571376834e-05,0.0,0.0,RandomUnderSampler(random_state=42),100.0,1000,2,l2,42,lbfgs,1e-08,SimpleImputer(strategy='median'),SelectKBest(score_func=<function mutual_info_classif at 0x766691e17420>),5,,"{'balance': RandomUnderSampler(random_state=42), 'classify__C': 100.0, 'classify__max_iter': 1000, 'classify__n_jobs': 2, 'classify__penalty': 'l2', 'classify__random_state': 42, 'classify__solver': 'lbfgs', 'classify__tol': 1e-08, 'impute': SimpleImputer(strategy='median'), 'select': SelectKBest(score_func=<function mutual_info_classif at 0x766691e17420>), 'select__k': 5, 'transform': None}",,,,,,451,,,,,,451,,,,,,451
0.0006212393442789713,6.458176020945242e-05,0.0,0.0,RandomUnderSampler(random_state=42),100.0,1000,2,l2,42,lbfgs,1e-08,,SelectKBest(score_func=<function mutual_info_classif at 0x766691e17420>),9,,"{'balance': RandomUnderSampler(random_state=42), 'classify__C': 100.0, 'classify__max_iter': 1000, 'classify__n_jobs': 2, 'classify__penalty': 'l2', 'classify__random_state': 42, 'classify__solver': 'lbfgs', 'classify__tol': 1e-08, 'impute': None, 'select': SelectKBest(score_func=<function mutual_info_classif at 0x766691e17420>), 'select__k': 9, 'transform': None}",,,,,,451,,,,,,451,,,,,,451
0.0006222724914550781,3.666430232300844e-05,0.0,0.0,RandomUnderSampler(random_state=42),100.0,1000,2,l2,42,lbfgs,1e-08,,SelectKBest(score_func=<function mutual_info_classif at 0x766691e17420>),7,,"{'balance': RandomUnderSampler(random_state=42), 'classify__C': 100.0, 'classify__max_iter': 1000, 'classify__n_jobs': 2, 'classify__penalty': 'l2', 'classify__random_state': 42, 'classify__solver': 'lbfgs', 'classify__tol': 1e-08, 'impute': None, 'select': SelectKBest(score_func=<function mutual_info_classif at 0x766691e17420>), 'select__k': 7, 'transform': None}",,,,,,451,,,,,,451,,,,,,451
0.0006276766459147135,8.870395908538483e-06,0.0,0.0,RandomUnderSampler(random_state=42),100.0,1000,2,l2,42,lbfgs,1e-08,,SelectKBest(score_func=<function mutual_info_classif at 0x766691e17420>),5,,"{'balance': RandomUnderSampler(random_state=42), 'classify__C': 100.0, 'classify__max_iter': 1000, 'classify__n_jobs': 2, 'classify__penalty': 'l2', 'classify__random_state': 42, 'classify__solver': 'lbfgs', 'classify__tol': 1e-08, 'impute': None, 'select': SelectKBest(score_func=<function mutual_info_classif at 0x766691e17420>), 'select__k': 5, 'transform': None}",,,,,,451,,,,,,451,,,,,,451
0.0006824334462483724,1.1418123275082367e-05,0.0,0.0,RandomUnderSampler(random_state=42),100.0,500,2,l2,42,lbfgs,0.0001,SimpleImputer(strategy='median'),SelectKBest(score_func=<function mutual_info_classif at 0x766691e17420>),9,,"{'balance': RandomUnderSampler(random_state=42), 'classify__C': 100.0, 'classify__max_iter': 500, 'classify__n_jobs': 2, 'classify__penalty': 'l2', 'classify__random_state': 42, 'classify__solver': 'lbfgs', 'classify__tol': 0.0001, 'impute': SimpleImputer(strategy='median'), 'select': SelectKBest(score_func=<function mutual_info_classif at 0x766691e17420>), 'select__k': 9, 'transform': None}",,,,,,451,,,,,,451,,,,,,451
0.0006308555603027344,1.7235536167075937e-05,0.0,0.0,RandomUnderSampler(random_state=42),100.0,500,2,l2,42,lbfgs,0.0001,SimpleImputer(strategy='median'),SelectKBest(score_func=<function mutual_info_classif at 0x766691e17420>),7,,"{'balance': RandomUnderSampler(random_state=42), 'classify__C': 100.0, 'classify__max_iter': 500, 'classify__n_jobs': 2, 'classify__penalty': 'l2', 'classify__random_state': 42, 'classify__solver': 'lbfgs', 'classify__tol': 0.0001, 'impute': SimpleImputer(strategy='median'), 'select': SelectKBest(score_func=<function mutual_info_classif at 0x766691e17420>), 'select__k': 7, 'transform': None}",,,,,,451,,,,,,451,,,,,,451
0.0014920234680175781,0.0012672892371088258,0.0,0.0,RandomUnderSampler(random_state=42),100.0,500,2,l2,42,lbfgs,0.0001,SimpleImputer(strategy='median'),SelectKBest(score_func=<function mutual_info_classif at 0x766691e17420>),5,,"{'balance': RandomUnderSampler(random_state=42), 'classify__C': 100.0, 'classify__max_iter': 500, 'classify__n_jobs': 2, 'classify__penalty': 'l2', 'classify__random_state': 42, 'classify__solver': 'lbfgs', 'classify__tol': 0.0001, 'impute': SimpleImputer(strategy='median'), 'select': SelectKBest(score_func=<function mutual_info_classif at 0x766691e17420>), 'select__k': 5, 'transform': None}",,,,,,451,,,,,,451,,,,,,451
0.002576033274332682,0.002893526066452363,0.0,0.0,RandomUnderSampler(random_state=42),100.0,500,2,l2,42,lbfgs,0.0001,,SelectKBest(score_func=<function mutual_info_classif at 0x766691e17420>),9,,"{'balance': RandomUnderSampler(random_state=42), 'classify__C': 100.0, 'classify__max_iter': 500, 'classify__n_jobs': 2, 'classify__penalty': 'l2', 'classify__random_state': 42, 'classify__solver': 'lbfgs', 'classify__tol': 0.0001, 'impute': None, 'select': SelectKBest(score_func=<function mutual_info_classif at 0x766691e17420>), 'select__k': 9, 'transform': None}",,,,,,451,,,,,,451,,,,,,451
0.0005637804667154948,2.0859771222236746e-05,0.0,0.0,RandomUnderSampler(random_state=42),100.0,500,2,l2,42,lbfgs,0.0001,,SelectKBest(score_func=<function mutual_info_classif at 0x766691e17420>),7,,"{'balance': RandomUnderSampler(random_state=42), 'classify__C': 100.0, 'classify__max_iter': 500, 'classify__n_jobs': 2, 'classify__penalty': 'l2', 'classify__random_state': 42, 'classify__solver': 'lbfgs', 'classify__tol': 0.0001, 'impute': None, 'select': SelectKBest(score_func=<function mutual_info_classif at 0x766691e17420>), 'select__k': 7, 'transform': None}",,,,,,451,,,,,,451,,,,,,451
0.0025982062021891275,0.0028870327762076267,0.0,0.0,RandomUnderSampler(random_state=42),100.0,500,2,l2,42,lbfgs,0.0001,,SelectKBest(score_func=<function mutual_info_classif at 0x766691e17420>),5,,"{'balance': RandomUnderSampler(random_state=42), 'classify__C': 100.0, 'classify__max_iter': 500, 'classify__n_jobs': 2, 'classify__penalty': 'l2', 'classify__random_state': 42, 'classify__solver': 'lbfgs', 'classify__tol': 0.0001, 'impute': None, 'select': SelectKBest(score_func=<function mutual_info_classif at 0x766691e17420>), 'select__k': 5, 'transform': None}",,,,,,451,,,,,,451,,,,,,451
0.0026901563008626304,0.0028920908437508855,0.0,0.0,RandomUnderSampler(random_state=42),100.0,500,2,l2,42,lbfgs,1e-06,SimpleImputer(strategy='median'),SelectKBest(score_func=<function mutual_info_classif at 0x766691e17420>),9,,"{'balance': RandomUnderSampler(random_state=42), 'classify__C': 100.0, 'classify__max_iter': 500, 'classify__n_jobs': 2, 'classify__penalty': 'l2', 'classify__random_state': 42, 'classify__solver': 'lbfgs', 'classify__tol': 1e-06, 'impute': SimpleImputer(strategy='median'), 'select': SelectKBest(score_func=<function mutual_info_classif at 0x766691e17420>), 'select__k': 9, 'transform': None}",,,,,,451,,,,,,451,,,,,,451
0.0006844997406005859,6.483962642210345e-05,0.0,0.0,RandomUnderSampler(random_state=42),100.0,500,2,l2,42,lbfgs,1e-06,SimpleImputer(strategy='median'),SelectKBest(score_func=<function mutual_info_classif at 0x766691e17420>),7,,"{'balance': RandomUnderSampler(random_state=42), 'classify__C': 100.0, 'classify__max_iter': 500, 'classify__n_jobs': 2, 'classify__penalty': 'l2', 'classify__random_state': 42, 'classify__solver': 'lbfgs', 'classify__tol': 1e-06, 'impute': SimpleImputer(strategy='median'), 'select': SelectKBest(score_func=<function mutual_info_classif at 0x766691e17420>), 'select__k': 7, 'transform': None}",,,,,,451,,,,,,451,,,,,,451
0.0006748835245768229,1.287215017174001e-05,0.0,0.0,RandomUnderSampler(random_state=42),100.0,500,2,l2,42,lbfgs,1e-06,SimpleImputer(strategy='median'),SelectKBest(score_func=<function mutual_info_classif at 0x766691e17420>),5,,"{'balance': RandomUnderSampler(random_state=42), 'classify__C': 100.0, 'classify__max_iter': 500, 'classify__n_jobs': 2, 'classify__penalty': 'l2', 'classify__random_state': 42, 'classify__solver': 'lbfgs', 'classify__tol': 1e-06, 'impute': SimpleImputer(strategy='median'), 'select': SelectKBest(score_func=<function mutual_info_classif at 0x766691e17420>), 'select__k': 5, 'transform': None}",,,,,,451,,,,,,451,,,,,,451
0.0006046295166015625,2.7444729831395317e-05,0.0,0.0,RandomUnderSampler(random_state=42),100.0,500,2,l2,42,lbfgs,1e-06,,SelectKBest(score_func=<function mutual_info_classif at 0x766691e17420>),9,,"{'balance': RandomUnderSampler(random_state=42), 'classify__C': 100.0, 'classify__max_iter': 500, 'classify__n_jobs': 2, 'classify__penalty': 'l2', 'classify__random_state': 42, 'classify__solver': 'lbfgs', 'classify__tol': 1e-06, 'impute': None, 'select': SelectKBest(score_func=<function mutual_info_classif at 0x766691e17420>), 'select__k': 9, 'transform': None}",,,,,,451,,,,,,451,,,,,,451
0.0006755193074544271,5.901564878136255e-05,0.0,0.0,RandomUnderSampler(random_state=42),100.0,2000,2,l2,42,lbfgs,1e-08,SimpleImputer(strategy='median'),SelectKBest(score_func=<function mutual_info_classif at 0x766691e17420>),5,,"{'balance': RandomUnderSampler(random_state=42), 'classify__C': 100.0, 'classify__max_iter': 2000, 'classify__n_jobs': 2, 'classify__penalty': 'l2', 'classify__random_state': 42, 'classify__solver': 'lbfgs', 'classify__tol': 1e-08, 'impute': SimpleImputer(strategy='median'), 'select': SelectKBest(score_func=<function mutual_info_classif at 0x766691e17420>), 'select__k': 5, 'transform': None}",,,,,,451,,,,,,451,,,,,,451
0.0006013711293538412,5.773351826641388e-05,0.0,0.0,RandomUnderSampler(random_state=42),100.0,2000,2,l2,42,lbfgs,1e-08,,SelectKBest(score_func=<function mutual_info_classif at 0x766691e17420>),9,,"{'balance': RandomUnderSampler(random_state=42), 'classify__C': 100.0, 'classify__max_iter': 2000, 'classify__n_jobs': 2, 'classify__penalty': 'l2', 'classify__random_state': 42, 'classify__solver': 'lbfgs', 'classify__tol': 1e-08, 'impute': None, 'select': SelectKBest(score_func=<function mutual_info_classif at 0x766691e17420>), 'select__k': 9, 'transform': None}",,,,,,451,,,,,,451,,,,,,451
0.0025423367818196616,0.0028107697284054825,0.0,0.0,RandomUnderSampler(random_state=42),100.0,2000,2,l2,42,lbfgs,1e-08,,SelectKBest(score_func=<function mutual_info_classif at 0x766691e17420>),7,,"{'balance': RandomUnderSampler(random_state=42), 'classify__C': 100.0, 'classify__max_iter': 2000, 'classify__n_jobs': 2, 'classify__penalty': 'l2', 'classify__random_state': 42, 'classify__solver': 'lbfgs', 'classify__tol': 1e-08, 'impute': None, 'select': SelectKBest(score_func=<function mutual_info_classif at 0x766691e17420>), 'select__k': 7, 'transform': None}",,,,,,451,,,,,,451,,,,,,451
0.0005726814270019531,7.807932429008663e-05,0.0,0.0,RandomUnderSampler(random_state=42),100.0,2000,2,l2,42,lbfgs,1e-08,,SelectKBest(score_func=<function mutual_info_classif at 0x766691e17420>),5,,"{'balance': RandomUnderSampler(random_state=42), 'classify__C': 100.0, 'classify__max_iter': 2000, 'classify__n_jobs': 2, 'classify__penalty': 'l2', 'classify__random_state': 42, 'classify__solver': 'lbfgs', 'classify__tol': 1e-08, 'impute': None, 'select': SelectKBest(score_func=<function mutual_info_classif at 0x766691e17420>), 'select__k': 5, 'transform': None}",,,,,,451,,,,,,451,,,,,,451
0.0026940504709879556,0.0028378418033783008,0.0,0.0,RandomUnderSampler(random_state=42),100.0,1000,2,l2,42,lbfgs,0.0001,SimpleImputer(strategy='median'),SelectKBest(score_func=<function mutual_info_classif at 0x766691e17420>),9,,"{'balance': RandomUnderSampler(random_state=42), 'classify__C': 100.0, 'classify__max_iter': 1000, 'classify__n_jobs': 2, 'classify__penalty': 'l2', 'classify__random_state': 42, 'classify__solver': 'lbfgs', 'classify__tol': 0.0001, 'impute': SimpleImputer(strategy='median'), 'select': SelectKBest(score_func=<function mutual_info_classif at 0x766691e17420>), 'select__k': 9, 'transform': None}",,,,,,451,,,,,,451,,,,,,451
0.0030732154846191406,0.0032680766188909545,0.0,0.0,RandomUnderSampler(random_state=42),100.0,1000,2,l2,42,lbfgs,0.0001,SimpleImputer(strategy='median'),SelectKBest(score_func=<function mutual_info_classif at 0x766691e17420>),7,,"{'balance': RandomUnderSampler(random_state=42), 'classify__C': 100.0, 'classify__max_iter': 1000, 'classify__n_jobs': 2, 'classify__penalty': 'l2', 'classify__random_state': 42, 'classify__solver': 'lbfgs', 'classify__tol': 0.0001, 'impute': SimpleImputer(strategy='median'), 'select': SelectKBest(score_func=<function mutual_info_classif at 0x766691e17420>), 'select__k': 7, 'transform': None}",,,,,,451,,,,,,451,,,,,,451
0.0036423206329345703,0.0042180954507063766,0.0,0.0,RandomUnderSampler(random_state=42),100.0,1000,2,l2,42,lbfgs,0.0001,SimpleImputer(strategy='median'),SelectKBest(score_func=<function mutual_info_classif at 0x766691e17420>),5,,"{'balance': RandomUnderSampler(random_state=42), 'classify__C': 100.0, 'classify__max_iter': 1000, 'classify__n_jobs': 2, 'classify__penalty': 'l2', 'classify__random_state': 42, 'classify__solver': 'lbfgs', 'classify__tol': 0.0001, 'impute': SimpleImputer(strategy='median'), 'select': SelectKBest(score_func=<function mutual_info_classif at 0x766691e17420>), 'select__k': 5, 'transform': None}",,,,,,451,,,,,,451,,,,,,451
0.0027735233306884766,0.001604533525968235,0.0,0.0,RandomUnderSampler(random_state=42),100.0,1000,2,l2,42,lbfgs,0.0001,,SelectKBest(score_func=<function mutual_info_classif at 0x766691e17420>),9,,"{'balance': RandomUnderSampler(random_state=42), 'classify__C': 100.0, 'classify__max_iter': 1000, 'classify__n_jobs': 2, 'classify__penalty': 'l2', 'classify__random_state': 42, 'classify__solver': 'lbfgs', 'classify__tol': 0.0001, 'impute': None, 'select': SelectKBest(score_func=<function mutual_info_classif at 0x766691e17420>), 'select__k': 9, 'transform': None}",,,,,,451,,,,,,451,,,,,,451
0.0006452401479085287,3.949425332135588e-05,0.0,0.0,RandomUnderSampler(random_state=42),100.0,1000,2,l2,42,lbfgs,0.0001,,SelectKBest(score_func=<function mutual_info_classif at 0x766691e17420>),7,,"{'balance': RandomUnderSampler(random_state=42), 'classify__C': 100.0, 'classify__max_iter': 1000, 'classify__n_jobs': 2, 'classify__penalty': 'l2', 'classify__random_state': 42, 'classify__solver': 'lbfgs', 'classify__tol': 0.0001, 'impute': None, 'select': SelectKBest(score_func=<function mutual_info_classif at 0x766691e17420>), 'select__k': 7, 'transform': None}",,,,,,451,,,,,,451,,,,,,451
0.0005849202473958334,6.060783901345947e-05,0.0,0.0,RandomUnderSampler(random_state=42),100.0,1000,2,l2,42,lbfgs,0.0001,,SelectKBest(score_func=<function mutual_info_classif at 0x766691e17420>),5,,"{'balance': RandomUnderSampler(random_state=42), 'classify__C': 100.0, 'classify__max_iter': 1000, 'classify__n_jobs': 2, 'classify__penalty': 'l2', 'classify__random_state': 42, 'classify__solver': 'lbfgs', 'classify__tol': 0.0001, 'impute': None, 'select': SelectKBest(score_func=<function mutual_info_classif at 0x766691e17420>), 'select__k': 5, 'transform': None}",,,,,,451,,,,,,451,,,,,,451
0.0006792545318603516,7.488924541269435e-05,0.0,0.0,RandomUnderSampler(random_state=42),100.0,1000,2,l2,42,lbfgs,1e-06,SimpleImputer(strategy='median'),SelectKBest(score_func=<function mutual_info_classif at 0x766691e17420>),9,,"{'balance': RandomUnderSampler(random_state=42), 'classify__C': 100.0, 'classify__max_iter': 1000, 'classify__n_jobs': 2, 'classify__penalty': 'l2', 'classify__random_state': 42, 'classify__solver': 'lbfgs', 'classify__tol': 1e-06, 'impute': SimpleImputer(strategy='median'), 'select': SelectKBest(score_func=<function mutual_info_classif at 0x766691e17420>), 'select__k': 9, 'transform': None}",,,,,,451,,,,,,451,,,,,,451
0.00262300173441569,0.002848730078520046,0.0,0.0,RandomUnderSampler(random_state=42),100.0,1000,2,l2,42,lbfgs,1e-06,SimpleImputer(strategy='median'),SelectKBest(score_func=<function mutual_info_classif at 0x766691e17420>),7,,"{'balance': RandomUnderSampler(random_state=42), 'classify__C': 100.0, 'classify__max_iter': 1000, 'classify__n_jobs': 2, 'classify__penalty': 'l2', 'classify__random_state': 42, 'classify__solver': 'lbfgs', 'classify__tol': 1e-06, 'impute': SimpleImputer(strategy='median'), 'select': SelectKBest(score_func=<function mutual_info_classif at 0x766691e17420>), 'select__k': 7, 'transform': None}",,,,,,451,,,,,,451,,,,,,451
0.0005887349446614584,3.0547572667724064e-05,0.0,0.0,RandomUnderSampler(random_state=42),100.0,1000,2,l2,42,lbfgs,1e-06,SimpleImputer(strategy='median'),SelectKBest(score_func=<function mutual_info_classif at 0x766691e17420>),5,,"{'balance': RandomUnderSampler(random_state=42), 'classify__C': 100.0, 'classify__max_iter': 1000, 'classify__n_jobs': 2, 'classify__penalty': 'l2', 'classify__random_state': 42, 'classify__solver': 'lbfgs', 'classify__tol': 1e-06, 'impute': SimpleImputer(strategy='median'), 'select': SelectKBest(score_func=<function mutual_info_classif at 0x766691e17420>), 'select__k': 5, 'transform': None}",,,,,,451,,,,,,451,,,,,,451
0.0006206035614013672,4.779009079926631e-05,0.0,0.0,RandomUnderSampler(random_state=42),100.0,1000,2,l2,42,lbfgs,1e-06,,SelectKBest(score_func=<function mutual_info_classif at 0x766691e17420>),9,,"{'balance': RandomUnderSampler(random_state=42), 'classify__C': 100.0, 'classify__max_iter': 1000, 'classify__n_jobs': 2, 'classify__penalty': 'l2', 'classify__random_state': 42, 'classify__solver': 'lbfgs', 'classify__tol': 1e-06, 'impute': None, 'select': SelectKBest(score_func=<function mutual_info_classif at 0x766691e17420>), 'select__k': 9, 'transform': None}",,,,,,451,,,,,,451,,,,,,451
0.0005984306335449219,6.55163959679553e-05,0.0,0.0,RandomUnderSampler(random_state=42),100.0,1000,2,l2,42,lbfgs,1e-06,,SelectKBest(score_func=<function mutual_info_classif at 0x766691e17420>),7,,"{'balance': RandomUnderSampler(random_state=42), 'classify__C': 100.0, 'classify__max_iter': 1000, 'classify__n_jobs': 2, 'classify__penalty': 'l2', 'classify__random_state': 42, 'classify__solver': 'lbfgs', 'classify__tol': 1e-06, 'impute': None, 'select': SelectKBest(score_func=<function mutual_info_classif at 0x766691e17420>), 'select__k': 7, 'transform': None}",,,,,,451,,,,,,451,,,,,,451
0.002602656682332357,0.0028333357010178325,0.0,0.0,RandomUnderSampler(random_state=42),100.0,1000,2,l2,42,lbfgs,1e-06,,SelectKBest(score_func=<function mutual_info_classif at 0x766691e17420>),5,,"{'balance': RandomUnderSampler(random_state=42), 'classify__C': 100.0, 'classify__max_iter': 1000, 'classify__n_jobs': 2, 'classify__penalty': 'l2', 'classify__random_state': 42, 'classify__solver': 'lbfgs', 'classify__tol': 1e-06, 'impute': None, 'select': SelectKBest(score_func=<function mutual_info_classif at 0x766691e17420>), 'select__k': 5, 'transform': None}",,,,,,451,,,,,,451,,,,,,451
0.0005729198455810547,5.581133994749237e-05,0.0,0.0,SMOTE(random_state=42),0.01,100,2,l2,42,lbfgs,1e-08,,SelectKBest(score_func=<function mutual_info_classif at 0x766691e17420>),7,,"{'balance': SMOTE(random_state=42), 'classify__C': 0.01, 'classify__max_iter': 100, 'classify__n_jobs': 2, 'classify__penalty': 'l2', 'classify__random_state': 42, 'classify__solver': 'lbfgs', 'classify__tol': 1e-08, 'impute': None, 'select': SelectKBest(score_func=<function mutual_info_classif at 0x766691e17420>), 'select__k': 7, 'transform': None}",,,,,,451,,,,,,451,,,,,,451
0.0005636215209960938,2.7010485617111438e-05,0.0,0.0,SMOTE(random_state=42),0.01,100,2,l2,42,lbfgs,1e-08,,SelectKBest(score_func=<function mutual_info_classif at 0x766691e17420>),5,,"{'balance': SMOTE(random_state=42), 'classify__C': 0.01, 'classify__max_iter': 100, 'classify__n_jobs': 2, 'classify__penalty': 'l2', 'classify__random_state': 42, 'classify__solver': 'lbfgs', 'classify__tol': 1e-08, 'impute': None, 'select': SelectKBest(score_func=<function mutual_info_classif at 0x766691e17420>), 'select__k': 5, 'transform': None}",,,,,,451,,,,,,451,,,,,,451
0.0006594657897949219,5.90145785579848e-05,0.0,0.0,RandomUnderSampler(random_state=42),100.0,2000,2,l2,42,lbfgs,0.0001,SimpleImputer(strategy='median'),SelectKBest(score_func=<function mutual_info_classif at 0x766691e17420>),9,,"{'balance': RandomUnderSampler(random_state=42), 'classify__C': 100.0, 'classify__max_iter': 2000, 'classify__n_jobs': 2, 'classify__penalty': 'l2', 'classify__random_state': 42, 'classify__solver': 'lbfgs', 'classify__tol': 0.0001, 'impute': SimpleImputer(strategy='median'), 'select': SelectKBest(score_func=<function mutual_info_classif at 0x766691e17420>), 'select__k': 9, 'transform': None}",,,,,,451,,,,,,451,,,,,,451
0.0006378491719563802,3.346099976638335e-05,0.0,0.0,RandomUnderSampler(random_state=42),100.0,2000,2,l2,42,lbfgs,0.0001,SimpleImputer(strategy='median'),SelectKBest(score_func=<function mutual_info_classif at 0x766691e17420>),7,,"{'balance': RandomUnderSampler(random_state=42), 'classify__C': 100.0, 'classify__max_iter': 2000, 'classify__n_jobs': 2, 'classify__penalty': 'l2', 'classify__random_state': 42, 'classify__solver': 'lbfgs', 'classify__tol': 0.0001, 'impute': SimpleImputer(strategy='median'), 'select': SelectKBest(score_func=<function mutual_info_classif at 0x766691e17420>), 'select__k': 7, 'transform': None}",,,,,,451,,,,,,451,,,,,,451
0.0007635752360026041,7.810294096823138e-05,0.0,0.0,RandomUnderSampler(random_state=42),100.0,2000,2,l2,42,lbfgs,0.0001,SimpleImputer(strategy='median'),SelectKBest(score_func=<function mutual_info_classif at 0x766691e17420>),5,,"{'balance': RandomUnderSampler(random_state=42), 'classify__C': 100.0, 'classify__max_iter': 2000, 'classify__n_jobs': 2, 'classify__penalty': 'l2', 'classify__random_state': 42, 'classify__solver': 'lbfgs', 'classify__tol': 0.0001, 'impute': SimpleImputer(strategy='median'), 'select': SelectKBest(score_func=<function mutual_info_classif at 0x766691e17420>), 'select__k': 5, 'transform': None}",,,,,,451,,,,,,451,,,,,,451
0.0006803671518961588,1.9015116918866702e-05,0.0,0.0,RandomUnderSampler(random_state=42),100.0,2000,2,l2,42,lbfgs,0.0001,,SelectKBest(score_func=<function mutual_info_classif at 0x766691e17420>),9,,"{'balance': RandomUnderSampler(random_state=42), 'classify__C': 100.0, 'classify__max_iter': 2000, 'classify__n_jobs': 2, 'classify__penalty': 'l2', 'classify__random_state': 42, 'classify__solver': 'lbfgs', 'classify__tol': 0.0001, 'impute': None, 'select': SelectKBest(score_func=<function mutual_info_classif at 0x766691e17420>), 'select__k': 9, 'transform': None}",,,,,,451,,,,,,451,,,,,,451
0.0006682872772216797,5.761645304486548e-06,0.0,0.0,RandomUnderSampler(random_state=42),100.0,2000,2,l2,42,lbfgs,0.0001,,SelectKBest(score_func=<function mutual_info_classif at 0x766691e17420>),7,,"{'balance': RandomUnderSampler(random_state=42), 'classify__C': 100.0, 'classify__max_iter': 2000, 'classify__n_jobs': 2, 'classify__penalty': 'l2', 'classify__random_state': 42, 'classify__solver': 'lbfgs', 'classify__tol': 0.0001, 'impute': None, 'select': SelectKBest(score_func=<function mutual_info_classif at 0x766691e17420>), 'select__k': 7, 'transform': None}",,,,,,451,,,,,,451,,,,,,451
0.0006039937337239584,8.827571088512333e-06,0.0,0.0,RandomUnderSampler(random_state=42),100.0,2000,2,l2,42,lbfgs,0.0001,,SelectKBest(score_func=<function mutual_info_classif at 0x766691e17420>),5,,"{'balance': RandomUnderSampler(random_state=42), 'classify__C': 100.0, 'classify__max_iter': 2000, 'classify__n_jobs': 2, 'classify__penalty': 'l2', 'classify__random_state': 42, 'classify__solver': 'lbfgs', 'classify__tol': 0.0001, 'impute': None, 'select': SelectKBest(score_func=<function mutual_info_classif at 0x766691e17420>), 'select__k': 5, 'transform': None}",,,,,,451,,,,,,451,,,,,,451
0.0007088184356689453,1.905659086236086e-05,0.0,0.0,RandomUnderSampler(random_state=42),100.0,2000,2,l2,42,lbfgs,1e-06,SimpleImputer(strategy='median'),SelectKBest(score_func=<function mutual_info_classif at 0x766691e17420>),9,,"{'balance': RandomUnderSampler(random_state=42), 'classify__C': 100.0, 'classify__max_iter': 2000, 'classify__n_jobs': 2, 'classify__penalty': 'l2', 'classify__random_state': 42, 'classify__solver': 'lbfgs', 'classify__tol': 1e-06, 'impute': SimpleImputer(strategy='median'), 'select': SelectKBest(score_func=<function mutual_info_classif at 0x766691e17420>), 'select__k': 9, 'transform': None}",,,,,,451,,,,,,451,,,,,,451
0.0007064342498779297,3.776809172956871e-05,0.0,0.0,RandomUnderSampler(random_state=42),100.0,2000,2,l2,42,lbfgs,1e-06,SimpleImputer(strategy='median'),SelectKBest(score_func=<function mutual_info_classif at 0x766691e17420>),7,,"{'balance': RandomUnderSampler(random_state=42), 'classify__C': 100.0, 'classify__max_iter': 2000, 'classify__n_jobs': 2, 'classify__penalty': 'l2', 'classify__random_state': 42, 'classify__solver': 'lbfgs', 'classify__tol': 1e-06, 'impute': SimpleImputer(strategy='median'), 'select': SelectKBest(score_func=<function mutual_info_classif at 0x766691e17420>), 'select__k': 7, 'transform': None}",,,,,,451,,,,,,451,,,,,,451
0.0008028348286946615,3.134355583267342e-05,0.0,0.0,RandomUnderSampler(random_state=42),100.0,2000,2,l2,42,lbfgs,1e-06,SimpleImputer(strategy='median'),SelectKBest(score_func=<function mutual_info_classif at 0x766691e17420>),5,,"{'balance': RandomUnderSampler(random_state=42), 'classify__C': 100.0, 'classify__max_iter': 2000, 'classify__n_jobs': 2, 'classify__penalty': 'l2', 'classify__random_state': 42, 'classify__solver': 'lbfgs', 'classify__tol': 1e-06, 'impute': SimpleImputer(strategy='median'), 'select': SelectKBest(score_func=<function mutual_info_classif at 0x766691e17420>), 'select__k': 5, 'transform': None}",,,,,,451,,,,,,451,,,,,,451
0.0037167867024739585,0.0042586378136466735,0.0,0.0,RandomUnderSampler(random_state=42),100.0,2000,2,l2,42,lbfgs,1e-06,,SelectKBest(score_func=<function mutual_info_classif at 0x766691e17420>),9,,"{'balance': RandomUnderSampler(random_state=42), 'classify__C': 100.0, 'classify__max_iter': 2000, 'classify__n_jobs': 2, 'classify__penalty': 'l2', 'classify__random_state': 42, 'classify__solver': 'lbfgs', 'classify__tol': 1e-06, 'impute': None, 'select': SelectKBest(score_func=<function mutual_info_classif at 0x766691e17420>), 'select__k': 9, 'transform': None}",,,,,,451,,,,,,451,,,,,,451
0.000637054443359375,6.384663772634264e-05,0.0,0.0,RandomUnderSampler(random_state=42),100.0,2000,2,l2,42,lbfgs,1e-06,,SelectKBest(score_func=<function mutual_info_classif at 0x766691e17420>),7,,"{'balance': RandomUnderSampler(random_state=42), 'classify__C': 100.0, 'classify__max_iter': 2000, 'classify__n_jobs': 2, 'classify__penalty': 'l2', 'classify__random_state': 42, 'classify__solver': 'lbfgs', 'classify__tol': 1e-06, 'impute': None, 'select': SelectKBest(score_func=<function mutual_info_classif at 0x766691e17420>), 'select__k': 7, 'transform': None}",,,,,,451,,,,,,451,,,,,,451
0.0025867621103922525,0.0027865467084131046,0.0,0.0,RandomUnderSampler(random_state=42),100.0,2000,2,l2,42,lbfgs,1e-06,,SelectKBest(score_func=<function mutual_info_classif at 0x766691e17420>),5,,"{'balance': RandomUnderSampler(random_state=42), 'classify__C': 100.0, 'classify__max_iter': 2000, 'classify__n_jobs': 2, 'classify__penalty': 'l2', 'classify__random_state': 42, 'classify__solver': 'lbfgs', 'classify__tol': 1e-06, 'impute': None, 'select': SelectKBest(score_func=<function mutual_info_classif at 0x766691e17420>), 'select__k': 5, 'transform': None}",,,,,,451,,,,,,451,,,,,,451
0.0017477671305338542,0.0014358235426361558,0.0,0.0,RandomUnderSampler(random_state=42),100.0,2000,2,l2,42,lbfgs,1e-08,SimpleImputer(strategy='median'),SelectKBest(score_func=<function mutual_info_classif at 0x766691e17420>),9,,"{'balance': RandomUnderSampler(random_state=42), 'classify__C': 100.0, 'classify__max_iter': 2000, 'classify__n_jobs': 2, 'classify__penalty': 'l2', 'classify__random_state': 42, 'classify__solver': 'lbfgs', 'classify__tol': 1e-08, 'impute': SimpleImputer(strategy='median'), 'select': SelectKBest(score_func=<function mutual_info_classif at 0x766691e17420>), 'select__k': 9, 'transform': None}",,,,,,451,,,,,,451,,,,,,451
0.0027313232421875,0.0028678809133841016,0.0,0.0,RandomUnderSampler(random_state=42),100.0,2000,2,l2,42,lbfgs,1e-08,SimpleImputer(strategy='median'),SelectKBest(score_func=<function mutual_info_classif at 0x766691e17420>),7,,"{'balance': RandomUnderSampler(random_state=42), 'classify__C': 100.0, 'classify__max_iter': 2000, 'classify__n_jobs': 2, 'classify__penalty': 'l2', 'classify__random_state': 42, 'classify__solver': 'lbfgs', 'classify__tol': 1e-08, 'impute': SimpleImputer(strategy='median'), 'select': SelectKBest(score_func=<function mutual_info_classif at 0x766691e17420>), 'select__k': 7, 'transform': None}",,,,,,451,,,,,,451,,,,,,451
0.0016870498657226562,0.0014435358135747518,0.0,0.0,SMOTE(random_state=42),0.01,100,2,l2,42,lbfgs,0.0001,SimpleImputer(strategy='median'),SelectKBest(score_func=<function mutual_info_classif at 0x766691e17420>),9,,"{'balance': SMOTE(random_state=42), 'classify__C': 0.01, 'classify__max_iter': 100, 'classify__n_jobs': 2, 'classify__penalty': 'l2', 'classify__random_state': 42, 'classify__solver': 'lbfgs', 'classify__tol': 0.0001, 'impute': SimpleImputer(strategy='median'), 'select': SelectKBest(score_func=<function mutual_info_classif at 0x766691e17420>), 'select__k': 9, 'transform': None}",,,,,,451,,,,,,451,,,,,,451
0.0016705989837646484,0.001441512773620522,0.0,0.0,SMOTE(random_state=42),0.01,100,2,l2,42,lbfgs,0.0001,SimpleImputer(strategy='median'),SelectKBest(score_func=<function mutual_info_classif at 0x766691e17420>),7,,"{'balance': SMOTE(random_state=42), 'classify__C': 0.01, 'classify__max_iter': 100, 'classify__n_jobs': 2, 'classify__penalty': 'l2', 'classify__random_state': 42, 'classify__solver': 'lbfgs', 'classify__tol': 0.0001, 'impute': SimpleImputer(strategy='median'), 'select': SelectKBest(score_func=<function mutual_info_classif at 0x766691e17420>), 'select__k': 7, 'transform': None}",,,,,,451,,,,,,451,,,,,,451
0.0006920496622721354,5.455335712982977e-06,0.0,0.0,SMOTE(random_state=42),0.01,100,2,l2,42,lbfgs,0.0001,SimpleImputer(strategy='median'),SelectKBest(score_func=<function mutual_info_classif at 0x766691e17420>),5,,"{'balance': SMOTE(random_state=42), 'classify__C': 0.01, 'classify__max_iter': 100, 'classify__n_jobs': 2, 'classify__penalty': 'l2', 'classify__random_state': 42, 'classify__solver': 'lbfgs', 'classify__tol': 0.0001, 'impute': SimpleImputer(strategy='median'), 'select': SelectKBest(score_func=<function mutual_info_classif at 0x766691e17420>), 'select__k': 5, 'transform': None}",,,,,,451,,,,,,451,,,,,,451
0.0016379356384277344,0.0014277991569069993,0.0,0.0,SMOTE(random_state=42),0.01,100,2,l2,42,lbfgs,0.0001,,SelectKBest(score_func=<function mutual_info_classif at 0x766691e17420>),9,,"{'balance': SMOTE(random_state=42), 'classify__C': 0.01, 'classify__max_iter': 100, 'classify__n_jobs': 2, 'classify__penalty': 'l2', 'classify__random_state': 42, 'classify__solver': 'lbfgs', 'classify__tol': 0.0001, 'impute': None, 'select': SelectKBest(score_func=<function mutual_info_classif at 0x766691e17420>), 'select__k': 9, 'transform': None}",,,,,,451,,,,,,451,,,,,,451
0.0016325314839680989,0.0014197914043369087,0.0,0.0,SMOTE(random_state=42),0.01,100,2,l2,42,lbfgs,0.0001,,SelectKBest(score_func=<function mutual_info_classif at 0x766691e17420>),7,,"{'balance': SMOTE(random_state=42), 'classify__C': 0.01, 'classify__max_iter': 100, 'classify__n_jobs': 2, 'classify__penalty': 'l2', 'classify__random_state': 42, 'classify__solver': 'lbfgs', 'classify__tol': 0.0001, 'impute': None, 'select': SelectKBest(score_func=<function mutual_info_classif at 0x766691e17420>), 'select__k': 7, 'transform': None}",,,,,,451,,,,,,451,,,,,,451
0.0016715526580810547,0.0014191709394338094,0.0,0.0,SMOTE(random_state=42),0.01,100,2,l2,42,lbfgs,0.0001,,SelectKBest(score_func=<function mutual_info_classif at 0x766691e17420>),5,,"{'balance': SMOTE(random_state=42), 'classify__C': 0.01, 'classify__max_iter': 100, 'classify__n_jobs': 2, 'classify__penalty': 'l2', 'classify__random_state': 42, 'classify__solver': 'lbfgs', 'classify__tol': 0.0001, 'impute': None, 'select': SelectKBest(score_func=<function mutual_info_classif at 0x766691e17420>), 'select__k': 5, 'transform': None}",,,,,,451,,,,,,451,,,,,,451
0.0027843316396077475,0.0013870073373254536,0.0,0.0,SMOTE(random_state=42),0.01,100,2,l2,42,lbfgs,1e-06,SimpleImputer(strategy='median'),SelectKBest(score_func=<function mutual_info_classif at 0x766691e17420>),9,,"{'balance': SMOTE(random_state=42), 'classify__C': 0.01, 'classify__max_iter': 100, 'classify__n_jobs': 2, 'classify__penalty': 'l2', 'classify__random_state': 42, 'classify__solver': 'lbfgs', 'classify__tol': 1e-06, 'impute': SimpleImputer(strategy='median'), 'select': SelectKBest(score_func=<function mutual_info_classif at 0x766691e17420>), 'select__k': 9, 'transform': None}",,,,,,451,,,,,,451,,,,,,451
0.0007596810658772787,1.4054343264837346e-05,0.0,0.0,SMOTE(random_state=42),0.01,100,2,l2,42,lbfgs,1e-06,SimpleImputer(strategy='median'),SelectKBest(score_func=<function mutual_info_classif at 0x766691e17420>),7,,"{'balance': SMOTE(random_state=42), 'classify__C': 0.01, 'classify__max_iter': 100, 'classify__n_jobs': 2, 'classify__penalty': 'l2', 'classify__random_state': 42, 'classify__solver': 'lbfgs', 'classify__tol': 1e-06, 'impute': SimpleImputer(strategy='median'), 'select': SelectKBest(score_func=<function mutual_info_classif at 0x766691e17420>), 'select__k': 7, 'transform': None}",,,,,,451,,,,,,451,,,,,,451
0.0028037230173746743,0.0015668094868637994,0.0,0.0,SMOTE(random_state=42),0.01,100,2,l2,42,lbfgs,1e-06,SimpleImputer(strategy='median'),SelectKBest(score_func=<function mutual_info_classif at 0x766691e17420>),5,,"{'balance': SMOTE(random_state=42), 'classify__C': 0.01, 'classify__max_iter': 100, 'classify__n_jobs': 2, 'classify__penalty': 'l2', 'classify__random_state': 42, 'classify__solver': 'lbfgs', 'classify__tol': 1e-06, 'impute': SimpleImputer(strategy='median'), 'select': SelectKBest(score_func=<function mutual_info_classif at 0x766691e17420>), 'select__k': 5, 'transform': None}",,,,,,451,,,,,,451,,,,,,451
0.0005234877268473307,4.071182922707229e-05,0.0,0.0,SMOTE(random_state=42),0.01,100,2,l2,42,lbfgs,1e-06,,SelectKBest(score_func=<function mutual_info_classif at 0x766691e17420>),9,,"{'balance': SMOTE(random_state=42), 'classify__C': 0.01, 'classify__max_iter': 100, 'classify__n_jobs': 2, 'classify__penalty': 'l2', 'classify__random_state': 42, 'classify__solver': 'lbfgs', 'classify__tol': 1e-06, 'impute': None, 'select': SelectKBest(score_func=<function mutual_info_classif at 0x766691e17420>), 'select__k': 9, 'transform': None}",,,,,,451,,,,,,451,,,,,,451
0.0005492369333902994,3.761140722760751e-05,0.0,0.0,SMOTE(random_state=42),0.01,100,2,l2,42,lbfgs,1e-06,,SelectKBest(score_func=<function mutual_info_classif at 0x766691e17420>),7,,"{'balance': SMOTE(random_state=42), 'classify__C': 0.01, 'classify__max_iter': 100, 'classify__n_jobs': 2, 'classify__penalty': 'l2', 'classify__random_state': 42, 'classify__solver': 'lbfgs', 'classify__tol': 1e-06, 'impute': None, 'select': SelectKBest(score_func=<function mutual_info_classif at 0x766691e17420>), 'select__k': 7, 'transform': None}",,,,,,451,,,,,,451,,,,,,451
0.000549157460530599,4.30239668516771e-05,0.0,0.0,SMOTE(random_state=42),0.01,100,2,l2,42,lbfgs,1e-06,,SelectKBest(score_func=<function mutual_info_classif at 0x766691e17420>),5,,"{'balance': SMOTE(random_state=42), 'classify__C': 0.01, 'classify__max_iter': 100, 'classify__n_jobs': 2, 'classify__penalty': 'l2', 'classify__random_state': 42, 'classify__solver': 'lbfgs', 'classify__tol': 1e-06, 'impute': None, 'select': SelectKBest(score_func=<function mutual_info_classif at 0x766691e17420>), 'select__k': 5, 'transform': None}",,,,,,451,,,,,,451,,,,,,451
0.0006152788798014323,3.440302899132617e-05,0.0,0.0,SMOTE(random_state=42),0.01,100,2,l2,42,lbfgs,1e-08,SimpleImputer(strategy='median'),SelectKBest(score_func=<function mutual_info_classif at 0x766691e17420>),9,,"{'balance': SMOTE(random_state=42), 'classify__C': 0.01, 'classify__max_iter': 100, 'classify__n_jobs': 2, 'classify__penalty': 'l2', 'classify__random_state': 42, 'classify__solver': 'lbfgs', 'classify__tol': 1e-08, 'impute': SimpleImputer(strategy='median'), 'select': SelectKBest(score_func=<function mutual_info_classif at 0x766691e17420>), 'select__k': 9, 'transform': None}",,,,,,451,,,,,,451,,,,,,451
0.0006001790364583334,2.8484341261076367e-05,0.0,0.0,SMOTE(random_state=42),0.01,100,2,l2,42,lbfgs,1e-08,SimpleImputer(strategy='median'),SelectKBest(score_func=<function mutual_info_classif at 0x766691e17420>),7,,"{'balance': SMOTE(random_state=42), 'classify__C': 0.01, 'classify__max_iter': 100, 'classify__n_jobs': 2, 'classify__penalty': 'l2', 'classify__random_state': 42, 'classify__solver': 'lbfgs', 'classify__tol': 1e-08, 'impute': SimpleImputer(strategy='median'), 'select': SelectKBest(score_func=<function mutual_info_classif at 0x766691e17420>), 'select__k': 7, 'transform': None}",,,,,,451,,,,,,451,,,,,,451
0.0006128946940104166,5.364694705939535e-05,0.0,0.0,SMOTE(random_state=42),0.01,100,2,l2,42,lbfgs,1e-08,SimpleImputer(strategy='median'),SelectKBest(score_func=<function mutual_info_classif at 0x766691e17420>),5,,"{'balance': SMOTE(random_state=42), 'classify__C': 0.01, 'classify__max_iter': 100, 'classify__n_jobs': 2, 'classify__penalty': 'l2', 'classify__random_state': 42, 'classify__solver': 'lbfgs', 'classify__tol': 1e-08, 'impute': SimpleImputer(strategy='median'), 'select': SelectKBest(score_func=<function mutual_info_classif at 0x766691e17420>), 'select__k': 5, 'transform': None}",,,,,,451,,,,,,451,,,,,,451
0.000568548838297526,5.417834525901712e-05,0.0,0.0,SMOTE(random_state=42),0.01,100,2,l2,42,lbfgs,1e-08,,SelectKBest(score_func=<function mutual_info_classif at 0x766691e17420>),9,,"{'balance': SMOTE(random_state=42), 'classify__C': 0.01, 'classify__max_iter': 100, 'classify__n_jobs': 2, 'classify__penalty': 'l2', 'classify__random_state': 42, 'classify__solver': 'lbfgs', 'classify__tol': 1e-08, 'impute': None, 'select': SelectKBest(score_func=<function mutual_info_classif at 0x766691e17420>), 'select__k': 9, 'transform': None}",,,,,,451,,,,,,451,,,,,,451
0.0007526079813639323,2.880120996590842e-05,0.0,0.0,SMOTE(random_state=42),0.01,200,2,l2,42,lbfgs,0.0001,SimpleImputer(strategy='median'),SelectKBest(score_func=<function mutual_info_classif at 0x766691e17420>),5,,"{'balance': SMOTE(random_state=42), 'classify__C': 0.01, 'classify__max_iter': 200, 'classify__n_jobs': 2, 'classify__penalty': 'l2', 'classify__random_state': 42, 'classify__solver': 'lbfgs', 'classify__tol': 0.0001, 'impute': SimpleImputer(strategy='median'), 'select': SelectKBest(score_func=<function mutual_info_classif at 0x766691e17420>), 'select__k': 5, 'transform': None}",,,,,,451,,,,,,451,,,,,,451
0.002682765324910482,0.0028607096588830266,0.0,0.0,SMOTE(random_state=42),0.01,200,2,l2,42,lbfgs,0.0001,,SelectKBest(score_func=<function mutual_info_classif at 0x766691e17420>),9,,"{'balance': SMOTE(random_state=42), 'classify__C': 0.01, 'classify__max_iter': 200, 'classify__n_jobs': 2, 'classify__penalty': 'l2', 'classify__random_state': 42, 'classify__solver': 'lbfgs', 'classify__tol': 0.0001, 'impute': None, 'select': SelectKBest(score_func=<function mutual_info_classif at 0x766691e17420>), 'select__k': 9, 'transform': None}",,,,,,451,,,,,,451,,,,,,451
0.002728144327799479,0.002834776922490077,0.0,0.0,SMOTE(random_state=42),0.01,200,2,l2,42,lbfgs,0.0001,,SelectKBest(score_func=<function mutual_info_classif at 0x766691e17420>),7,,"{'balance': SMOTE(random_state=42), 'classify__C': 0.01, 'classify__max_iter': 200, 'classify__n_jobs': 2, 'classify__penalty': 'l2', 'classify__random_state': 42, 'classify__solver': 'lbfgs', 'classify__tol': 0.0001, 'impute': None, 'select': SelectKBest(score_func=<function mutual_info_classif at 0x766691e17420>), 'select__k': 7, 'transform': None}",,,,,,451,,,,,,451,,,,,,451
0.0024330615997314453,0.0026990990331012873,0.0,0.0,SMOTE(random_state=42),0.01,200,2,l2,42,lbfgs,0.0001,,SelectKBest(score_func=<function mutual_info_classif at 0x766691e17420>),5,,"{'balance': SMOTE(random_state=42), 'classify__C': 0.01, 'classify__max_iter': 200, 'classify__n_jobs': 2, 'classify__penalty': 'l2', 'classify__random_state': 42, 'classify__solver': 'lbfgs', 'classify__tol': 0.0001, 'impute': None, 'select': SelectKBest(score_func=<function mutual_info_classif at 0x766691e17420>), 'select__k': 5, 'transform': None}",,,,,,451,,,,,,451,,,,,,451
0.0005839665730794271,4.0045016837889156e-05,0.0,0.0,SMOTE(random_state=42),0.01,200,2,l2,42,lbfgs,1e-06,SimpleImputer(strategy='median'),SelectKBest(score_func=<function mutual_info_classif at 0x766691e17420>),9,,"{'balance': SMOTE(random_state=42), 'classify__C': 0.01, 'classify__max_iter': 200, 'classify__n_jobs': 2, 'classify__penalty': 'l2', 'classify__random_state': 42, 'classify__solver': 'lbfgs', 'classify__tol': 1e-06, 'impute': SimpleImputer(strategy='median'), 'select': SelectKBest(score_func=<function mutual_info_classif at 0x766691e17420>), 'select__k': 9, 'transform': None}",,,,,,451,,,,,,451,,,,,,451
0.0005629857381184896,9.98958356378598e-07,0.0,0.0,SMOTE(random_state=42),0.01,200,2,l2,42,lbfgs,1e-06,SimpleImputer(strategy='median'),SelectKBest(score_func=<function mutual_info_classif at 0x766691e17420>),7,,"{'balance': SMOTE(random_state=42), 'classify__C': 0.01, 'classify__max_iter': 200, 'classify__n_jobs': 2, 'classify__penalty': 'l2', 'classify__random_state': 42, 'classify__solver': 'lbfgs', 'classify__tol': 1e-06, 'impute': SimpleImputer(strategy='median'), 'select': SelectKBest(score_func=<function mutual_info_classif at 0x766691e17420>), 'select__k': 7, 'transform': None}",,,,,,451,,,,,,451,,,,,,451
0.0005960464477539062,3.327455653454781e-05,0.0,0.0,SMOTE(random_state=42),0.01,200,2,l2,42,lbfgs,1e-06,SimpleImputer(strategy='median'),SelectKBest(score_func=<function mutual_info_classif at 0x766691e17420>),5,,"{'balance': SMOTE(random_state=42), 'classify__C': 0.01, 'classify__max_iter': 200, 'classify__n_jobs': 2, 'classify__penalty': 'l2', 'classify__random_state': 42, 'classify__solver': 'lbfgs', 'classify__tol': 1e-06, 'impute': SimpleImputer(strategy='median'), 'select': SelectKBest(score_func=<function mutual_info_classif at 0x766691e17420>), 'select__k': 5, 'transform': None}",,,,,,451,,,,,,451,,,,,,451
0.000568548838297526,5.466404187897025e-05,0.0,0.0,SMOTE(random_state=42),0.01,200,2,l2,42,lbfgs,1e-06,,SelectKBest(score_func=<function mutual_info_classif at 0x766691e17420>),9,,"{'balance': SMOTE(random_state=42), 'classify__C': 0.01, 'classify__max_iter': 200, 'classify__n_jobs': 2, 'classify__penalty': 'l2', 'classify__random_state': 42, 'classify__solver': 'lbfgs', 'classify__tol': 1e-06, 'impute': None, 'select': SelectKBest(score_func=<function mutual_info_classif at 0x766691e17420>), 'select__k': 9, 'transform': None}",,,,,,451,,,,,,451,,,,,,451
0.0005712509155273438,4.450877489789775e-05,0.0,0.0,SMOTE(random_state=42),0.01,200,2,l2,42,lbfgs,1e-06,,SelectKBest(score_func=<function mutual_info_classif at 0x766691e17420>),7,,"{'balance': SMOTE(random_state=42), 'classify__C': 0.01, 'classify__max_iter': 200, 'classify__n_jobs': 2, 'classify__penalty': 'l2', 'classify__random_state': 42, 'classify__solver': 'lbfgs', 'classify__tol': 1e-06, 'impute': None, 'select': SelectKBest(score_func=<function mutual_info_classif at 0x766691e17420>), 'select__k': 7, 'transform': None}",,,,,,451,,,,,,451,,,,,,451
0.0005934238433837891,5.528158626891358e-05,0.0,0.0,SMOTE(random_state=42),0.01,200,2,l2,42,lbfgs,1e-06,,SelectKBest(score_func=<function mutual_info_classif at 0x766691e17420>),5,,"{'balance': SMOTE(random_state=42), 'classify__C': 0.01, 'classify__max_iter': 200, 'classify__n_jobs': 2, 'classify__penalty': 'l2', 'classify__random_state': 42, 'classify__solver': 'lbfgs', 'classify__tol': 1e-06, 'impute': None, 'select': SelectKBest(score_func=<function mutual_info_classif at 0x766691e17420>), 'select__k': 5, 'transform': None}",,,,,,451,,,,,,451,,,,,,451
0.0005473295847574869,1.0422161844242063e-05,0.0,0.0,SMOTE(random_state=42),0.01,200,2,l2,42,lbfgs,1e-08,SimpleImputer(strategy='median'),SelectKBest(score_func=<function mutual_info_classif at 0x766691e17420>),9,,"{'balance': SMOTE(random_state=42), 'classify__C': 0.01, 'classify__max_iter': 200, 'classify__n_jobs': 2, 'classify__penalty': 'l2', 'classify__random_state': 42, 'classify__solver': 'lbfgs', 'classify__tol': 1e-08, 'impute': SimpleImputer(strategy='median'), 'select': SelectKBest(score_func=<function mutual_info_classif at 0x766691e17420>), 'select__k': 9, 'transform': None}",,,,,,451,,,,,,451,,,,,,451
0.0015895366668701172,0.0014200137049363178,0.0,0.0,SMOTE(random_state=42),0.01,200,2,l2,42,lbfgs,1e-08,SimpleImputer(strategy='median'),SelectKBest(score_func=<function mutual_info_classif at 0x766691e17420>),7,,"{'balance': SMOTE(random_state=42), 'classify__C': 0.01, 'classify__max_iter': 200, 'classify__n_jobs': 2, 'classify__penalty': 'l2', 'classify__random_state': 42, 'classify__solver': 'lbfgs', 'classify__tol': 1e-08, 'impute': SimpleImputer(strategy='median'), 'select': SelectKBest(score_func=<function mutual_info_classif at 0x766691e17420>), 'select__k': 7, 'transform': None}",,,,,,451,,,,,,451,,,,,,451
0.0005594889322916666,1.2204195560796908e-05,0.0,0.0,SMOTE(random_state=42),0.01,200,2,l2,42,lbfgs,1e-08,SimpleImputer(strategy='median'),SelectKBest(score_func=<function mutual_info_classif at 0x766691e17420>),5,,"{'balance': SMOTE(random_state=42), 'classify__C': 0.01, 'classify__max_iter': 200, 'classify__n_jobs': 2, 'classify__penalty': 'l2', 'classify__random_state': 42, 'classify__solver': 'lbfgs', 'classify__tol': 1e-08, 'impute': SimpleImputer(strategy='median'), 'select': SelectKBest(score_func=<function mutual_info_classif at 0x766691e17420>), 'select__k': 5, 'transform': None}",,,,,,451,,,,,,451,,,,,,451
0.0015445550282796223,0.001412301955406832,0.0,0.0,SMOTE(random_state=42),0.01,200,2,l2,42,lbfgs,1e-08,,SelectKBest(score_func=<function mutual_info_classif at 0x766691e17420>),9,,"{'balance': SMOTE(random_state=42), 'classify__C': 0.01, 'classify__max_iter': 200, 'classify__n_jobs': 2, 'classify__penalty': 'l2', 'classify__random_state': 42, 'classify__solver': 'lbfgs', 'classify__tol': 1e-08, 'impute': None, 'select': SelectKBest(score_func=<function mutual_info_classif at 0x766691e17420>), 'select__k': 9, 'transform': None}",,,,,,451,,,,,,451,,,,,,451
0.0014928181966145833,0.0014037831823610605,0.0,0.0,SMOTE(random_state=42),0.01,200,2,l2,42,lbfgs,1e-08,,SelectKBest(score_func=<function mutual_info_classif at 0x766691e17420>),7,,"{'balance': SMOTE(random_state=42), 'classify__C': 0.01, 'classify__max_iter': 200, 'classify__n_jobs': 2, 'classify__penalty': 'l2', 'classify__random_state': 42, 'classify__solver': 'lbfgs', 'classify__tol': 1e-08, 'impute': None, 'select': SelectKBest(score_func=<function mutual_info_classif at 0x766691e17420>), 'select__k': 7, 'transform': None}",,,,,,451,,,,,,451,,,,,,451
0.0005511442820231119,4.8746478054346947e-05,0.0,0.0,SMOTE(random_state=42),0.01,200,2,l2,42,lbfgs,1e-08,,SelectKBest(score_func=<function mutual_info_classif at 0x766691e17420>),5,,"{'balance': SMOTE(random_state=42), 'classify__C': 0.01, 'classify__max_iter': 200, 'classify__n_jobs': 2, 'classify__penalty': 'l2', 'classify__random_state': 42, 'classify__solver': 'lbfgs', 'classify__tol': 1e-08, 'impute': None, 'select': SelectKBest(score_func=<function mutual_info_classif at 0x766691e17420>), 'select__k': 5, 'transform': None}",,,,,,451,,,,,,451,,,,,,451
0.0005502700805664062,4.216887150987527e-05,0.0,0.0,SMOTE(random_state=42),0.01,500,2,l2,42,lbfgs,0.0001,,SelectKBest(score_func=<function mutual_info_classif at 0x766691e17420>),7,,"{'balance': SMOTE(random_state=42), 'classify__C': 0.01, 'classify__max_iter': 500, 'classify__n_jobs': 2, 'classify__penalty': 'l2', 'classify__random_state': 42, 'classify__solver': 'lbfgs', 'classify__tol': 0.0001, 'impute': None, 'select': SelectKBest(score_func=<function mutual_info_classif at 0x766691e17420>), 'select__k': 7, 'transform': None}",,,,,,451,,,,,,451,,,,,,451
0.002542257308959961,0.0028525008593959945,0.0,0.0,SMOTE(random_state=42),0.01,500,2,l2,42,lbfgs,0.0001,,SelectKBest(score_func=<function mutual_info_classif at 0x766691e17420>),5,,"{'balance': SMOTE(random_state=42), 'classify__C': 0.01, 'classify__max_iter': 500, 'classify__n_jobs': 2, 'classify__penalty': 'l2', 'classify__random_state': 42, 'classify__solver': 'lbfgs', 'classify__tol': 0.0001, 'impute': None, 'select': SelectKBest(score_func=<function mutual_info_classif at 0x766691e17420>), 'select__k': 5, 'transform': None}",,,,,,451,,,,,,451,,,,,,451
0.0006351470947265625,3.24570506044691e-05,0.0,0.0,SMOTE(random_state=42),0.01,500,2,l2,42,lbfgs,1e-06,SimpleImputer(strategy='median'),SelectKBest(score_func=<function mutual_info_classif at 0x766691e17420>),9,,"{'balance': SMOTE(random_state=42), 'classify__C': 0.01, 'classify__max_iter': 500, 'classify__n_jobs': 2, 'classify__penalty': 'l2', 'classify__random_state': 42, 'classify__solver': 'lbfgs', 'classify__tol': 1e-06, 'impute': SimpleImputer(strategy='median'), 'select': SelectKBest(score_func=<function mutual_info_classif at 0x766691e17420>), 'select__k': 9, 'transform': None}",,,,,,451,,,,,,451,,,,,,451
0.0005947748819986979,1.9715677265594078e-05,0.0,0.0,SMOTE(random_state=42),0.01,500,2,l2,42,lbfgs,1e-06,SimpleImputer(strategy='median'),SelectKBest(score_func=<function mutual_info_classif at 0x766691e17420>),7,,"{'balance': SMOTE(random_state=42), 'classify__C': 0.01, 'classify__max_iter': 500, 'classify__n_jobs': 2, 'classify__penalty': 'l2', 'classify__random_state': 42, 'classify__solver': 'lbfgs', 'classify__tol': 1e-06, 'impute': SimpleImputer(strategy='median'), 'select': SelectKBest(score_func=<function mutual_info_classif at 0x766691e17420>), 'select__k': 7, 'transform': None}",,,,,,451,,,,,,451,,,,,,451
0.003664096196492513,0.002491173477626912,0.0,0.0,SMOTE(random_state=42),0.01,500,2,l2,42,lbfgs,1e-06,SimpleImputer(strategy='median'),SelectKBest(score_func=<function mutual_info_classif at 0x766691e17420>),5,,"{'balance': SMOTE(random_state=42), 'classify__C': 0.01, 'classify__max_iter': 500, 'classify__n_jobs': 2, 'classify__penalty': 'l2', 'classify__random_state': 42, 'classify__solver': 'lbfgs', 'classify__tol': 1e-06, 'impute': SimpleImputer(strategy='median'), 'select': SelectKBest(score_func=<function mutual_info_classif at 0x766691e17420>), 'select__k': 5, 'transform': None}",,,,,,451,,,,,,451,,,,,,451
0.002647956212361654,0.002848211627709714,0.0,0.0,SMOTE(random_state=42),0.01,500,2,l2,42,lbfgs,1e-06,,SelectKBest(score_func=<function mutual_info_classif at 0x766691e17420>),9,,"{'balance': SMOTE(random_state=42), 'classify__C': 0.01, 'classify__max_iter': 500, 'classify__n_jobs': 2, 'classify__penalty': 'l2', 'classify__random_state': 42, 'classify__solver': 'lbfgs', 'classify__tol': 1e-06, 'impute': None, 'select': SelectKBest(score_func=<function mutual_info_classif at 0x766691e17420>), 'select__k': 9, 'transform': None}",,,,,,451,,,,,,451,,,,,,451
0.0025794506072998047,0.0028869588203683755,0.0,0.0,SMOTE(random_state=42),0.01,500,2,l2,42,lbfgs,1e-06,,SelectKBest(score_func=<function mutual_info_classif at 0x766691e17420>),7,,"{'balance': SMOTE(random_state=42), 'classify__C': 0.01, 'classify__max_iter': 500, 'classify__n_jobs': 2, 'classify__penalty': 'l2', 'classify__random_state': 42, 'classify__solver': 'lbfgs', 'classify__tol': 1e-06, 'impute': None, 'select': SelectKBest(score_func=<function mutual_info_classif at 0x766691e17420>), 'select__k': 7, 'transform': None}",,,,,,451,,,,,,451,,,,,,451
0.0026012261708577475,0.0028029356582989474,0.0,0.0,SMOTE(random_state=42),0.01,500,2,l2,42,lbfgs,1e-06,,SelectKBest(score_func=<function mutual_info_classif at 0x766691e17420>),5,,"{'balance': SMOTE(random_state=42), 'classify__C': 0.01, 'classify__max_iter': 500, 'classify__n_jobs': 2, 'classify__penalty': 'l2', 'classify__random_state': 42, 'classify__solver': 'lbfgs', 'classify__tol': 1e-06, 'impute': None, 'select': SelectKBest(score_func=<function mutual_info_classif at 0x766691e17420>), 'select__k': 5, 'transform': None}",,,,,,451,,,,,,451,,,,,,451
0.0006996790568033854,4.970720844794357e-05,0.0,0.0,SMOTE(random_state=42),0.01,500,2,l2,42,lbfgs,1e-08,SimpleImputer(strategy='median'),SelectKBest(score_func=<function mutual_info_classif at 0x766691e17420>),9,,"{'balance': SMOTE(random_state=42), 'classify__C': 0.01, 'classify__max_iter': 500, 'classify__n_jobs': 2, 'classify__penalty': 'l2', 'classify__random_state': 42, 'classify__solver': 'lbfgs', 'classify__tol': 1e-08, 'impute': SimpleImputer(strategy='median'), 'select': SelectKBest(score_func=<function mutual_info_classif at 0x766691e17420>), 'select__k': 9, 'transform': None}",,,,,,451,,,,,,451,,,,,,451
0.001757224400838216,0.0014267100891627255,0.0,0.0,SMOTE(random_state=42),0.01,500,2,l2,42,lbfgs,1e-08,SimpleImputer(strategy='median'),SelectKBest(score_func=<function mutual_info_classif at 0x766691e17420>),7,,"{'balance': SMOTE(random_state=42), 'classify__C': 0.01, 'classify__max_iter': 500, 'classify__n_jobs': 2, 'classify__penalty': 'l2', 'classify__random_state': 42, 'classify__solver': 'lbfgs', 'classify__tol': 1e-08, 'impute': SimpleImputer(strategy='median'), 'select': SelectKBest(score_func=<function mutual_info_classif at 0x766691e17420>), 'select__k': 7, 'transform': None}",,,,,,451,,,,,,451,,,,,,451
0.0018186569213867188,0.0014366884516875346,0.0,0.0,SMOTE(random_state=42),0.01,500,2,l2,42,lbfgs,1e-08,SimpleImputer(strategy='median'),SelectKBest(score_func=<function mutual_info_classif at 0x766691e17420>),5,,"{'balance': SMOTE(random_state=42), 'classify__C': 0.01, 'classify__max_iter': 500, 'classify__n_jobs': 2, 'classify__penalty': 'l2', 'classify__random_state': 42, 'classify__solver': 'lbfgs', 'classify__tol': 1e-08, 'impute': SimpleImputer(strategy='median'), 'select': SelectKBest(score_func=<function mutual_info_classif at 0x766691e17420>), 'select__k': 5, 'transform': None}",,,,,,451,,,,,,451,,,,,,451
0.0037849744160970054,0.0025287639629993906,0.0,0.0,SMOTE(random_state=42),0.01,500,2,l2,42,lbfgs,1e-08,,SelectKBest(score_func=<function mutual_info_classif at 0x766691e17420>),9,,"{'balance': SMOTE(random_state=42), 'classify__C': 0.01, 'classify__max_iter': 500, 'classify__n_jobs': 2, 'classify__penalty': 'l2', 'classify__random_state': 42, 'classify__solver': 'lbfgs', 'classify__tol': 1e-08, 'impute': None, 'select': SelectKBest(score_func=<function mutual_info_classif at 0x766691e17420>), 'select__k': 9, 'transform': None}",,,,,,451,,,,,,451,,,,,,451
0.0007712046305338541,3.05711339202145e-05,0.0,0.0,SMOTE(random_state=42),0.01,500,2,l2,42,lbfgs,1e-08,,SelectKBest(score_func=<function mutual_info_classif at 0x766691e17420>),7,,"{'balance': SMOTE(random_state=42), 'classify__C': 0.01, 'classify__max_iter': 500, 'classify__n_jobs': 2, 'classify__penalty': 'l2', 'classify__random_state': 42, 'classify__solver': 'lbfgs', 'classify__tol': 1e-08, 'impute': None, 'select': SelectKBest(score_func=<function mutual_info_classif at 0x766691e17420>), 'select__k': 7, 'transform': None}",,,,,,451,,,,,,451,,,,,,451
0.0028028488159179688,0.0028373567208925463,0.0,0.0,SMOTE(random_state=42),0.01,500,2,l2,42,lbfgs,1e-08,,SelectKBest(score_func=<function mutual_info_classif at 0x766691e17420>),5,,"{'balance': SMOTE(random_state=42), 'classify__C': 0.01, 'classify__max_iter': 500, 'classify__n_jobs': 2, 'classify__penalty': 'l2', 'classify__random_state': 42, 'classify__solver': 'lbfgs', 'classify__tol': 1e-08, 'impute': None, 'select': SelectKBest(score_func=<function mutual_info_classif at 0x766691e17420>), 'select__k': 5, 'transform': None}",,,,,,451,,,,,,451,,,,,,451
0.0008077621459960938,4.905632457585024e-05,0.0,0.0,SMOTE(random_state=42),0.01,200,2,l2,42,lbfgs,0.0001,SimpleImputer(strategy='median'),SelectKBest(score_func=<function mutual_info_classif at 0x766691e17420>),9,,"{'balance': SMOTE(random_state=42), 'classify__C': 0.01, 'classify__max_iter': 200, 'classify__n_jobs': 2, 'classify__penalty': 'l2', 'classify__random_state': 42, 'classify__solver': 'lbfgs', 'classify__tol': 0.0001, 'impute': SimpleImputer(strategy='median'), 'select': SelectKBest(score_func=<function mutual_info_classif at 0x766691e17420>), 'select__k': 9, 'transform': None}",,,,,,451,,,,,,451,,,,,,451
0.002792517344156901,0.0026645937255013324,0.0,0.0,SMOTE(random_state=42),0.01,200,2,l2,42,lbfgs,0.0001,SimpleImputer(strategy='median'),SelectKBest(score_func=<function mutual_info_classif at 0x766691e17420>),7,,"{'balance': SMOTE(random_state=42), 'classify__C': 0.01, 'classify__max_iter': 200, 'classify__n_jobs': 2, 'classify__penalty': 'l2', 'classify__random_state': 42, 'classify__solver': 'lbfgs', 'classify__tol': 0.0001, 'impute': SimpleImputer(strategy='median'), 'select': SelectKBest(score_func=<function mutual_info_classif at 0x766691e17420>), 'select__k': 7, 'transform': None}",,,,,,451,,,,,,451,,,,,,451
0.004599809646606445,0.005640040160479324,0.0,0.0,SMOTE(random_state=42),0.01,1000,2,l2,42,lbfgs,1e-06,SimpleImputer(strategy='median'),SelectKBest(score_func=<function mutual_info_classif at 0x766691e17420>),9,,"{'balance': SMOTE(random_state=42), 'classify__C': 0.01, 'classify__max_iter': 1000, 'classify__n_jobs': 2, 'classify__penalty': 'l2', 'classify__random_state': 42, 'classify__solver': 'lbfgs', 'classify__tol': 1e-06, 'impute': SimpleImputer(strategy='median'), 'select': SelectKBest(score_func=<function mutual_info_classif at 0x766691e17420>), 'select__k': 9, 'transform': None}",,,,,,451,,,,,,451,,,,,,451
0.0036179224650065103,0.004232480614740985,0.0,0.0,SMOTE(random_state=42),0.01,1000,2,l2,42,lbfgs,1e-06,SimpleImputer(strategy='median'),SelectKBest(score_func=<function mutual_info_classif at 0x766691e17420>),7,,"{'balance': SMOTE(random_state=42), 'classify__C': 0.01, 'classify__max_iter': 1000, 'classify__n_jobs': 2, 'classify__penalty': 'l2', 'classify__random_state': 42, 'classify__solver': 'lbfgs', 'classify__tol': 1e-06, 'impute': SimpleImputer(strategy='median'), 'select': SelectKBest(score_func=<function mutual_info_classif at 0x766691e17420>), 'select__k': 7, 'transform': None}",,,,,,451,,,,,,451,,,,,,451
0.0036056836446126304,0.0042686146015976315,0.0,0.0,SMOTE(random_state=42),0.01,1000,2,l2,42,lbfgs,1e-06,SimpleImputer(strategy='median'),SelectKBest(score_func=<function mutual_info_classif at 0x766691e17420>),5,,"{'balance': SMOTE(random_state=42), 'classify__C': 0.01, 'classify__max_iter': 1000, 'classify__n_jobs': 2, 'classify__penalty': 'l2', 'classify__random_state': 42, 'classify__solver': 'lbfgs', 'classify__tol': 1e-06, 'impute': SimpleImputer(strategy='median'), 'select': SelectKBest(score_func=<function mutual_info_classif at 0x766691e17420>), 'select__k': 5, 'transform': None}",,,,,,451,,,,,,451,,,,,,451
0.0007114410400390625,4.165484861237498e-05,0.0,0.0,SMOTE(random_state=42),0.01,1000,2,l2,42,lbfgs,1e-06,,SelectKBest(score_func=<function mutual_info_classif at 0x766691e17420>),9,,"{'balance': SMOTE(random_state=42), 'classify__C': 0.01, 'classify__max_iter': 1000, 'classify__n_jobs': 2, 'classify__penalty': 'l2', 'classify__random_state': 42, 'classify__solver': 'lbfgs', 'classify__tol': 1e-06, 'impute': None, 'select': SelectKBest(score_func=<function mutual_info_classif at 0x766691e17420>), 'select__k': 9, 'transform': None}",,,,,,451,,,,,,451,,,,,,451
0.002713441848754883,0.0028050600351732257,0.0,0.0,SMOTE(random_state=42),0.01,1000,2,l2,42,lbfgs,1e-06,,SelectKBest(score_func=<function mutual_info_classif at 0x766691e17420>),7,,"{'balance': SMOTE(random_state=42), 'classify__C': 0.01, 'classify__max_iter': 1000, 'classify__n_jobs': 2, 'classify__penalty': 'l2', 'classify__random_state': 42, 'classify__solver': 'lbfgs', 'classify__tol': 1e-06, 'impute': None, 'select': SelectKBest(score_func=<function mutual_info_classif at 0x766691e17420>), 'select__k': 7, 'transform': None}",,,,,,451,,,,,,451,,,,,,451
0.0006730556488037109,2.4060990696374966e-05,0.0,0.0,SMOTE(random_state=42),0.01,1000,2,l2,42,lbfgs,1e-06,,SelectKBest(score_func=<function mutual_info_classif at 0x766691e17420>),5,,"{'balance': SMOTE(random_state=42), 'classify__C': 0.01, 'classify__max_iter': 1000, 'classify__n_jobs': 2, 'classify__penalty': 'l2', 'classify__random_state': 42, 'classify__solver': 'lbfgs', 'classify__tol': 1e-06, 'impute': None, 'select': SelectKBest(score_func=<function mutual_info_classif at 0x766691e17420>), 'select__k': 5, 'transform': None}",,,,,,451,,,,,,451,,,,,,451
0.0027277469635009766,0.0028388449454268185,0.0,0.0,SMOTE(random_state=42),0.01,1000,2,l2,42,lbfgs,1e-08,SimpleImputer(strategy='median'),SelectKBest(score_func=<function mutual_info_classif at 0x766691e17420>),9,,"{'balance': SMOTE(random_state=42), 'classify__C': 0.01, 'classify__max_iter': 1000, 'classify__n_jobs': 2, 'classify__penalty': 'l2', 'classify__random_state': 42, 'classify__solver': 'lbfgs', 'classify__tol': 1e-08, 'impute': SimpleImputer(strategy='median'), 'select': SelectKBest(score_func=<function mutual_info_classif at 0x766691e17420>), 'select__k': 9, 'transform': None}",,,,,,451,,,,,,451,,,,,,451
0.0027173360188802085,0.0028381138914604226,0.0,0.0,SMOTE(random_state=42),0.01,1000,2,l2,42,lbfgs,1e-08,SimpleImputer(strategy='median'),SelectKBest(score_func=<function mutual_info_classif at 0x766691e17420>),7,,"{'balance': SMOTE(random_state=42), 'classify__C': 0.01, 'classify__max_iter': 1000, 'classify__n_jobs': 2, 'classify__penalty': 'l2', 'classify__random_state': 42, 'classify__solver': 'lbfgs', 'classify__tol': 1e-08, 'impute': SimpleImputer(strategy='median'), 'select': SelectKBest(score_func=<function mutual_info_classif at 0x766691e17420>), 'select__k': 7, 'transform': None}",,,,,,451,,,,,,451,,,,,,451
0.0006954669952392578,1.637410940967919e-05,0.0,0.0,SMOTE(random_state=42),0.01,1000,2,l2,42,lbfgs,1e-08,SimpleImputer(strategy='median'),SelectKBest(score_func=<function mutual_info_classif at 0x766691e17420>),5,,"{'balance': SMOTE(random_state=42), 'classify__C': 0.01, 'classify__max_iter': 1000, 'classify__n_jobs': 2, 'classify__penalty': 'l2', 'classify__random_state': 42, 'classify__solver': 'lbfgs', 'classify__tol': 1e-08, 'impute': SimpleImputer(strategy='median'), 'select': SelectKBest(score_func=<function mutual_info_classif at 0x766691e17420>), 'select__k': 5, 'transform': None}",,,,,,451,,,,,,451,,,,,,451
0.0006225903828938802,1.7918266143706584e-05,0.0,0.0,SMOTE(random_state=42),0.01,1000,2,l2,42,lbfgs,1e-08,,SelectKBest(score_func=<function mutual_info_classif at 0x766691e17420>),9,,"{'balance': SMOTE(random_state=42), 'classify__C': 0.01, 'classify__max_iter': 1000, 'classify__n_jobs': 2, 'classify__penalty': 'l2', 'classify__random_state': 42, 'classify__solver': 'lbfgs', 'classify__tol': 1e-08, 'impute': None, 'select': SelectKBest(score_func=<function mutual_info_classif at 0x766691e17420>), 'select__k': 9, 'transform': None}",,,,,,451,,,,,,451,,,,,,451
0.002629439036051432,0.002832999368920839,0.0,0.0,SMOTE(random_state=42),0.01,1000,2,l2,42,lbfgs,1e-08,,SelectKBest(score_func=<function mutual_info_classif at 0x766691e17420>),7,,"{'balance': SMOTE(random_state=42), 'classify__C': 0.01, 'classify__max_iter': 1000, 'classify__n_jobs': 2, 'classify__penalty': 'l2', 'classify__random_state': 42, 'classify__solver': 'lbfgs', 'classify__tol': 1e-08, 'impute': None, 'select': SelectKBest(score_func=<function mutual_info_classif at 0x766691e17420>), 'select__k': 7, 'transform': None}",,,,,,451,,,,,,451,,,,,,451
0.0026493072509765625,0.002836180845888168,0.0,0.0,SMOTE(random_state=42),0.01,1000,2,l2,42,lbfgs,1e-08,,SelectKBest(score_func=<function mutual_info_classif at 0x766691e17420>),5,,"{'balance': SMOTE(random_state=42), 'classify__C': 0.01, 'classify__max_iter': 1000, 'classify__n_jobs': 2, 'classify__penalty': 'l2', 'classify__random_state': 42, 'classify__solver': 'lbfgs', 'classify__tol': 1e-08, 'impute': None, 'select': SelectKBest(score_func=<function mutual_info_classif at 0x766691e17420>), 'select__k': 5, 'transform': None}",,,,,,451,,,,,,451,,,,,,451
0.0006945927937825521,1.57540787930347e-05,0.0,0.0,SMOTE(random_state=42),0.01,500,2,l2,42,lbfgs,0.0001,SimpleImputer(strategy='median'),SelectKBest(score_func=<function mutual_info_classif at 0x766691e17420>),9,,"{'balance': SMOTE(random_state=42), 'classify__C': 0.01, 'classify__max_iter': 500, 'classify__n_jobs': 2, 'classify__penalty': 'l2', 'classify__random_state': 42, 'classify__solver': 'lbfgs', 'classify__tol': 0.0001, 'impute': SimpleImputer(strategy='median'), 'select': SelectKBest(score_func=<function mutual_info_classif at 0x766691e17420>), 'select__k': 9, 'transform': None}",,,,,,451,,,,,,451,,,,,,451
0.0027728875478108725,0.002812328698177881,0.0,0.0,SMOTE(random_state=42),0.01,500,2,l2,42,lbfgs,0.0001,SimpleImputer(strategy='median'),SelectKBest(score_func=<function mutual_info_classif at 0x766691e17420>),7,,"{'balance': SMOTE(random_state=42), 'classify__C': 0.01, 'classify__max_iter': 500, 'classify__n_jobs': 2, 'classify__penalty': 'l2', 'classify__random_state': 42, 'classify__solver': 'lbfgs', 'classify__tol': 0.0001, 'impute': SimpleImputer(strategy='median'), 'select': SelectKBest(score_func=<function mutual_info_classif at 0x766691e17420>), 'select__k': 7, 'transform': None}",,,,,,451,,,,,,451,,,,,,451
0.0005753835042317709,4.354358524259798e-06,0.0,0.0,SMOTE(random_state=42),0.01,500,2,l2,42,lbfgs,0.0001,SimpleImputer(strategy='median'),SelectKBest(score_func=<function mutual_info_classif at 0x766691e17420>),5,,"{'balance': SMOTE(random_state=42), 'classify__C': 0.01, 'classify__max_iter': 500, 'classify__n_jobs': 2, 'classify__penalty': 'l2', 'classify__random_state': 42, 'classify__solver': 'lbfgs', 'classify__tol': 0.0001, 'impute': SimpleImputer(strategy='median'), 'select': SelectKBest(score_func=<function mutual_info_classif at 0x766691e17420>), 'select__k': 5, 'transform': None}",,,,,,451,,,,,,451,,,,,,451
0.002516031265258789,0.0028447444930283184,0.0,0.0,SMOTE(random_state=42),0.01,500,2,l2,42,lbfgs,0.0001,,SelectKBest(score_func=<function mutual_info_classif at 0x766691e17420>),9,,"{'balance': SMOTE(random_state=42), 'classify__C': 0.01, 'classify__max_iter': 500, 'classify__n_jobs': 2, 'classify__penalty': 'l2', 'classify__random_state': 42, 'classify__solver': 'lbfgs', 'classify__tol': 0.0001, 'impute': None, 'select': SelectKBest(score_func=<function mutual_info_classif at 0x766691e17420>), 'select__k': 9, 'transform': None}",,,,,,451,,,,,,451,,,,,,451
0.0015343030293782551,0.0011525781845679994,0.0,0.0,SMOTE(random_state=42),0.01,2000,2,l2,42,lbfgs,1e-06,SimpleImputer(strategy='median'),SelectKBest(score_func=<function mutual_info_classif at 0x766691e17420>),5,,"{'balance': SMOTE(random_state=42), 'classify__C': 0.01, 'classify__max_iter': 2000, 'classify__n_jobs': 2, 'classify__penalty': 'l2', 'classify__random_state': 42, 'classify__solver': 'lbfgs', 'classify__tol': 1e-06, 'impute': SimpleImputer(strategy='median'), 'select': SelectKBest(score_func=<function mutual_info_classif at 0x766691e17420>), 'select__k': 5, 'transform': None}",,,,,,451,,,,,,451,,,,,,451
0.0016626516977945964,0.0014040763886850722,0.0,0.0,SMOTE(random_state=42),0.01,2000,2,l2,42,lbfgs,1e-06,,SelectKBest(score_func=<function mutual_info_classif at 0x766691e17420>),9,,"{'balance': SMOTE(random_state=42), 'classify__C': 0.01, 'classify__max_iter': 2000, 'classify__n_jobs': 2, 'classify__penalty': 'l2', 'classify__random_state': 42, 'classify__solver': 'lbfgs', 'classify__tol': 1e-06, 'impute': None, 'select': SelectKBest(score_func=<function mutual_info_classif at 0x766691e17420>), 'select__k': 9, 'transform': None}",,,,,,451,,,,,,451,,,,,,451
0.0006853739420572916,3.7936450948774786e-05,0.0,0.0,SMOTE(random_state=42),0.01,2000,2,l2,42,lbfgs,1e-06,,SelectKBest(score_func=<function mutual_info_classif at 0x766691e17420>),7,,"{'balance': SMOTE(random_state=42), 'classify__C': 0.01, 'classify__max_iter': 2000, 'classify__n_jobs': 2, 'classify__penalty': 'l2', 'classify__random_state': 42, 'classify__solver': 'lbfgs', 'classify__tol': 1e-06, 'impute': None, 'select': SelectKBest(score_func=<function mutual_info_classif at 0x766691e17420>), 'select__k': 7, 'transform': None}",,,,,,451,,,,,,451,,,,,,451
0.0017168521881103516,0.0014472743413159917,0.0,0.0,SMOTE(random_state=42),0.01,2000,2,l2,42,lbfgs,1e-06,,SelectKBest(score_func=<function mutual_info_classif at 0x766691e17420>),5,,"{'balance': SMOTE(random_state=42), 'classify__C': 0.01, 'classify__max_iter': 2000, 'classify__n_jobs': 2, 'classify__penalty': 'l2', 'classify__random_state': 42, 'classify__solver': 'lbfgs', 'classify__tol': 1e-06, 'impute': None, 'select': SelectKBest(score_func=<function mutual_info_classif at 0x766691e17420>), 'select__k': 5, 'transform': None}",,,,,,451,,,,,,451,,,,,,451
0.0008124510447184244,1.539887917173114e-05,0.0,0.0,SMOTE(random_state=42),0.01,2000,2,l2,42,lbfgs,1e-08,SimpleImputer(strategy='median'),SelectKBest(score_func=<function mutual_info_classif at 0x766691e17420>),9,,"{'balance': SMOTE(random_state=42), 'classify__C': 0.01, 'classify__max_iter': 2000, 'classify__n_jobs': 2, 'classify__penalty': 'l2', 'classify__random_state': 42, 'classify__solver': 'lbfgs', 'classify__tol': 1e-08, 'impute': SimpleImputer(strategy='median'), 'select': SelectKBest(score_func=<function mutual_info_classif at 0x766691e17420>), 'select__k': 9, 'transform': None}",,,,,,451,,,,,,451,,,,,,451
0.004013538360595703,4.3300384844766584e-05,0.0,0.0,SMOTE(random_state=42),0.01,2000,2,l2,42,lbfgs,1e-08,SimpleImputer(strategy='median'),SelectKBest(score_func=<function mutual_info_classif at 0x766691e17420>),7,,"{'balance': SMOTE(random_state=42), 'classify__C': 0.01, 'classify__max_iter': 2000, 'classify__n_jobs': 2, 'classify__penalty': 'l2', 'classify__random_state': 42, 'classify__solver': 'lbfgs', 'classify__tol': 1e-08, 'impute': SimpleImputer(strategy='median'), 'select': SelectKBest(score_func=<function mutual_info_classif at 0x766691e17420>), 'select__k': 7, 'transform': None}",,,,,,451,,,,,,451,,,,,,451
0.00413362185160319,1.0763805995519648e-05,0.0,0.0,SMOTE(random_state=42),0.01,2000,2,l2,42,lbfgs,1e-08,SimpleImputer(strategy='median'),SelectKBest(score_func=<function mutual_info_classif at 0x766691e17420>),5,,"{'balance': SMOTE(random_state=42), 'classify__C': 0.01, 'classify__max_iter': 2000, 'classify__n_jobs': 2, 'classify__penalty': 'l2', 'classify__random_state': 42, 'classify__solver': 'lbfgs', 'classify__tol': 1e-08, 'impute': SimpleImputer(strategy='median'), 'select': SelectKBest(score_func=<function mutual_info_classif at 0x766691e17420>), 'select__k': 5, 'transform': None}",,,,,,451,,,,,,451,,,,,,451
0.0008501211802164713,5.813286225854566e-05,0.0,0.0,SMOTE(random_state=42),0.01,2000,2,l2,42,lbfgs,1e-08,,SelectKBest(score_func=<function mutual_info_classif at 0x766691e17420>),9,,"{'balance': SMOTE(random_state=42), 'classify__C': 0.01, 'classify__max_iter': 2000, 'classify__n_jobs': 2, 'classify__penalty': 'l2', 'classify__random_state': 42, 'classify__solver': 'lbfgs', 'classify__tol': 1e-08, 'impute': None, 'select': SelectKBest(score_func=<function mutual_info_classif at 0x766691e17420>), 'select__k': 9, 'transform': None}",,,,,,451,,,,,,451,,,,,,451
0.0016968250274658203,0.0015103882659251472,0.0,0.0,SMOTE(random_state=42),0.01,2000,2,l2,42,lbfgs,1e-08,,SelectKBest(score_func=<function mutual_info_classif at 0x766691e17420>),7,,"{'balance': SMOTE(random_state=42), 'classify__C': 0.01, 'classify__max_iter': 2000, 'classify__n_jobs': 2, 'classify__penalty': 'l2', 'classify__random_state': 42, 'classify__solver': 'lbfgs', 'classify__tol': 1e-08, 'impute': None, 'select': SelectKBest(score_func=<function mutual_info_classif at 0x766691e17420>), 'select__k': 7, 'transform': None}",,,,,,451,,,,,,451,,,,,,451
0.0005373160044352213,2.6933444780790965e-05,0.0,0.0,SMOTE(random_state=42),0.01,2000,2,l2,42,lbfgs,1e-08,,SelectKBest(score_func=<function mutual_info_classif at 0x766691e17420>),5,,"{'balance': SMOTE(random_state=42), 'classify__C': 0.01, 'classify__max_iter': 2000, 'classify__n_jobs': 2, 'classify__penalty': 'l2', 'classify__random_state': 42, 'classify__solver': 'lbfgs', 'classify__tol': 1e-08, 'impute': None, 'select': SelectKBest(score_func=<function mutual_info_classif at 0x766691e17420>), 'select__k': 5, 'transform': None}",,,,,,451,,,,,,451,,,,,,451
0.0018034776051839192,0.0016587826540313422,0.0,0.0,SMOTE(random_state=42),0.01,1000,2,l2,42,lbfgs,0.0001,SimpleImputer(strategy='median'),SelectKBest(score_func=<function mutual_info_classif at 0x766691e17420>),9,,"{'balance': SMOTE(random_state=42), 'classify__C': 0.01, 'classify__max_iter': 1000, 'classify__n_jobs': 2, 'classify__penalty': 'l2', 'classify__random_state': 42, 'classify__solver': 'lbfgs', 'classify__tol': 0.0001, 'impute': SimpleImputer(strategy='median'), 'select': SelectKBest(score_func=<function mutual_info_classif at 0x766691e17420>), 'select__k': 9, 'transform': None}",,,,,,451,,,,,,451,,,,,,451
0.0015884240468343098,0.0014189746658980478,0.0,0.0,SMOTE(random_state=42),0.01,1000,2,l2,42,lbfgs,0.0001,SimpleImputer(strategy='median'),SelectKBest(score_func=<function mutual_info_classif at 0x766691e17420>),7,,"{'balance': SMOTE(random_state=42), 'classify__C': 0.01, 'classify__max_iter': 1000, 'classify__n_jobs': 2, 'classify__penalty': 'l2', 'classify__random_state': 42, 'classify__solver': 'lbfgs', 'classify__tol': 0.0001, 'impute': SimpleImputer(strategy='median'), 'select': SelectKBest(score_func=<function mutual_info_classif at 0x766691e17420>), 'select__k': 7, 'transform': None}",,,,,,451,,,,,,451,,,,,,451
0.0011067390441894531,0.000734561954502272,0.0,0.0,SMOTE(random_state=42),0.01,1000,2,l2,42,lbfgs,0.0001,SimpleImputer(strategy='median'),SelectKBest(score_func=<function mutual_info_classif at 0x766691e17420>),5,,"{'balance': SMOTE(random_state=42), 'classify__C': 0.01, 'classify__max_iter': 1000, 'classify__n_jobs': 2, 'classify__penalty': 'l2', 'classify__random_state': 42, 'classify__solver': 'lbfgs', 'classify__tol': 0.0001, 'impute': SimpleImputer(strategy='median'), 'select': SelectKBest(score_func=<function mutual_info_classif at 0x766691e17420>), 'select__k': 5, 'transform': None}",,,,,,451,,,,,,451,,,,,,451
0.0005540053049723307,3.0395849493341315e-05,0.0,0.0,SMOTE(random_state=42),0.01,1000,2,l2,42,lbfgs,0.0001,,SelectKBest(score_func=<function mutual_info_classif at 0x766691e17420>),9,,"{'balance': SMOTE(random_state=42), 'classify__C': 0.01, 'classify__max_iter': 1000, 'classify__n_jobs': 2, 'classify__penalty': 'l2', 'classify__random_state': 42, 'classify__solver': 'lbfgs', 'classify__tol': 0.0001, 'impute': None, 'select': SelectKBest(score_func=<function mutual_info_classif at 0x766691e17420>), 'select__k': 9, 'transform': None}",,,,,,451,,,,,,451,,,,,,451
0.000633398691813151,5.490372604896235e-05,0.0,0.0,SMOTE(random_state=42),0.01,1000,2,l2,42,lbfgs,0.0001,,SelectKBest(score_func=<function mutual_info_classif at 0x766691e17420>),7,,"{'balance': SMOTE(random_state=42), 'classify__C': 0.01, 'classify__max_iter': 1000, 'classify__n_jobs': 2, 'classify__penalty': 'l2', 'classify__random_state': 42, 'classify__solver': 'lbfgs', 'classify__tol': 0.0001, 'impute': None, 'select': SelectKBest(score_func=<function mutual_info_classif at 0x766691e17420>), 'select__k': 7, 'transform': None}",,,,,,451,,,,,,451,,,,,,451
0.0026249090830485025,0.0028306287102133534,0.0,0.0,SMOTE(random_state=42),0.01,1000,2,l2,42,lbfgs,0.0001,,SelectKBest(score_func=<function mutual_info_classif at 0x766691e17420>),5,,"{'balance': SMOTE(random_state=42), 'classify__C': 0.01, 'classify__max_iter': 1000, 'classify__n_jobs': 2, 'classify__penalty': 'l2', 'classify__random_state': 42, 'classify__solver': 'lbfgs', 'classify__tol': 0.0001, 'impute': None, 'select': SelectKBest(score_func=<function mutual_info_classif at 0x766691e17420>), 'select__k': 5, 'transform': None}",,,,,,451,,,,,,451,,,,,,451
0.001667022705078125,0.0014527349509163767,0.0,0.0,SMOTE(random_state=42),0.1,100,2,l2,42,lbfgs,1e-06,,SelectKBest(score_func=<function mutual_info_classif at 0x766691e17420>),7,,"{'balance': SMOTE(random_state=42), 'classify__C': 0.1, 'classify__max_iter': 100, 'classify__n_jobs': 2, 'classify__penalty': 'l2', 'classify__random_state': 42, 'classify__solver': 'lbfgs', 'classify__tol': 1e-06, 'impute': None, 'select': SelectKBest(score_func=<function mutual_info_classif at 0x766691e17420>), 'select__k': 7, 'transform': None}",,,,,,451,,,,,,451,,,,,,451
0.0016846656799316406,0.0014476665787282654,0.0,0.0,SMOTE(random_state=42),0.1,100,2,l2,42,lbfgs,1e-06,,SelectKBest(score_func=<function mutual_info_classif at 0x766691e17420>),5,,"{'balance': SMOTE(random_state=42), 'classify__C': 0.1, 'classify__max_iter': 100, 'classify__n_jobs': 2, 'classify__penalty': 'l2', 'classify__random_state': 42, 'classify__solver': 'lbfgs', 'classify__tol': 1e-06, 'impute': None, 'select': SelectKBest(score_func=<function mutual_info_classif at 0x766691e17420>), 'select__k': 5, 'transform': None}",,,,,,451,,,,,,451,,,,,,451
0.001735687255859375,0.0014272656704720941,0.0,0.0,SMOTE(random_state=42),0.1,100,2,l2,42,lbfgs,1e-08,SimpleImputer(strategy='median'),SelectKBest(score_func=<function mutual_info_classif at 0x766691e17420>),9,,"{'balance': SMOTE(random_state=42), 'classify__C': 0.1, 'classify__max_iter': 100, 'classify__n_jobs': 2, 'classify__penalty': 'l2', 'classify__random_state': 42, 'classify__solver': 'lbfgs', 'classify__tol': 1e-08, 'impute': SimpleImputer(strategy='median'), 'select': SelectKBest(score_func=<function mutual_info_classif at 0x766691e17420>), 'select__k': 9, 'transform': None}",,,,,,451,,,,,,451,,,,,,451
0.0006157557169596354,0.00012145101600099731,0.0,0.0,SMOTE(random_state=42),0.1,100,2,l2,42,lbfgs,1e-08,SimpleImputer(strategy='median'),SelectKBest(score_func=<function mutual_info_classif at 0x766691e17420>),7,,"{'balance': SMOTE(random_state=42), 'classify__C': 0.1, 'classify__max_iter': 100, 'classify__n_jobs': 2, 'classify__penalty': 'l2', 'classify__random_state': 42, 'classify__solver': 'lbfgs', 'classify__tol': 1e-08, 'impute': SimpleImputer(strategy='median'), 'select': SelectKBest(score_func=<function mutual_info_classif at 0x766691e17420>), 'select__k': 7, 'transform': None}",,,,,,451,,,,,,451,,,,,,451
0.000606377919514974,5.9142012752689134e-05,0.0,0.0,SMOTE(random_state=42),0.1,100,2,l2,42,lbfgs,1e-08,SimpleImputer(strategy='median'),SelectKBest(score_func=<function mutual_info_classif at 0x766691e17420>),5,,"{'balance': SMOTE(random_state=42), 'classify__C': 0.1, 'classify__max_iter': 100, 'classify__n_jobs': 2, 'classify__penalty': 'l2', 'classify__random_state': 42, 'classify__solver': 'lbfgs', 'classify__tol': 1e-08, 'impute': SimpleImputer(strategy='median'), 'select': SelectKBest(score_func=<function mutual_info_classif at 0x766691e17420>), 'select__k': 5, 'transform': None}",,,,,,451,,,,,,451,,,,,,451
0.0005304813385009766,3.167708833437122e-05,0.0,0.0,SMOTE(random_state=42),0.1,100,2,l2,42,lbfgs,1e-08,,SelectKBest(score_func=<function mutual_info_classif at 0x766691e17420>),9,,"{'balance': SMOTE(random_state=42), 'classify__C': 0.1, 'classify__max_iter': 100, 'classify__n_jobs': 2, 'classify__penalty': 'l2', 'classify__random_state': 42, 'classify__solver': 'lbfgs', 'classify__tol': 1e-08, 'impute': None, 'select': SelectKBest(score_func=<function mutual_info_classif at 0x766691e17420>), 'select__k': 9, 'transform': None}",,,,,,451,,,,,,451,,,,,,451
0.0005757013956705729,3.6559415850794494e-05,0.0,0.0,SMOTE(random_state=42),0.1,100,2,l2,42,lbfgs,1e-08,,SelectKBest(score_func=<function mutual_info_classif at 0x766691e17420>),7,,"{'balance': SMOTE(random_state=42), 'classify__C': 0.1, 'classify__max_iter': 100, 'classify__n_jobs': 2, 'classify__penalty': 'l2', 'classify__random_state': 42, 'classify__solver': 'lbfgs', 'classify__tol': 1e-08, 'impute': None, 'select': SelectKBest(score_func=<function mutual_info_classif at 0x766691e17420>), 'select__k': 7, 'transform': None}",,,,,,451,,,,,,451,,,,,,451
0.0015610853830973308,0.0013780925142500339,0.0,0.0,SMOTE(random_state=42),0.1,100,2,l2,42,lbfgs,1e-08,,SelectKBest(score_func=<function mutual_info_classif at 0x766691e17420>),5,,"{'balance': SMOTE(random_state=42), 'classify__C': 0.1, 'classify__max_iter': 100, 'classify__n_jobs': 2, 'classify__penalty': 'l2', 'classify__random_state': 42, 'classify__solver': 'lbfgs', 'classify__tol': 1e-08, 'impute': None, 'select': SelectKBest(score_func=<function mutual_info_classif at 0x766691e17420>), 'select__k': 5, 'transform': None}",,,,,,451,,,,,,451,,,,,,451
0.001607656478881836,0.0014407807475427532,0.0,0.0,SMOTE(random_state=42),0.01,2000,2,l2,42,lbfgs,0.0001,SimpleImputer(strategy='median'),SelectKBest(score_func=<function mutual_info_classif at 0x766691e17420>),9,,"{'balance': SMOTE(random_state=42), 'classify__C': 0.01, 'classify__max_iter': 2000, 'classify__n_jobs': 2, 'classify__penalty': 'l2', 'classify__random_state': 42, 'classify__solver': 'lbfgs', 'classify__tol': 0.0001, 'impute': SimpleImputer(strategy='median'), 'select': SelectKBest(score_func=<function mutual_info_classif at 0x766691e17420>), 'select__k': 9, 'transform': None}",,,,,,451,,,,,,451,,,,,,451
0.0014080206553141277,0.0010632353514156835,0.0,0.0,SMOTE(random_state=42),0.01,2000,2,l2,42,lbfgs,0.0001,SimpleImputer(strategy='median'),SelectKBest(score_func=<function mutual_info_classif at 0x766691e17420>),7,,"{'balance': SMOTE(random_state=42), 'classify__C': 0.01, 'classify__max_iter': 2000, 'classify__n_jobs': 2, 'classify__penalty': 'l2', 'classify__random_state': 42, 'classify__solver': 'lbfgs', 'classify__tol': 0.0001, 'impute': SimpleImputer(strategy='median'), 'select': SelectKBest(score_func=<function mutual_info_classif at 0x766691e17420>), 'select__k': 7, 'transform': None}",,,,,,451,,,,,,451,,,,,,451
0.0016748110453287761,0.0013655174348042622,0.0,0.0,SMOTE(random_state=42),0.01,2000,2,l2,42,lbfgs,0.0001,SimpleImputer(strategy='median'),SelectKBest(score_func=<function mutual_info_classif at 0x766691e17420>),5,,"{'balance': SMOTE(random_state=42), 'classify__C': 0.01, 'classify__max_iter': 2000, 'classify__n_jobs': 2, 'classify__penalty': 'l2', 'classify__random_state': 42, 'classify__solver': 'lbfgs', 'classify__tol': 0.0001, 'impute': SimpleImputer(strategy='median'), 'select': SelectKBest(score_func=<function mutual_info_classif at 0x766691e17420>), 'select__k': 5, 'transform': None}",,,,,,451,,,,,,451,,,,,,451
0.0006275177001953125,7.202477560430101e-05,0.0,0.0,SMOTE(random_state=42),0.01,2000,2,l2,42,lbfgs,0.0001,,SelectKBest(score_func=<function mutual_info_classif at 0x766691e17420>),9,,"{'balance': SMOTE(random_state=42), 'classify__C': 0.01, 'classify__max_iter': 2000, 'classify__n_jobs': 2, 'classify__penalty': 'l2', 'classify__random_state': 42, 'classify__solver': 'lbfgs', 'classify__tol': 0.0001, 'impute': None, 'select': SelectKBest(score_func=<function mutual_info_classif at 0x766691e17420>), 'select__k': 9, 'transform': None}",,,,,,451,,,,,,451,,,,,,451
0.0028839111328125,0.0015896090752833358,0.0,0.0,SMOTE(random_state=42),0.01,2000,2,l2,42,lbfgs,0.0001,,SelectKBest(score_func=<function mutual_info_classif at 0x766691e17420>),7,,"{'balance': SMOTE(random_state=42), 'classify__C': 0.01, 'classify__max_iter': 2000, 'classify__n_jobs': 2, 'classify__penalty': 'l2', 'classify__random_state': 42, 'classify__solver': 'lbfgs', 'classify__tol': 0.0001, 'impute': None, 'select': SelectKBest(score_func=<function mutual_info_classif at 0x766691e17420>), 'select__k': 7, 'transform': None}",,,,,,451,,,,,,451,,,,,,451
0.0016380945841471355,0.0013721879050505158,0.0,0.0,SMOTE(random_state=42),0.01,2000,2,l2,42,lbfgs,0.0001,,SelectKBest(score_func=<function mutual_info_classif at 0x766691e17420>),5,,"{'balance': SMOTE(random_state=42), 'classify__C': 0.01, 'classify__max_iter': 2000, 'classify__n_jobs': 2, 'classify__penalty': 'l2', 'classify__random_state': 42, 'classify__solver': 'lbfgs', 'classify__tol': 0.0001, 'impute': None, 'select': SelectKBest(score_func=<function mutual_info_classif at 0x766691e17420>), 'select__k': 5, 'transform': None}",,,,,,451,,,,,,451,,,,,,451
0.0017231305440266926,0.001417940727342308,0.0,0.0,SMOTE(random_state=42),0.01,2000,2,l2,42,lbfgs,1e-06,SimpleImputer(strategy='median'),SelectKBest(score_func=<function mutual_info_classif at 0x766691e17420>),9,,"{'balance': SMOTE(random_state=42), 'classify__C': 0.01, 'classify__max_iter': 2000, 'classify__n_jobs': 2, 'classify__penalty': 'l2', 'classify__random_state': 42, 'classify__solver': 'lbfgs', 'classify__tol': 1e-06, 'impute': SimpleImputer(strategy='median'), 'select': SelectKBest(score_func=<function mutual_info_classif at 0x766691e17420>), 'select__k': 9, 'transform': None}",,,,,,451,,,,,,451,,,,,,451
0.0007213751475016276,3.1659936583160944e-05,0.0,0.0,SMOTE(random_state=42),0.01,2000,2,l2,42,lbfgs,1e-06,SimpleImputer(strategy='median'),SelectKBest(score_func=<function mutual_info_classif at 0x766691e17420>),7,,"{'balance': SMOTE(random_state=42), 'classify__C': 0.01, 'classify__max_iter': 2000, 'classify__n_jobs': 2, 'classify__penalty': 'l2', 'classify__random_state': 42, 'classify__solver': 'lbfgs', 'classify__tol': 1e-06, 'impute': SimpleImputer(strategy='median'), 'select': SelectKBest(score_func=<function mutual_info_classif at 0x766691e17420>), 'select__k': 7, 'transform': None}",,,,,,451,,,,,,451,,,,,,451
0.0015954971313476562,0.0014273119086334113,0.0,0.0,SMOTE(random_state=42),0.1,200,2,l2,42,lbfgs,1e-08,SimpleImputer(strategy='median'),SelectKBest(score_func=<function mutual_info_classif at 0x766691e17420>),9,,"{'balance': SMOTE(random_state=42), 'classify__C': 0.1, 'classify__max_iter': 200, 'classify__n_jobs': 2, 'classify__penalty': 'l2', 'classify__random_state': 42, 'classify__solver': 'lbfgs', 'classify__tol': 1e-08, 'impute': SimpleImputer(strategy='median'), 'select': SelectKBest(score_func=<function mutual_info_classif at 0x766691e17420>), 'select__k': 9, 'transform': None}",,,,,,451,,,,,,451,,,,,,451
0.0005751450856526693,5.399477561779985e-06,0.0,0.0,SMOTE(random_state=42),0.1,200,2,l2,42,lbfgs,1e-08,SimpleImputer(strategy='median'),SelectKBest(score_func=<function mutual_info_classif at 0x766691e17420>),7,,"{'balance': SMOTE(random_state=42), 'classify__C': 0.1, 'classify__max_iter': 200, 'classify__n_jobs': 2, 'classify__penalty': 'l2', 'classify__random_state': 42, 'classify__solver': 'lbfgs', 'classify__tol': 1e-08, 'impute': SimpleImputer(strategy='median'), 'select': SelectKBest(score_func=<function mutual_info_classif at 0x766691e17420>), 'select__k': 7, 'transform': None}",,,,,,451,,,,,,451,,,,,,451
0.0005633831024169922,1.3660087712520215e-05,0.0,0.0,SMOTE(random_state=42),0.1,200,2,l2,42,lbfgs,1e-08,SimpleImputer(strategy='median'),SelectKBest(score_func=<function mutual_info_classif at 0x766691e17420>),5,,"{'balance': SMOTE(random_state=42), 'classify__C': 0.1, 'classify__max_iter': 200, 'classify__n_jobs': 2, 'classify__penalty': 'l2', 'classify__random_state': 42, 'classify__solver': 'lbfgs', 'classify__tol': 1e-08, 'impute': SimpleImputer(strategy='median'), 'select': SelectKBest(score_func=<function mutual_info_classif at 0x766691e17420>), 'select__k': 5, 'transform': None}",,,,,,451,,,,,,451,,,,,,451
0.001157204310099284,0.0009181921049832256,0.0,0.0,SMOTE(random_state=42),0.1,200,2,l2,42,lbfgs,1e-08,,SelectKBest(score_func=<function mutual_info_classif at 0x766691e17420>),9,,"{'balance': SMOTE(random_state=42), 'classify__C': 0.1, 'classify__max_iter': 200, 'classify__n_jobs': 2, 'classify__penalty': 'l2', 'classify__random_state': 42, 'classify__solver': 'lbfgs', 'classify__tol': 1e-08, 'impute': None, 'select': SelectKBest(score_func=<function mutual_info_classif at 0x766691e17420>), 'select__k': 9, 'transform': None}",,,,,,451,,,,,,451,,,,,,451
0.002884467442830404,0.003314412790669308,0.0,0.0,SMOTE(random_state=42),0.1,200,2,l2,42,lbfgs,1e-08,,SelectKBest(score_func=<function mutual_info_classif at 0x766691e17420>),7,,"{'balance': SMOTE(random_state=42), 'classify__C': 0.1, 'classify__max_iter': 200, 'classify__n_jobs': 2, 'classify__penalty': 'l2', 'classify__random_state': 42, 'classify__solver': 'lbfgs', 'classify__tol': 1e-08, 'impute': None, 'select': SelectKBest(score_func=<function mutual_info_classif at 0x766691e17420>), 'select__k': 7, 'transform': None}",,,,,,451,,,,,,451,,,,,,451
0.0012888113657633464,0.0011011754220681571,0.0,0.0,SMOTE(random_state=42),0.1,200,2,l2,42,lbfgs,1e-08,,SelectKBest(score_func=<function mutual_info_classif at 0x766691e17420>),5,,"{'balance': SMOTE(random_state=42), 'classify__C': 0.1, 'classify__max_iter': 200, 'classify__n_jobs': 2, 'classify__penalty': 'l2', 'classify__random_state': 42, 'classify__solver': 'lbfgs', 'classify__tol': 1e-08, 'impute': None, 'select': SelectKBest(score_func=<function mutual_info_classif at 0x766691e17420>), 'select__k': 5, 'transform': None}",,,,,,451,,,,,,451,,,,,,451
0.0026267369588216147,0.0028480681024643964,0.0,0.0,SMOTE(random_state=42),0.1,100,2,l2,42,lbfgs,0.0001,SimpleImputer(strategy='median'),SelectKBest(score_func=<function mutual_info_classif at 0x766691e17420>),9,,"{'balance': SMOTE(random_state=42), 'classify__C': 0.1, 'classify__max_iter': 100, 'classify__n_jobs': 2, 'classify__penalty': 'l2', 'classify__random_state': 42, 'classify__solver': 'lbfgs', 'classify__tol': 0.0001, 'impute': SimpleImputer(strategy='median'), 'select': SelectKBest(score_func=<function mutual_info_classif at 0x766691e17420>), 'select__k': 9, 'transform': None}",,,,,,451,,,,,,451,,,,,,451
0.002649386723836263,0.0028443053722796907,0.0,0.0,SMOTE(random_state=42),0.1,100,2,l2,42,lbfgs,0.0001,SimpleImputer(strategy='median'),SelectKBest(score_func=<function mutual_info_classif at 0x766691e17420>),7,,"{'balance': SMOTE(random_state=42), 'classify__C': 0.1, 'classify__max_iter': 100, 'classify__n_jobs': 2, 'classify__penalty': 'l2', 'classify__random_state': 42, 'classify__solver': 'lbfgs', 'classify__tol': 0.0001, 'impute': SimpleImputer(strategy='median'), 'select': SelectKBest(score_func=<function mutual_info_classif at 0x766691e17420>), 'select__k': 7, 'transform': None}",,,,,,451,,,,,,451,,,,,,451
0.004052162170410156,0.002525962569766246,0.0,0.0,SMOTE(random_state=42),0.1,100,2,l2,42,lbfgs,0.0001,SimpleImputer(strategy='median'),SelectKBest(score_func=<function mutual_info_classif at 0x766691e17420>),5,,"{'balance': SMOTE(random_state=42), 'classify__C': 0.1, 'classify__max_iter': 100, 'classify__n_jobs': 2, 'classify__penalty': 'l2', 'classify__random_state': 42, 'classify__solver': 'lbfgs', 'classify__tol': 0.0001, 'impute': SimpleImputer(strategy='median'), 'select': SelectKBest(score_func=<function mutual_info_classif at 0x766691e17420>), 'select__k': 5, 'transform': None}",,,,,,451,,,,,,451,,,,,,451
0.002653837203979492,0.0028410386059554297,0.0,0.0,SMOTE(random_state=42),0.1,100,2,l2,42,lbfgs,0.0001,,SelectKBest(score_func=<function mutual_info_classif at 0x766691e17420>),9,,"{'balance': SMOTE(random_state=42), 'classify__C': 0.1, 'classify__max_iter': 100, 'classify__n_jobs': 2, 'classify__penalty': 'l2', 'classify__random_state': 42, 'classify__solver': 'lbfgs', 'classify__tol': 0.0001, 'impute': None, 'select': SelectKBest(score_func=<function mutual_info_classif at 0x766691e17420>), 'select__k': 9, 'transform': None}",,,,,,451,,,,,,451,,,,,,451
0.0026672681172688804,0.002854850125583687,0.0,0.0,SMOTE(random_state=42),0.1,100,2,l2,42,lbfgs,0.0001,,SelectKBest(score_func=<function mutual_info_classif at 0x766691e17420>),7,,"{'balance': SMOTE(random_state=42), 'classify__C': 0.1, 'classify__max_iter': 100, 'classify__n_jobs': 2, 'classify__penalty': 'l2', 'classify__random_state': 42, 'classify__solver': 'lbfgs', 'classify__tol': 0.0001, 'impute': None, 'select': SelectKBest(score_func=<function mutual_info_classif at 0x766691e17420>), 'select__k': 7, 'transform': None}",,,,,,451,,,,,,451,,,,,,451
0.0026470025380452475,0.0028504357503741514,0.0,0.0,SMOTE(random_state=42),0.1,100,2,l2,42,lbfgs,0.0001,,SelectKBest(score_func=<function mutual_info_classif at 0x766691e17420>),5,,"{'balance': SMOTE(random_state=42), 'classify__C': 0.1, 'classify__max_iter': 100, 'classify__n_jobs': 2, 'classify__penalty': 'l2', 'classify__random_state': 42, 'classify__solver': 'lbfgs', 'classify__tol': 0.0001, 'impute': None, 'select': SelectKBest(score_func=<function mutual_info_classif at 0x766691e17420>), 'select__k': 5, 'transform': None}",,,,,,451,,,,,,451,,,,,,451
0.0027098655700683594,0.002845587105149982,0.0,0.0,SMOTE(random_state=42),0.1,100,2,l2,42,lbfgs,1e-06,SimpleImputer(strategy='median'),SelectKBest(score_func=<function mutual_info_classif at 0x766691e17420>),9,,"{'balance': SMOTE(random_state=42), 'classify__C': 0.1, 'classify__max_iter': 100, 'classify__n_jobs': 2, 'classify__penalty': 'l2', 'classify__random_state': 42, 'classify__solver': 'lbfgs', 'classify__tol': 1e-06, 'impute': SimpleImputer(strategy='median'), 'select': SelectKBest(score_func=<function mutual_info_classif at 0x766691e17420>), 'select__k': 9, 'transform': None}",,,,,,451,,,,,,451,,,,,,451
0.0007042090098063151,1.3235035065586129e-05,0.0,0.0,SMOTE(random_state=42),0.1,100,2,l2,42,lbfgs,1e-06,SimpleImputer(strategy='median'),SelectKBest(score_func=<function mutual_info_classif at 0x766691e17420>),7,,"{'balance': SMOTE(random_state=42), 'classify__C': 0.1, 'classify__max_iter': 100, 'classify__n_jobs': 2, 'classify__penalty': 'l2', 'classify__random_state': 42, 'classify__solver': 'lbfgs', 'classify__tol': 1e-06, 'impute': SimpleImputer(strategy='median'), 'select': SelectKBest(score_func=<function mutual_info_classif at 0x766691e17420>), 'select__k': 7, 'transform': None}",,,,,,451,,,,,,451,,,,,,451
0.0027348200480143228,0.0028402597911875802,0.0,0.0,SMOTE(random_state=42),0.1,100,2,l2,42,lbfgs,1e-06,SimpleImputer(strategy='median'),SelectKBest(score_func=<function mutual_info_classif at 0x766691e17420>),5,,"{'balance': SMOTE(random_state=42), 'classify__C': 0.1, 'classify__max_iter': 100, 'classify__n_jobs': 2, 'classify__penalty': 'l2', 'classify__random_state': 42, 'classify__solver': 'lbfgs', 'classify__tol': 1e-06, 'impute': SimpleImputer(strategy='median'), 'select': SelectKBest(score_func=<function mutual_info_classif at 0x766691e17420>), 'select__k': 5, 'transform': None}",,,,,,451,,,,,,451,,,,,,451
0.001669486363728841,0.001460765247671926,0.0,0.0,SMOTE(random_state=42),0.1,100,2,l2,42,lbfgs,1e-06,,SelectKBest(score_func=<function mutual_info_classif at 0x766691e17420>),9,,"{'balance': SMOTE(random_state=42), 'classify__C': 0.1, 'classify__max_iter': 100, 'classify__n_jobs': 2, 'classify__penalty': 'l2', 'classify__random_state': 42, 'classify__solver': 'lbfgs', 'classify__tol': 1e-06, 'impute': None, 'select': SelectKBest(score_func=<function mutual_info_classif at 0x766691e17420>), 'select__k': 9, 'transform': None}",,,,,,451,,,,,,451,,,,,,451
0.0020836194356282554,0.001933317821332349,0.0,0.0,SMOTE(random_state=42),0.1,500,2,l2,42,lbfgs,1e-08,SimpleImputer(strategy='median'),SelectKBest(score_func=<function mutual_info_classif at 0x766691e17420>),5,,"{'balance': SMOTE(random_state=42), 'classify__C': 0.1, 'classify__max_iter': 500, 'classify__n_jobs': 2, 'classify__penalty': 'l2', 'classify__random_state': 42, 'classify__solver': 'lbfgs', 'classify__tol': 1e-08, 'impute': SimpleImputer(strategy='median'), 'select': SelectKBest(score_func=<function mutual_info_classif at 0x766691e17420>), 'select__k': 5, 'transform': None}",,,,,,451,,,,,,451,,,,,,451
0.002505779266357422,0.0012869509525244758,0.0,0.0,SMOTE(random_state=42),0.1,500,2,l2,42,lbfgs,1e-08,,SelectKBest(score_func=<function mutual_info_classif at 0x766691e17420>),9,,"{'balance': SMOTE(random_state=42), 'classify__C': 0.1, 'classify__max_iter': 500, 'classify__n_jobs': 2, 'classify__penalty': 'l2', 'classify__random_state': 42, 'classify__solver': 'lbfgs', 'classify__tol': 1e-08, 'impute': None, 'select': SelectKBest(score_func=<function mutual_info_classif at 0x766691e17420>), 'select__k': 9, 'transform': None}",,,,,,451,,,,,,451,,,,,,451
0.0026372273763020835,0.0028594036045071036,0.0,0.0,SMOTE(random_state=42),0.1,500,2,l2,42,lbfgs,1e-08,,SelectKBest(score_func=<function mutual_info_classif at 0x766691e17420>),7,,"{'balance': SMOTE(random_state=42), 'classify__C': 0.1, 'classify__max_iter': 500, 'classify__n_jobs': 2, 'classify__penalty': 'l2', 'classify__random_state': 42, 'classify__solver': 'lbfgs', 'classify__tol': 1e-08, 'impute': None, 'select': SelectKBest(score_func=<function mutual_info_classif at 0x766691e17420>), 'select__k': 7, 'transform': None}",,,,,,451,,,,,,451,,,,,,451
0.0006349086761474609,5.186394196458662e-05,0.0,0.0,SMOTE(random_state=42),0.1,500,2,l2,42,lbfgs,1e-08,,SelectKBest(score_func=<function mutual_info_classif at 0x766691e17420>),5,,"{'balance': SMOTE(random_state=42), 'classify__C': 0.1, 'classify__max_iter': 500, 'classify__n_jobs': 2, 'classify__penalty': 'l2', 'classify__random_state': 42, 'classify__solver': 'lbfgs', 'classify__tol': 1e-08, 'impute': None, 'select': SelectKBest(score_func=<function mutual_info_classif at 0x766691e17420>), 'select__k': 5, 'transform': None}",,,,,,451,,,,,,451,,,,,,451
0.003765583038330078,0.0024446021104439397,0.0,0.0,SMOTE(random_state=42),0.1,200,2,l2,42,lbfgs,0.0001,SimpleImputer(strategy='median'),SelectKBest(score_func=<function mutual_info_classif at 0x766691e17420>),9,,"{'balance': SMOTE(random_state=42), 'classify__C': 0.1, 'classify__max_iter': 200, 'classify__n_jobs': 2, 'classify__penalty': 'l2', 'classify__random_state': 42, 'classify__solver': 'lbfgs', 'classify__tol': 0.0001, 'impute': SimpleImputer(strategy='median'), 'select': SelectKBest(score_func=<function mutual_info_classif at 0x766691e17420>), 'select__k': 9, 'transform': None}",,,,,,451,,,,,,451,,,,,,451
0.0017333030700683594,0.0014313997186586828,0.0,0.0,SMOTE(random_state=42),0.1,200,2,l2,42,lbfgs,0.0001,SimpleImputer(strategy='median'),SelectKBest(score_func=<function mutual_info_classif at 0x766691e17420>),7,,"{'balance': SMOTE(random_state=42), 'classify__C': 0.1, 'classify__max_iter': 200, 'classify__n_jobs': 2, 'classify__penalty': 'l2', 'classify__random_state': 42, 'classify__solver': 'lbfgs', 'classify__tol': 0.0001, 'impute': SimpleImputer(strategy='median'), 'select': SelectKBest(score_func=<function mutual_info_classif at 0x766691e17420>), 'select__k': 7, 'transform': None}",,,,,,451,,,,,,451,,,,,,451
0.0017547607421875,0.0014351845151982482,0.0,0.0,SMOTE(random_state=42),0.1,200,2,l2,42,lbfgs,0.0001,SimpleImputer(strategy='median'),SelectKBest(score_func=<function mutual_info_classif at 0x766691e17420>),5,,"{'balance': SMOTE(random_state=42), 'classify__C': 0.1, 'classify__max_iter': 200, 'classify__n_jobs': 2, 'classify__penalty': 'l2', 'classify__random_state': 42, 'classify__solver': 'lbfgs', 'classify__tol': 0.0001, 'impute': SimpleImputer(strategy='median'), 'select': SelectKBest(score_func=<function mutual_info_classif at 0x766691e17420>), 'select__k': 5, 'transform': None}",,,,,,451,,,,,,451,,,,,,451
0.0017501513163248699,0.0014156035266958925,0.0,0.0,SMOTE(random_state=42),0.1,200,2,l2,42,lbfgs,0.0001,,SelectKBest(score_func=<function mutual_info_classif at 0x766691e17420>),9,,"{'balance': SMOTE(random_state=42), 'classify__C': 0.1, 'classify__max_iter': 200, 'classify__n_jobs': 2, 'classify__penalty': 'l2', 'classify__random_state': 42, 'classify__solver': 'lbfgs', 'classify__tol': 0.0001, 'impute': None, 'select': SelectKBest(score_func=<function mutual_info_classif at 0x766691e17420>), 'select__k': 9, 'transform': None}",,,,,,451,,,,,,451,,,,,,451
0.001725594202677409,0.001406425106400184,0.0,0.0,SMOTE(random_state=42),0.1,200,2,l2,42,lbfgs,0.0001,,SelectKBest(score_func=<function mutual_info_classif at 0x766691e17420>),7,,"{'balance': SMOTE(random_state=42), 'classify__C': 0.1, 'classify__max_iter': 200, 'classify__n_jobs': 2, 'classify__penalty': 'l2', 'classify__random_state': 42, 'classify__solver': 'lbfgs', 'classify__tol': 0.0001, 'impute': None, 'select': SelectKBest(score_func=<function mutual_info_classif at 0x766691e17420>), 'select__k': 7, 'transform': None}",,,,,,451,,,,,,451,,,,,,451
0.0007184346516927084,8.275113185914456e-05,0.0,0.0,SMOTE(random_state=42),0.1,200,2,l2,42,lbfgs,0.0001,,SelectKBest(score_func=<function mutual_info_classif at 0x766691e17420>),5,,"{'balance': SMOTE(random_state=42), 'classify__C': 0.1, 'classify__max_iter': 200, 'classify__n_jobs': 2, 'classify__penalty': 'l2', 'classify__random_state': 42, 'classify__solver': 'lbfgs', 'classify__tol': 0.0001, 'impute': None, 'select': SelectKBest(score_func=<function mutual_info_classif at 0x766691e17420>), 'select__k': 5, 'transform': None}",,,,,,451,,,,,,451,,,,,,451
0.0009046395619710287,1.3663323878535249e-05,0.0,0.0,SMOTE(random_state=42),0.1,200,2,l2,42,lbfgs,1e-06,SimpleImputer(strategy='median'),SelectKBest(score_func=<function mutual_info_classif at 0x766691e17420>),9,,"{'balance': SMOTE(random_state=42), 'classify__C': 0.1, 'classify__max_iter': 200, 'classify__n_jobs': 2, 'classify__penalty': 'l2', 'classify__random_state': 42, 'classify__solver': 'lbfgs', 'classify__tol': 1e-06, 'impute': SimpleImputer(strategy='median'), 'select': SelectKBest(score_func=<function mutual_info_classif at 0x766691e17420>), 'select__k': 9, 'transform': None}",,,,,,451,,,,,,451,,,,,,451
0.002818028132120768,0.0028195269362919022,0.0,0.0,SMOTE(random_state=42),0.1,200,2,l2,42,lbfgs,1e-06,SimpleImputer(strategy='median'),SelectKBest(score_func=<function mutual_info_classif at 0x766691e17420>),7,,"{'balance': SMOTE(random_state=42), 'classify__C': 0.1, 'classify__max_iter': 200, 'classify__n_jobs': 2, 'classify__penalty': 'l2', 'classify__random_state': 42, 'classify__solver': 'lbfgs', 'classify__tol': 1e-06, 'impute': SimpleImputer(strategy='median'), 'select': SelectKBest(score_func=<function mutual_info_classif at 0x766691e17420>), 'select__k': 7, 'transform': None}",,,,,,451,,,,,,451,,,,,,451
0.0035185813903808594,0.0038503962916005127,0.0,0.0,SMOTE(random_state=42),0.1,200,2,l2,42,lbfgs,1e-06,SimpleImputer(strategy='median'),SelectKBest(score_func=<function mutual_info_classif at 0x766691e17420>),5,,"{'balance': SMOTE(random_state=42), 'classify__C': 0.1, 'classify__max_iter': 200, 'classify__n_jobs': 2, 'classify__penalty': 'l2', 'classify__random_state': 42, 'classify__solver': 'lbfgs', 'classify__tol': 1e-06, 'impute': SimpleImputer(strategy='median'), 'select': SelectKBest(score_func=<function mutual_info_classif at 0x766691e17420>), 'select__k': 5, 'transform': None}",,,,,,451,,,,,,451,,,,,,451
0.0007366339365641276,5.520281171630845e-05,0.0,0.0,SMOTE(random_state=42),0.1,200,2,l2,42,lbfgs,1e-06,,SelectKBest(score_func=<function mutual_info_classif at 0x766691e17420>),9,,"{'balance': SMOTE(random_state=42), 'classify__C': 0.1, 'classify__max_iter': 200, 'classify__n_jobs': 2, 'classify__penalty': 'l2', 'classify__random_state': 42, 'classify__solver': 'lbfgs', 'classify__tol': 1e-06, 'impute': None, 'select': SelectKBest(score_func=<function mutual_info_classif at 0x766691e17420>), 'select__k': 9, 'transform': None}",,,,,,451,,,,,,451,,,,,,451
0.001224199930826823,0.0010062197769472759,0.0,0.0,SMOTE(random_state=42),0.1,200,2,l2,42,lbfgs,1e-06,,SelectKBest(score_func=<function mutual_info_classif at 0x766691e17420>),7,,"{'balance': SMOTE(random_state=42), 'classify__C': 0.1, 'classify__max_iter': 200, 'classify__n_jobs': 2, 'classify__penalty': 'l2', 'classify__random_state': 42, 'classify__solver': 'lbfgs', 'classify__tol': 1e-06, 'impute': None, 'select': SelectKBest(score_func=<function mutual_info_classif at 0x766691e17420>), 'select__k': 7, 'transform': None}",,,,,,451,,,,,,451,,,,,,451
0.0005349318186442057,1.9764630183292847e-05,0.0,0.0,SMOTE(random_state=42),0.1,200,2,l2,42,lbfgs,1e-06,,SelectKBest(score_func=<function mutual_info_classif at 0x766691e17420>),5,,"{'balance': SMOTE(random_state=42), 'classify__C': 0.1, 'classify__max_iter': 200, 'classify__n_jobs': 2, 'classify__penalty': 'l2', 'classify__random_state': 42, 'classify__solver': 'lbfgs', 'classify__tol': 1e-06, 'impute': None, 'select': SelectKBest(score_func=<function mutual_info_classif at 0x766691e17420>), 'select__k': 5, 'transform': None}",,,,,,451,,,,,,451,,,,,,451
0.0005351702372233073,6.562167915771172e-06,0.0,0.0,SMOTE(random_state=42),0.1,1000,2,l2,42,lbfgs,1e-08,,SelectKBest(score_func=<function mutual_info_classif at 0x766691e17420>),7,,"{'balance': SMOTE(random_state=42), 'classify__C': 0.1, 'classify__max_iter': 1000, 'classify__n_jobs': 2, 'classify__penalty': 'l2', 'classify__random_state': 42, 'classify__solver': 'lbfgs', 'classify__tol': 1e-08, 'impute': None, 'select': SelectKBest(score_func=<function mutual_info_classif at 0x766691e17420>), 'select__k': 7, 'transform': None}",,,,,,451,,,,,,451,,,,,,451
0.0015629132588704426,0.0013878451002371903,0.0,0.0,SMOTE(random_state=42),0.1,1000,2,l2,42,lbfgs,1e-08,,SelectKBest(score_func=<function mutual_info_classif at 0x766691e17420>),5,,"{'balance': SMOTE(random_state=42), 'classify__C': 0.1, 'classify__max_iter': 1000, 'classify__n_jobs': 2, 'classify__penalty': 'l2', 'classify__random_state': 42, 'classify__solver': 'lbfgs', 'classify__tol': 1e-08, 'impute': None, 'select': SelectKBest(score_func=<function mutual_info_classif at 0x766691e17420>), 'select__k': 5, 'transform': None}",,,,,,451,,,,,,451,,,,,,451
0.0005578994750976562,1.659480088986692e-05,0.0,0.0,SMOTE(random_state=42),0.1,500,2,l2,42,lbfgs,0.0001,SimpleImputer(strategy='median'),SelectKBest(score_func=<function mutual_info_classif at 0x766691e17420>),9,,"{'balance': SMOTE(random_state=42), 'classify__C': 0.1, 'classify__max_iter': 500, 'classify__n_jobs': 2, 'classify__penalty': 'l2', 'classify__random_state': 42, 'classify__solver': 'lbfgs', 'classify__tol': 0.0001, 'impute': SimpleImputer(strategy='median'), 'select': SelectKBest(score_func=<function mutual_info_classif at 0x766691e17420>), 'select__k': 9, 'transform': None}",,,,,,451,,,,,,451,,,,,,451
0.001620928446451823,0.001422313649476055,0.0,0.0,SMOTE(random_state=42),0.1,500,2,l2,42,lbfgs,0.0001,SimpleImputer(strategy='median'),SelectKBest(score_func=<function mutual_info_classif at 0x766691e17420>),7,,"{'balance': SMOTE(random_state=42), 'classify__C': 0.1, 'classify__max_iter': 500, 'classify__n_jobs': 2, 'classify__penalty': 'l2', 'classify__random_state': 42, 'classify__solver': 'lbfgs', 'classify__tol': 0.0001, 'impute': SimpleImputer(strategy='median'), 'select': SelectKBest(score_func=<function mutual_info_classif at 0x766691e17420>), 'select__k': 7, 'transform': None}",,,,,,451,,,,,,451,,,,,,451
0.0005867481231689453,3.70314532824558e-05,0.0,0.0,SMOTE(random_state=42),0.1,500,2,l2,42,lbfgs,0.0001,SimpleImputer(strategy='median'),SelectKBest(score_func=<function mutual_info_classif at 0x766691e17420>),5,,"{'balance': SMOTE(random_state=42), 'classify__C': 0.1, 'classify__max_iter': 500, 'classify__n_jobs': 2, 'classify__penalty': 'l2', 'classify__random_state': 42, 'classify__solver': 'lbfgs', 'classify__tol': 0.0001, 'impute': SimpleImputer(strategy='median'), 'select': SelectKBest(score_func=<function mutual_info_classif at 0x766691e17420>), 'select__k': 5, 'transform': None}",,,,,,451,,,,,,451,,,,,,451
0.0004859765370686849,1.616369341936216e-05,0.0,0.0,SMOTE(random_state=42),0.1,500,2,l2,42,lbfgs,0.0001,,SelectKBest(score_func=<function mutual_info_classif at 0x766691e17420>),9,,"{'balance': SMOTE(random_state=42), 'classify__C': 0.1, 'classify__max_iter': 500, 'classify__n_jobs': 2, 'classify__penalty': 'l2', 'classify__random_state': 42, 'classify__solver': 'lbfgs', 'classify__tol': 0.0001, 'impute': None, 'select': SelectKBest(score_func=<function mutual_info_classif at 0x766691e17420>), 'select__k': 9, 'transform': None}",,,,,,451,,,,,,451,,,,,,451
0.0005003611246744791,1.9766547435186507e-05,0.0,0.0,SMOTE(random_state=42),0.1,500,2,l2,42,lbfgs,0.0001,,SelectKBest(score_func=<function mutual_info_classif at 0x766691e17420>),7,,"{'balance': SMOTE(random_state=42), 'classify__C': 0.1, 'classify__max_iter': 500, 'classify__n_jobs': 2, 'classify__penalty': 'l2', 'classify__random_state': 42, 'classify__solver': 'lbfgs', 'classify__tol': 0.0001, 'impute': None, 'select': SelectKBest(score_func=<function mutual_info_classif at 0x766691e17420>), 'select__k': 7, 'transform': None}",,,,,,451,,,,,,451,,,,,,451
0.0005177656809488932,1.1487608752611672e-05,0.0,0.0,SMOTE(random_state=42),0.1,500,2,l2,42,lbfgs,0.0001,,SelectKBest(score_func=<function mutual_info_classif at 0x766691e17420>),5,,"{'balance': SMOTE(random_state=42), 'classify__C': 0.1, 'classify__max_iter': 500, 'classify__n_jobs': 2, 'classify__penalty': 'l2', 'classify__random_state': 42, 'classify__solver': 'lbfgs', 'classify__tol': 0.0001, 'impute': None, 'select': SelectKBest(score_func=<function mutual_info_classif at 0x766691e17420>), 'select__k': 5, 'transform': None}",,,,,,451,,,,,,451,,,,,,451
0.0006037553151448568,4.059950980472541e-05,0.0,0.0,SMOTE(random_state=42),0.1,500,2,l2,42,lbfgs,1e-06,SimpleImputer(strategy='median'),SelectKBest(score_func=<function mutual_info_classif at 0x766691e17420>),9,,"{'balance': SMOTE(random_state=42), 'classify__C': 0.1, 'classify__max_iter': 500, 'classify__n_jobs': 2, 'classify__penalty': 'l2', 'classify__random_state': 42, 'classify__solver': 'lbfgs', 'classify__tol': 1e-06, 'impute': SimpleImputer(strategy='median'), 'select': SelectKBest(score_func=<function mutual_info_classif at 0x766691e17420>), 'select__k': 9, 'transform': None}",,,,,,451,,,,,,451,,,,,,451
0.0005902449289957682,3.2093852707780334e-05,0.0,0.0,SMOTE(random_state=42),0.1,500,2,l2,42,lbfgs,1e-06,SimpleImputer(strategy='median'),SelectKBest(score_func=<function mutual_info_classif at 0x766691e17420>),7,,"{'balance': SMOTE(random_state=42), 'classify__C': 0.1, 'classify__max_iter': 500, 'classify__n_jobs': 2, 'classify__penalty': 'l2', 'classify__random_state': 42, 'classify__solver': 'lbfgs', 'classify__tol': 1e-06, 'impute': SimpleImputer(strategy='median'), 'select': SelectKBest(score_func=<function mutual_info_classif at 0x766691e17420>), 'select__k': 7, 'transform': None}",,,,,,451,,,,,,451,,,,,,451
0.0005495548248291016,1.2088237343998937e-05,0.0,0.0,SMOTE(random_state=42),0.1,500,2,l2,42,lbfgs,1e-06,SimpleImputer(strategy='median'),SelectKBest(score_func=<function mutual_info_classif at 0x766691e17420>),5,,"{'balance': SMOTE(random_state=42), 'classify__C': 0.1, 'classify__max_iter': 500, 'classify__n_jobs': 2, 'classify__penalty': 'l2', 'classify__random_state': 42, 'classify__solver': 'lbfgs', 'classify__tol': 1e-06, 'impute': SimpleImputer(strategy='median'), 'select': SelectKBest(score_func=<function mutual_info_classif at 0x766691e17420>), 'select__k': 5, 'transform': None}",,,,,,451,,,,,,451,,,,,,451
0.0005269050598144531,1.1903432085483054e-05,0.0,0.0,SMOTE(random_state=42),0.1,500,2,l2,42,lbfgs,1e-06,,SelectKBest(score_func=<function mutual_info_classif at 0x766691e17420>),9,,"{'balance': SMOTE(random_state=42), 'classify__C': 0.1, 'classify__max_iter': 500, 'classify__n_jobs': 2, 'classify__penalty': 'l2', 'classify__random_state': 42, 'classify__solver': 'lbfgs', 'classify__tol': 1e-06, 'impute': None, 'select': SelectKBest(score_func=<function mutual_info_classif at 0x766691e17420>), 'select__k': 9, 'transform': None}",,,,,,451,,,,,,451,,,,,,451
0.000576178232828776,4.1821606073958305e-05,0.0,0.0,SMOTE(random_state=42),0.1,500,2,l2,42,lbfgs,1e-06,,SelectKBest(score_func=<function mutual_info_classif at 0x766691e17420>),7,,"{'balance': SMOTE(random_state=42), 'classify__C': 0.1, 'classify__max_iter': 500, 'classify__n_jobs': 2, 'classify__penalty': 'l2', 'classify__random_state': 42, 'classify__solver': 'lbfgs', 'classify__tol': 1e-06, 'impute': None, 'select': SelectKBest(score_func=<function mutual_info_classif at 0x766691e17420>), 'select__k': 7, 'transform': None}",,,,,,451,,,,,,451,,,,,,451
0.0006879965464274088,2.570305129495657e-06,0.0,0.0,SMOTE(random_state=42),0.1,500,2,l2,42,lbfgs,1e-06,,SelectKBest(score_func=<function mutual_info_classif at 0x766691e17420>),5,,"{'balance': SMOTE(random_state=42), 'classify__C': 0.1, 'classify__max_iter': 500, 'classify__n_jobs': 2, 'classify__penalty': 'l2', 'classify__random_state': 42, 'classify__solver': 'lbfgs', 'classify__tol': 1e-06, 'impute': None, 'select': SelectKBest(score_func=<function mutual_info_classif at 0x766691e17420>), 'select__k': 5, 'transform': None}",,,,,,451,,,,,,451,,,,,,451
0.0011113484700520833,0.0004904807881947492,0.0,0.0,SMOTE(random_state=42),0.1,500,2,l2,42,lbfgs,1e-08,SimpleImputer(strategy='median'),SelectKBest(score_func=<function mutual_info_classif at 0x766691e17420>),9,,"{'balance': SMOTE(random_state=42), 'classify__C': 0.1, 'classify__max_iter': 500, 'classify__n_jobs': 2, 'classify__penalty': 'l2', 'classify__random_state': 42, 'classify__solver': 'lbfgs', 'classify__tol': 1e-08, 'impute': SimpleImputer(strategy='median'), 'select': SelectKBest(score_func=<function mutual_info_classif at 0x766691e17420>), 'select__k': 9, 'transform': None}",,,,,,451,,,,,,451,,,,,,451
0.004287322362263997,0.0027355039759670925,0.0,0.0,SMOTE(random_state=42),0.1,500,2,l2,42,lbfgs,1e-08,SimpleImputer(strategy='median'),SelectKBest(score_func=<function mutual_info_classif at 0x766691e17420>),7,,"{'balance': SMOTE(random_state=42), 'classify__C': 0.1, 'classify__max_iter': 500, 'classify__n_jobs': 2, 'classify__penalty': 'l2', 'classify__random_state': 42, 'classify__solver': 'lbfgs', 'classify__tol': 1e-08, 'impute': SimpleImputer(strategy='median'), 'select': SelectKBest(score_func=<function mutual_info_classif at 0x766691e17420>), 'select__k': 7, 'transform': None}",,,,,,451,,,,,,451,,,,,,451
0.0007379055023193359,2.689167110365586e-05,0.0,0.0,SMOTE(random_state=42),0.1,1000,2,l2,42,lbfgs,0.0001,SimpleImputer(strategy='median'),SelectKBest(score_func=<function mutual_info_classif at 0x766691e17420>),9,,"{'balance': SMOTE(random_state=42), 'classify__C': 0.1, 'classify__max_iter': 1000, 'classify__n_jobs': 2, 'classify__penalty': 'l2', 'classify__random_state': 42, 'classify__solver': 'lbfgs', 'classify__tol': 0.0001, 'impute': SimpleImputer(strategy='median'), 'select': SelectKBest(score_func=<function mutual_info_classif at 0x766691e17420>), 'select__k': 9, 'transform': None}",,,,,,451,,,,,,451,,,,,,451
0.0027539730072021484,0.0013847118865930681,0.0,0.0,SMOTE(random_state=42),0.1,1000,2,l2,42,lbfgs,0.0001,SimpleImputer(strategy='median'),SelectKBest(score_func=<function mutual_info_classif at 0x766691e17420>),7,,"{'balance': SMOTE(random_state=42), 'classify__C': 0.1, 'classify__max_iter': 1000, 'classify__n_jobs': 2, 'classify__penalty': 'l2', 'classify__random_state': 42, 'classify__solver': 'lbfgs', 'classify__tol': 0.0001, 'impute': SimpleImputer(strategy='median'), 'select': SelectKBest(score_func=<function mutual_info_classif at 0x766691e17420>), 'select__k': 7, 'transform': None}",,,,,,451,,,,,,451,,,,,,451
0.0008691946665445963,3.727082245374671e-05,0.0,0.0,SMOTE(random_state=42),0.1,1000,2,l2,42,lbfgs,0.0001,SimpleImputer(strategy='median'),SelectKBest(score_func=<function mutual_info_classif at 0x766691e17420>),5,,"{'balance': SMOTE(random_state=42), 'classify__C': 0.1, 'classify__max_iter': 1000, 'classify__n_jobs': 2, 'classify__penalty': 'l2', 'classify__random_state': 42, 'classify__solver': 'lbfgs', 'classify__tol': 0.0001, 'impute': SimpleImputer(strategy='median'), 'select': SelectKBest(score_func=<function mutual_info_classif at 0x766691e17420>), 'select__k': 5, 'transform': None}",,,,,,451,,,,,,451,,,,,,451
0.0032226244608561196,0.003076462318707354,0.0,0.0,SMOTE(random_state=42),0.1,1000,2,l2,42,lbfgs,0.0001,,SelectKBest(score_func=<function mutual_info_classif at 0x766691e17420>),9,,"{'balance': SMOTE(random_state=42), 'classify__C': 0.1, 'classify__max_iter': 1000, 'classify__n_jobs': 2, 'classify__penalty': 'l2', 'classify__random_state': 42, 'classify__solver': 'lbfgs', 'classify__tol': 0.0001, 'impute': None, 'select': SelectKBest(score_func=<function mutual_info_classif at 0x766691e17420>), 'select__k': 9, 'transform': None}",,,,,,451,,,,,,451,,,,,,451
0.0026508172353108725,0.002967417583285385,0.0,0.0,SMOTE(random_state=42),0.1,1000,2,l2,42,lbfgs,0.0001,,SelectKBest(score_func=<function mutual_info_classif at 0x766691e17420>),7,,"{'balance': SMOTE(random_state=42), 'classify__C': 0.1, 'classify__max_iter': 1000, 'classify__n_jobs': 2, 'classify__penalty': 'l2', 'classify__random_state': 42, 'classify__solver': 'lbfgs', 'classify__tol': 0.0001, 'impute': None, 'select': SelectKBest(score_func=<function mutual_info_classif at 0x766691e17420>), 'select__k': 7, 'transform': None}",,,,,,451,,,,,,451,,,,,,451
0.0008911291758219401,0.00046422321204485036,0.0,0.0,SMOTE(random_state=42),0.1,1000,2,l2,42,lbfgs,0.0001,,SelectKBest(score_func=<function mutual_info_classif at 0x766691e17420>),5,,"{'balance': SMOTE(random_state=42), 'classify__C': 0.1, 'classify__max_iter': 1000, 'classify__n_jobs': 2, 'classify__penalty': 'l2', 'classify__random_state': 42, 'classify__solver': 'lbfgs', 'classify__tol': 0.0001, 'impute': None, 'select': SelectKBest(score_func=<function mutual_info_classif at 0x766691e17420>), 'select__k': 5, 'transform': None}",,,,,,451,,,,,,451,,,,,,451
0.0009678204854329427,0.0004770463378701322,0.0,0.0,SMOTE(random_state=42),0.1,1000,2,l2,42,lbfgs,1e-06,SimpleImputer(strategy='median'),SelectKBest(score_func=<function mutual_info_classif at 0x766691e17420>),9,,"{'balance': SMOTE(random_state=42), 'classify__C': 0.1, 'classify__max_iter': 1000, 'classify__n_jobs': 2, 'classify__penalty': 'l2', 'classify__random_state': 42, 'classify__solver': 'lbfgs', 'classify__tol': 1e-06, 'impute': SimpleImputer(strategy='median'), 'select': SelectKBest(score_func=<function mutual_info_classif at 0x766691e17420>), 'select__k': 9, 'transform': None}",,,,,,451,,,,,,451,,,,,,451
0.0007268587748209635,6.152872766440627e-05,0.0,0.0,SMOTE(random_state=42),0.1,1000,2,l2,42,lbfgs,1e-06,SimpleImputer(strategy='median'),SelectKBest(score_func=<function mutual_info_classif at 0x766691e17420>),7,,"{'balance': SMOTE(random_state=42), 'classify__C': 0.1, 'classify__max_iter': 1000, 'classify__n_jobs': 2, 'classify__penalty': 'l2', 'classify__random_state': 42, 'classify__solver': 'lbfgs', 'classify__tol': 1e-06, 'impute': SimpleImputer(strategy='median'), 'select': SelectKBest(score_func=<function mutual_info_classif at 0x766691e17420>), 'select__k': 7, 'transform': None}",,,,,,451,,,,,,451,,,,,,451
0.0026189486185709634,0.0013572632503154884,0.0,0.0,SMOTE(random_state=42),0.1,1000,2,l2,42,lbfgs,1e-06,SimpleImputer(strategy='median'),SelectKBest(score_func=<function mutual_info_classif at 0x766691e17420>),5,,"{'balance': SMOTE(random_state=42), 'classify__C': 0.1, 'classify__max_iter': 1000, 'classify__n_jobs': 2, 'classify__penalty': 'l2', 'classify__random_state': 42, 'classify__solver': 'lbfgs', 'classify__tol': 1e-06, 'impute': SimpleImputer(strategy='median'), 'select': SelectKBest(score_func=<function mutual_info_classif at 0x766691e17420>), 'select__k': 5, 'transform': None}",,,,,,451,,,,,,451,,,,,,451
0.0005577405293782552,3.888603045816709e-05,0.0,0.0,SMOTE(random_state=42),0.1,1000,2,l2,42,lbfgs,1e-06,,SelectKBest(score_func=<function mutual_info_classif at 0x766691e17420>),9,,"{'balance': SMOTE(random_state=42), 'classify__C': 0.1, 'classify__max_iter': 1000, 'classify__n_jobs': 2, 'classify__penalty': 'l2', 'classify__random_state': 42, 'classify__solver': 'lbfgs', 'classify__tol': 1e-06, 'impute': None, 'select': SelectKBest(score_func=<function mutual_info_classif at 0x766691e17420>), 'select__k': 9, 'transform': None}",,,,,,451,,,,,,451,,,,,,451
0.0015477339426676433,0.0014233334422072631,0.0,0.0,SMOTE(random_state=42),0.1,1000,2,l2,42,lbfgs,1e-06,,SelectKBest(score_func=<function mutual_info_classif at 0x766691e17420>),7,,"{'balance': SMOTE(random_state=42), 'classify__C': 0.1, 'classify__max_iter': 1000, 'classify__n_jobs': 2, 'classify__penalty': 'l2', 'classify__random_state': 42, 'classify__solver': 'lbfgs', 'classify__tol': 1e-06, 'impute': None, 'select': SelectKBest(score_func=<function mutual_info_classif at 0x766691e17420>), 'select__k': 7, 'transform': None}",,,,,,451,,,,,,451,,,,,,451
0.0005244414011637369,1.3275060464621727e-05,0.0,0.0,SMOTE(random_state=42),0.1,1000,2,l2,42,lbfgs,1e-06,,SelectKBest(score_func=<function mutual_info_classif at 0x766691e17420>),5,,"{'balance': SMOTE(random_state=42), 'classify__C': 0.1, 'classify__max_iter': 1000, 'classify__n_jobs': 2, 'classify__penalty': 'l2', 'classify__random_state': 42, 'classify__solver': 'lbfgs', 'classify__tol': 1e-06, 'impute': None, 'select': SelectKBest(score_func=<function mutual_info_classif at 0x766691e17420>), 'select__k': 5, 'transform': None}",,,,,,451,,,,,,451,,,,,,451
0.001676638921101888,0.0014886807246402684,0.0,0.0,SMOTE(random_state=42),0.1,1000,2,l2,42,lbfgs,1e-08,SimpleImputer(strategy='median'),SelectKBest(score_func=<function mutual_info_classif at 0x766691e17420>),9,,"{'balance': SMOTE(random_state=42), 'classify__C': 0.1, 'classify__max_iter': 1000, 'classify__n_jobs': 2, 'classify__penalty': 'l2', 'classify__random_state': 42, 'classify__solver': 'lbfgs', 'classify__tol': 1e-08, 'impute': SimpleImputer(strategy='median'), 'select': SelectKBest(score_func=<function mutual_info_classif at 0x766691e17420>), 'select__k': 9, 'transform': None}",,,,,,451,,,,,,451,,,,,,451
0.0017364025115966797,0.0013760350961492182,0.0,0.0,SMOTE(random_state=42),0.1,1000,2,l2,42,lbfgs,1e-08,SimpleImputer(strategy='median'),SelectKBest(score_func=<function mutual_info_classif at 0x766691e17420>),7,,"{'balance': SMOTE(random_state=42), 'classify__C': 0.1, 'classify__max_iter': 1000, 'classify__n_jobs': 2, 'classify__penalty': 'l2', 'classify__random_state': 42, 'classify__solver': 'lbfgs', 'classify__tol': 1e-08, 'impute': SimpleImputer(strategy='median'), 'select': SelectKBest(score_func=<function mutual_info_classif at 0x766691e17420>), 'select__k': 7, 'transform': None}",,,,,,451,,,,,,451,,,,,,451
0.0006297429402669271,5.595826211427498e-05,0.0,0.0,SMOTE(random_state=42),0.1,1000,2,l2,42,lbfgs,1e-08,SimpleImputer(strategy='median'),SelectKBest(score_func=<function mutual_info_classif at 0x766691e17420>),5,,"{'balance': SMOTE(random_state=42), 'classify__C': 0.1, 'classify__max_iter': 1000, 'classify__n_jobs': 2, 'classify__penalty': 'l2', 'classify__random_state': 42, 'classify__solver': 'lbfgs', 'classify__tol': 1e-08, 'impute': SimpleImputer(strategy='median'), 'select': SelectKBest(score_func=<function mutual_info_classif at 0x766691e17420>), 'select__k': 5, 'transform': None}",,,,,,451,,,,,,451,,,,,,451
0.0004926522572835287,1.4627756508191519e-05,0.0,0.0,SMOTE(random_state=42),0.1,1000,2,l2,42,lbfgs,1e-08,,SelectKBest(score_func=<function mutual_info_classif at 0x766691e17420>),9,,"{'balance': SMOTE(random_state=42), 'classify__C': 0.1, 'classify__max_iter': 1000, 'classify__n_jobs': 2, 'classify__penalty': 'l2', 'classify__random_state': 42, 'classify__solver': 'lbfgs', 'classify__tol': 1e-08, 'impute': None, 'select': SelectKBest(score_func=<function mutual_info_classif at 0x766691e17420>), 'select__k': 9, 'transform': None}",,,,,,451,,,,,,451,,,,,,451
0.003772576649983724,0.004213845343121908,0.0,0.0,SMOTE(random_state=42),0.1,2000,2,l2,42,lbfgs,0.0001,SimpleImputer(strategy='median'),SelectKBest(score_func=<function mutual_info_classif at 0x766691e17420>),5,,"{'balance': SMOTE(random_state=42), 'classify__C': 0.1, 'classify__max_iter': 2000, 'classify__n_jobs': 2, 'classify__penalty': 'l2', 'classify__random_state': 42, 'classify__solver': 'lbfgs', 'classify__tol': 0.0001, 'impute': SimpleImputer(strategy='median'), 'select': SelectKBest(score_func=<function mutual_info_classif at 0x766691e17420>), 'select__k': 5, 'transform': None}",,,,,,451,,,,,,451,,,,,,451
0.0036420822143554688,0.004254305562081137,0.0,0.0,SMOTE(random_state=42),0.1,2000,2,l2,42,lbfgs,0.0001,,SelectKBest(score_func=<function mutual_info_classif at 0x766691e17420>),9,,"{'balance': SMOTE(random_state=42), 'classify__C': 0.1, 'classify__max_iter': 2000, 'classify__n_jobs': 2, 'classify__penalty': 'l2', 'classify__random_state': 42, 'classify__solver': 'lbfgs', 'classify__tol': 0.0001, 'impute': None, 'select': SelectKBest(score_func=<function mutual_info_classif at 0x766691e17420>), 'select__k': 9, 'transform': None}",,,,,,451,,,,,,451,,,,,,451
0.003647963205973307,0.004265657328262927,0.0,0.0,SMOTE(random_state=42),0.1,2000,2,l2,42,lbfgs,0.0001,,SelectKBest(score_func=<function mutual_info_classif at 0x766691e17420>),7,,"{'balance': SMOTE(random_state=42), 'classify__C': 0.1, 'classify__max_iter': 2000, 'classify__n_jobs': 2, 'classify__penalty': 'l2', 'classify__random_state': 42, 'classify__solver': 'lbfgs', 'classify__tol': 0.0001, 'impute': None, 'select': SelectKBest(score_func=<function mutual_info_classif at 0x766691e17420>), 'select__k': 7, 'transform': None}",,,,,,451,,,,,,451,,,,,,451
0.0036649703979492188,0.004262402019443827,0.0,0.0,SMOTE(random_state=42),0.1,2000,2,l2,42,lbfgs,0.0001,,SelectKBest(score_func=<function mutual_info_classif at 0x766691e17420>),5,,"{'balance': SMOTE(random_state=42), 'classify__C': 0.1, 'classify__max_iter': 2000, 'classify__n_jobs': 2, 'classify__penalty': 'l2', 'classify__random_state': 42, 'classify__solver': 'lbfgs', 'classify__tol': 0.0001, 'impute': None, 'select': SelectKBest(score_func=<function mutual_info_classif at 0x766691e17420>), 'select__k': 5, 'transform': None}",,,,,,451,,,,,,451,,,,,,451
0.0007480780283610026,9.640159433432215e-06,0.0,0.0,SMOTE(random_state=42),0.1,2000,2,l2,42,lbfgs,1e-06,SimpleImputer(strategy='median'),SelectKBest(score_func=<function mutual_info_classif at 0x766691e17420>),9,,"{'balance': SMOTE(random_state=42), 'classify__C': 0.1, 'classify__max_iter': 2000, 'classify__n_jobs': 2, 'classify__penalty': 'l2', 'classify__random_state': 42, 'classify__solver': 'lbfgs', 'classify__tol': 1e-06, 'impute': SimpleImputer(strategy='median'), 'select': SelectKBest(score_func=<function mutual_info_classif at 0x766691e17420>), 'select__k': 9, 'transform': None}",,,,,,451,,,,,,451,,,,,,451
0.003828922907511393,0.0042677130526992775,0.0,0.0,SMOTE(random_state=42),0.1,2000,2,l2,42,lbfgs,1e-06,SimpleImputer(strategy='median'),SelectKBest(score_func=<function mutual_info_classif at 0x766691e17420>),7,,"{'balance': SMOTE(random_state=42), 'classify__C': 0.1, 'classify__max_iter': 2000, 'classify__n_jobs': 2, 'classify__penalty': 'l2', 'classify__random_state': 42, 'classify__solver': 'lbfgs', 'classify__tol': 1e-06, 'impute': SimpleImputer(strategy='median'), 'select': SelectKBest(score_func=<function mutual_info_classif at 0x766691e17420>), 'select__k': 7, 'transform': None}",,,,,,451,,,,,,451,,,,,,451
0.0017896493275960286,0.0014217641248224417,0.0,0.0,SMOTE(random_state=42),0.1,2000,2,l2,42,lbfgs,1e-06,SimpleImputer(strategy='median'),SelectKBest(score_func=<function mutual_info_classif at 0x766691e17420>),5,,"{'balance': SMOTE(random_state=42), 'classify__C': 0.1, 'classify__max_iter': 2000, 'classify__n_jobs': 2, 'classify__penalty': 'l2', 'classify__random_state': 42, 'classify__solver': 'lbfgs', 'classify__tol': 1e-06, 'impute': SimpleImputer(strategy='median'), 'select': SelectKBest(score_func=<function mutual_info_classif at 0x766691e17420>), 'select__k': 5, 'transform': None}",,,,,,451,,,,,,451,,,,,,451
0.0017282168070475261,0.0014275125398563277,0.0,0.0,SMOTE(random_state=42),0.1,2000,2,l2,42,lbfgs,1e-06,,SelectKBest(score_func=<function mutual_info_classif at 0x766691e17420>),9,,"{'balance': SMOTE(random_state=42), 'classify__C': 0.1, 'classify__max_iter': 2000, 'classify__n_jobs': 2, 'classify__penalty': 'l2', 'classify__random_state': 42, 'classify__solver': 'lbfgs', 'classify__tol': 1e-06, 'impute': None, 'select': SelectKBest(score_func=<function mutual_info_classif at 0x766691e17420>), 'select__k': 9, 'transform': None}",,,,,,451,,,,,,451,,,,,,451
0.0016733805338541667,0.001456515033677297,0.0,0.0,SMOTE(random_state=42),0.1,2000,2,l2,42,lbfgs,1e-06,,SelectKBest(score_func=<function mutual_info_classif at 0x766691e17420>),7,,"{'balance': SMOTE(random_state=42), 'classify__C': 0.1, 'classify__max_iter': 2000, 'classify__n_jobs': 2, 'classify__penalty': 'l2', 'classify__random_state': 42, 'classify__solver': 'lbfgs', 'classify__tol': 1e-06, 'impute': None, 'select': SelectKBest(score_func=<function mutual_info_classif at 0x766691e17420>), 'select__k': 7, 'transform': None}",,,,,,451,,,,,,451,,,,,,451
0.0012316703796386719,0.0009758698354188053,0.0,0.0,SMOTE(random_state=42),0.1,2000,2,l2,42,lbfgs,1e-06,,SelectKBest(score_func=<function mutual_info_classif at 0x766691e17420>),5,,"{'balance': SMOTE(random_state=42), 'classify__C': 0.1, 'classify__max_iter': 2000, 'classify__n_jobs': 2, 'classify__penalty': 'l2', 'classify__random_state': 42, 'classify__solver': 'lbfgs', 'classify__tol': 1e-06, 'impute': None, 'select': SelectKBest(score_func=<function mutual_info_classif at 0x766691e17420>), 'select__k': 5, 'transform': None}",,,,,,451,,,,,,451,,,,,,451
0.0005578994750976562,2.661545952718813e-05,0.0,0.0,SMOTE(random_state=42),0.1,2000,2,l2,42,lbfgs,1e-08,SimpleImputer(strategy='median'),SelectKBest(score_func=<function mutual_info_classif at 0x766691e17420>),9,,"{'balance': SMOTE(random_state=42), 'classify__C': 0.1, 'classify__max_iter': 2000, 'classify__n_jobs': 2, 'classify__penalty': 'l2', 'classify__random_state': 42, 'classify__solver': 'lbfgs', 'classify__tol': 1e-08, 'impute': SimpleImputer(strategy='median'), 'select': SelectKBest(score_func=<function mutual_info_classif at 0x766691e17420>), 'select__k': 9, 'transform': None}",,,,,,451,,,,,,451,,,,,,451
0.000621636708577474,5.762182419138801e-05,0.0,0.0,SMOTE(random_state=42),0.1,2000,2,l2,42,lbfgs,1e-08,SimpleImputer(strategy='median'),SelectKBest(score_func=<function mutual_info_classif at 0x766691e17420>),7,,"{'balance': SMOTE(random_state=42), 'classify__C': 0.1, 'classify__max_iter': 2000, 'classify__n_jobs': 2, 'classify__penalty': 'l2', 'classify__random_state': 42, 'classify__solver': 'lbfgs', 'classify__tol': 1e-08, 'impute': SimpleImputer(strategy='median'), 'select': SelectKBest(score_func=<function mutual_info_classif at 0x766691e17420>), 'select__k': 7, 'transform': None}",,,,,,451,,,,,,451,,,,,,451
0.0007291634877522787,2.2487589600857757e-05,0.0,0.0,SMOTE(random_state=42),0.1,2000,2,l2,42,lbfgs,1e-08,SimpleImputer(strategy='median'),SelectKBest(score_func=<function mutual_info_classif at 0x766691e17420>),5,,"{'balance': SMOTE(random_state=42), 'classify__C': 0.1, 'classify__max_iter': 2000, 'classify__n_jobs': 2, 'classify__penalty': 'l2', 'classify__random_state': 42, 'classify__solver': 'lbfgs', 'classify__tol': 1e-08, 'impute': SimpleImputer(strategy='median'), 'select': SelectKBest(score_func=<function mutual_info_classif at 0x766691e17420>), 'select__k': 5, 'transform': None}",,,,,,451,,,,,,451,,,,,,451
0.0006380875905354818,2.604940441965248e-05,0.0,0.0,SMOTE(random_state=42),0.1,2000,2,l2,42,lbfgs,1e-08,,SelectKBest(score_func=<function mutual_info_classif at 0x766691e17420>),9,,"{'balance': SMOTE(random_state=42), 'classify__C': 0.1, 'classify__max_iter': 2000, 'classify__n_jobs': 2, 'classify__penalty': 'l2', 'classify__random_state': 42, 'classify__solver': 'lbfgs', 'classify__tol': 1e-08, 'impute': None, 'select': SelectKBest(score_func=<function mutual_info_classif at 0x766691e17420>), 'select__k': 9, 'transform': None}",,,,,,451,,,,,,451,,,,,,451
0.0006438096364339193,7.63270518210282e-06,0.0,0.0,SMOTE(random_state=42),0.1,2000,2,l2,42,lbfgs,1e-08,,SelectKBest(score_func=<function mutual_info_classif at 0x766691e17420>),7,,"{'balance': SMOTE(random_state=42), 'classify__C': 0.1, 'classify__max_iter': 2000, 'classify__n_jobs': 2, 'classify__penalty': 'l2', 'classify__random_state': 42, 'classify__solver': 'lbfgs', 'classify__tol': 1e-08, 'impute': None, 'select': SelectKBest(score_func=<function mutual_info_classif at 0x766691e17420>), 'select__k': 7, 'transform': None}",,,,,,451,,,,,,451,,,,,,451
0.0006406307220458984,3.7252855300872805e-05,0.0,0.0,SMOTE(random_state=42),0.1,2000,2,l2,42,lbfgs,1e-08,,SelectKBest(score_func=<function mutual_info_classif at 0x766691e17420>),5,,"{'balance': SMOTE(random_state=42), 'classify__C': 0.1, 'classify__max_iter': 2000, 'classify__n_jobs': 2, 'classify__penalty': 'l2', 'classify__random_state': 42, 'classify__solver': 'lbfgs', 'classify__tol': 1e-08, 'impute': None, 'select': SelectKBest(score_func=<function mutual_info_classif at 0x766691e17420>), 'select__k': 5, 'transform': None}",,,,,,451,,,,,,451,,,,,,451
0.0027758280436197915,0.0029042720363651174,0.0,0.0,SMOTE(random_state=42),1.0,100,2,l2,42,lbfgs,0.0001,,SelectKBest(score_func=<function mutual_info_classif at 0x766691e17420>),7,,"{'balance': SMOTE(random_state=42), 'classify__C': 1.0, 'classify__max_iter': 100, 'classify__n_jobs': 2, 'classify__penalty': 'l2', 'classify__random_state': 42, 'classify__solver': 'lbfgs', 'classify__tol': 0.0001, 'impute': None, 'select': SelectKBest(score_func=<function mutual_info_classif at 0x766691e17420>), 'select__k': 7, 'transform': None}",,,,,,451,,,,,,451,,,,,,451
0.002048015594482422,0.001999748136849218,0.0,0.0,SMOTE(random_state=42),1.0,100,2,l2,42,lbfgs,0.0001,,SelectKBest(score_func=<function mutual_info_classif at 0x766691e17420>),5,,"{'balance': SMOTE(random_state=42), 'classify__C': 1.0, 'classify__max_iter': 100, 'classify__n_jobs': 2, 'classify__penalty': 'l2', 'classify__random_state': 42, 'classify__solver': 'lbfgs', 'classify__tol': 0.0001, 'impute': None, 'select': SelectKBest(score_func=<function mutual_info_classif at 0x766691e17420>), 'select__k': 5, 'transform': None}",,,,,,451,,,,,,451,,,,,,451
0.003179629643758138,0.003389969345059563,0.0,0.0,SMOTE(random_state=42),1.0,100,2,l2,42,lbfgs,1e-06,SimpleImputer(strategy='median'),SelectKBest(score_func=<function mutual_info_classif at 0x766691e17420>),9,,"{'balance': SMOTE(random_state=42), 'classify__C': 1.0, 'classify__max_iter': 100, 'classify__n_jobs': 2, 'classify__penalty': 'l2', 'classify__random_state': 42, 'classify__solver': 'lbfgs', 'classify__tol': 1e-06, 'impute': SimpleImputer(strategy='median'), 'select': SelectKBest(score_func=<function mutual_info_classif at 0x766691e17420>), 'select__k': 9, 'transform': None}",,,,,,451,,,,,,451,,,,,,451
0.004185676574707031,0.003464109459862225,0.0,0.0,SMOTE(random_state=42),1.0,100,2,l2,42,lbfgs,1e-06,SimpleImputer(strategy='median'),SelectKBest(score_func=<function mutual_info_classif at 0x766691e17420>),7,,"{'balance': SMOTE(random_state=42), 'classify__C': 1.0, 'classify__max_iter': 100, 'classify__n_jobs': 2, 'classify__penalty': 'l2', 'classify__random_state': 42, 'classify__solver': 'lbfgs', 'classify__tol': 1e-06, 'impute': SimpleImputer(strategy='median'), 'select': SelectKBest(score_func=<function mutual_info_classif at 0x766691e17420>), 'select__k': 7, 'transform': None}",,,,,,451,,,,,,451,,,,,,451
0.0015950997670491536,0.0014046168075774075,0.0,0.0,SMOTE(random_state=42),1.0,100,2,l2,42,lbfgs,1e-06,SimpleImputer(strategy='median'),SelectKBest(score_func=<function mutual_info_classif at 0x766691e17420>),5,,"{'balance': SMOTE(random_state=42), 'classify__C': 1.0, 'classify__max_iter': 100, 'classify__n_jobs': 2, 'classify__penalty': 'l2', 'classify__random_state': 42, 'classify__solver': 'lbfgs', 'classify__tol': 1e-06, 'impute': SimpleImputer(strategy='median'), 'select': SelectKBest(score_func=<function mutual_info_classif at 0x766691e17420>), 'select__k': 5, 'transform': None}",,,,,,451,,,,,,451,,,,,,451
0.0005384286244710287,5.3615856935118244e-05,0.0,0.0,SMOTE(random_state=42),1.0,100,2,l2,42,lbfgs,1e-06,,SelectKBest(score_func=<function mutual_info_classif at 0x766691e17420>),9,,"{'balance': SMOTE(random_state=42), 'classify__C': 1.0, 'classify__max_iter': 100, 'classify__n_jobs': 2, 'classify__penalty': 'l2', 'classify__random_state': 42, 'classify__solver': 'lbfgs', 'classify__tol': 1e-06, 'impute': None, 'select': SelectKBest(score_func=<function mutual_info_classif at 0x766691e17420>), 'select__k': 9, 'transform': None}",,,,,,451,,,,,,451,,,,,,451
0.0016838709513346355,0.0016662143266223009,0.0,0.0,SMOTE(random_state=42),1.0,100,2,l2,42,lbfgs,1e-06,,SelectKBest(score_func=<function mutual_info_classif at 0x766691e17420>),7,,"{'balance': SMOTE(random_state=42), 'classify__C': 1.0, 'classify__max_iter': 100, 'classify__n_jobs': 2, 'classify__penalty': 'l2', 'classify__random_state': 42, 'classify__solver': 'lbfgs', 'classify__tol': 1e-06, 'impute': None, 'select': SelectKBest(score_func=<function mutual_info_classif at 0x766691e17420>), 'select__k': 7, 'transform': None}",,,,,,451,,,,,,451,,,,,,451
0.0004925727844238281,7.950464248911412e-06,0.0,0.0,SMOTE(random_state=42),1.0,100,2,l2,42,lbfgs,1e-06,,SelectKBest(score_func=<function mutual_info_classif at 0x766691e17420>),5,,"{'balance': SMOTE(random_state=42), 'classify__C': 1.0, 'classify__max_iter': 100, 'classify__n_jobs': 2, 'classify__penalty': 'l2', 'classify__random_state': 42, 'classify__solver': 'lbfgs', 'classify__tol': 1e-06, 'impute': None, 'select': SelectKBest(score_func=<function mutual_info_classif at 0x766691e17420>), 'select__k': 5, 'transform': None}",,,,,,451,,,,,,451,,,,,,451
0.001550436019897461,0.0014365617043397372,0.0,0.0,SMOTE(random_state=42),1.0,100,2,l2,42,lbfgs,1e-08,SimpleImputer(strategy='median'),SelectKBest(score_func=<function mutual_info_classif at 0x766691e17420>),9,,"{'balance': SMOTE(random_state=42), 'classify__C': 1.0, 'classify__max_iter': 100, 'classify__n_jobs': 2, 'classify__penalty': 'l2', 'classify__random_state': 42, 'classify__solver': 'lbfgs', 'classify__tol': 1e-08, 'impute': SimpleImputer(strategy='median'), 'select': SelectKBest(score_func=<function mutual_info_classif at 0x766691e17420>), 'select__k': 9, 'transform': None}",,,,,,451,,,,,,451,,,,,,451
0.0010006427764892578,0.0006284952822427708,0.0,0.0,SMOTE(random_state=42),1.0,100,2,l2,42,lbfgs,1e-08,SimpleImputer(strategy='median'),SelectKBest(score_func=<function mutual_info_classif at 0x766691e17420>),7,,"{'balance': SMOTE(random_state=42), 'classify__C': 1.0, 'classify__max_iter': 100, 'classify__n_jobs': 2, 'classify__penalty': 'l2', 'classify__random_state': 42, 'classify__solver': 'lbfgs', 'classify__tol': 1e-08, 'impute': SimpleImputer(strategy='median'), 'select': SelectKBest(score_func=<function mutual_info_classif at 0x766691e17420>), 'select__k': 7, 'transform': None}",,,,,,451,,,,,,451,,,,,,451
0.0025549729665120444,0.002817951857628331,0.0,0.0,SMOTE(random_state=42),1.0,100,2,l2,42,lbfgs,1e-08,SimpleImputer(strategy='median'),SelectKBest(score_func=<function mutual_info_classif at 0x766691e17420>),5,,"{'balance': SMOTE(random_state=42), 'classify__C': 1.0, 'classify__max_iter': 100, 'classify__n_jobs': 2, 'classify__penalty': 'l2', 'classify__random_state': 42, 'classify__solver': 'lbfgs', 'classify__tol': 1e-08, 'impute': SimpleImputer(strategy='median'), 'select': SelectKBest(score_func=<function mutual_info_classif at 0x766691e17420>), 'select__k': 5, 'transform': None}",,,,,,451,,,,,,451,,,,,,451
0.0015242894490559895,0.0014575641440350965,0.0,0.0,SMOTE(random_state=42),1.0,100,2,l2,42,lbfgs,1e-08,,SelectKBest(score_func=<function mutual_info_classif at 0x766691e17420>),9,,"{'balance': SMOTE(random_state=42), 'classify__C': 1.0, 'classify__max_iter': 100, 'classify__n_jobs': 2, 'classify__penalty': 'l2', 'classify__random_state': 42, 'classify__solver': 'lbfgs', 'classify__tol': 1e-08, 'impute': None, 'select': SelectKBest(score_func=<function mutual_info_classif at 0x766691e17420>), 'select__k': 9, 'transform': None}",,,,,,451,,,,,,451,,,,,,451
0.0015327135721842449,0.0014695080493648252,0.0,0.0,SMOTE(random_state=42),1.0,100,2,l2,42,lbfgs,1e-08,,SelectKBest(score_func=<function mutual_info_classif at 0x766691e17420>),7,,"{'balance': SMOTE(random_state=42), 'classify__C': 1.0, 'classify__max_iter': 100, 'classify__n_jobs': 2, 'classify__penalty': 'l2', 'classify__random_state': 42, 'classify__solver': 'lbfgs', 'classify__tol': 1e-08, 'impute': None, 'select': SelectKBest(score_func=<function mutual_info_classif at 0x766691e17420>), 'select__k': 7, 'transform': None}",,,,,,451,,,,,,451,,,,,,451
0.0016594727834065754,0.001576741892964569,0.0,0.0,SMOTE(random_state=42),1.0,100,2,l2,42,lbfgs,1e-08,,SelectKBest(score_func=<function mutual_info_classif at 0x766691e17420>),5,,"{'balance': SMOTE(random_state=42), 'classify__C': 1.0, 'classify__max_iter': 100, 'classify__n_jobs': 2, 'classify__penalty': 'l2', 'classify__random_state': 42, 'classify__solver': 'lbfgs', 'classify__tol': 1e-08, 'impute': None, 'select': SelectKBest(score_func=<function mutual_info_classif at 0x766691e17420>), 'select__k': 5, 'transform': None}",,,,,,451,,,,,,451,,,,,,451
0.00787647565205892,0.005145715479275728,0.0,0.0,SMOTE(random_state=42),0.1,2000,2,l2,42,lbfgs,0.0001,SimpleImputer(strategy='median'),SelectKBest(score_func=<function mutual_info_classif at 0x766691e17420>),9,,"{'balance': SMOTE(random_state=42), 'classify__C': 0.1, 'classify__max_iter': 2000, 'classify__n_jobs': 2, 'classify__penalty': 'l2', 'classify__random_state': 42, 'classify__solver': 'lbfgs', 'classify__tol': 0.0001, 'impute': SimpleImputer(strategy='median'), 'select': SelectKBest(score_func=<function mutual_info_classif at 0x766691e17420>), 'select__k': 9, 'transform': None}",,,,,,451,,,,,,451,,,,,,451
0.0008641084035237631,2.9610226685723984e-05,0.0,0.0,SMOTE(random_state=42),0.1,2000,2,l2,42,lbfgs,0.0001,SimpleImputer(strategy='median'),SelectKBest(score_func=<function mutual_info_classif at 0x766691e17420>),7,,"{'balance': SMOTE(random_state=42), 'classify__C': 0.1, 'classify__max_iter': 2000, 'classify__n_jobs': 2, 'classify__penalty': 'l2', 'classify__random_state': 42, 'classify__solver': 'lbfgs', 'classify__tol': 0.0001, 'impute': SimpleImputer(strategy='median'), 'select': SelectKBest(score_func=<function mutual_info_classif at 0x766691e17420>), 'select__k': 7, 'transform': None}",,,,,,451,,,,,,451,,,,,,451
0.0007043679555257162,9.834746319015012e-06,0.0,0.0,SMOTE(random_state=42),1.0,200,2,l2,42,lbfgs,1e-06,SimpleImputer(strategy='median'),SelectKBest(score_func=<function mutual_info_classif at 0x766691e17420>),9,,"{'balance': SMOTE(random_state=42), 'classify__C': 1.0, 'classify__max_iter': 200, 'classify__n_jobs': 2, 'classify__penalty': 'l2', 'classify__random_state': 42, 'classify__solver': 'lbfgs', 'classify__tol': 1e-06, 'impute': SimpleImputer(strategy='median'), 'select': SelectKBest(score_func=<function mutual_info_classif at 0x766691e17420>), 'select__k': 9, 'transform': None}",,,,,,451,,,,,,451,,,,,,451
0.0007112026214599609,2.307615973007748e-05,0.0,0.0,SMOTE(random_state=42),1.0,200,2,l2,42,lbfgs,1e-06,SimpleImputer(strategy='median'),SelectKBest(score_func=<function mutual_info_classif at 0x766691e17420>),7,,"{'balance': SMOTE(random_state=42), 'classify__C': 1.0, 'classify__max_iter': 200, 'classify__n_jobs': 2, 'classify__penalty': 'l2', 'classify__random_state': 42, 'classify__solver': 'lbfgs', 'classify__tol': 1e-06, 'impute': SimpleImputer(strategy='median'), 'select': SelectKBest(score_func=<function mutual_info_classif at 0x766691e17420>), 'select__k': 7, 'transform': None}",,,,,,451,,,,,,451,,,,,,451
0.0007111231486002604,1.8386935352101778e-05,0.0,0.0,SMOTE(random_state=42),1.0,200,2,l2,42,lbfgs,1e-06,SimpleImputer(strategy='median'),SelectKBest(score_func=<function mutual_info_classif at 0x766691e17420>),5,,"{'balance': SMOTE(random_state=42), 'classify__C': 1.0, 'classify__max_iter': 200, 'classify__n_jobs': 2, 'classify__penalty': 'l2', 'classify__random_state': 42, 'classify__solver': 'lbfgs', 'classify__tol': 1e-06, 'impute': SimpleImputer(strategy='median'), 'select': SelectKBest(score_func=<function mutual_info_classif at 0x766691e17420>), 'select__k': 5, 'transform': None}",,,,,,451,,,,,,451,,,,,,451
0.0006767114003499349,3.664741657318947e-05,0.0,0.0,SMOTE(random_state=42),1.0,200,2,l2,42,lbfgs,1e-06,,SelectKBest(score_func=<function mutual_info_classif at 0x766691e17420>),9,,"{'balance': SMOTE(random_state=42), 'classify__C': 1.0, 'classify__max_iter': 200, 'classify__n_jobs': 2, 'classify__penalty': 'l2', 'classify__random_state': 42, 'classify__solver': 'lbfgs', 'classify__tol': 1e-06, 'impute': None, 'select': SelectKBest(score_func=<function mutual_info_classif at 0x766691e17420>), 'select__k': 9, 'transform': None}",,,,,,451,,,,,,451,,,,,,451
0.0007228851318359375,0.0001080987488865106,0.0,0.0,SMOTE(random_state=42),1.0,200,2,l2,42,lbfgs,1e-06,,SelectKBest(score_func=<function mutual_info_classif at 0x766691e17420>),7,,"{'balance': SMOTE(random_state=42), 'classify__C': 1.0, 'classify__max_iter': 200, 'classify__n_jobs': 2, 'classify__penalty': 'l2', 'classify__random_state': 42, 'classify__solver': 'lbfgs', 'classify__tol': 1e-06, 'impute': None, 'select': SelectKBest(score_func=<function mutual_info_classif at 0x766691e17420>), 'select__k': 7, 'transform': None}",,,,,,451,,,,,,451,,,,,,451
0.0008227030436197916,3.7925960801603216e-05,0.0,0.0,SMOTE(random_state=42),1.0,200,2,l2,42,lbfgs,1e-06,,SelectKBest(score_func=<function mutual_info_classif at 0x766691e17420>),5,,"{'balance': SMOTE(random_state=42), 'classify__C': 1.0, 'classify__max_iter': 200, 'classify__n_jobs': 2, 'classify__penalty': 'l2', 'classify__random_state': 42, 'classify__solver': 'lbfgs', 'classify__tol': 1e-06, 'impute': None, 'select': SelectKBest(score_func=<function mutual_info_classif at 0x766691e17420>), 'select__k': 5, 'transform': None}",,,,,,451,,,,,,451,,,,,,451
0.007271528244018555,0.00454996678759431,0.0,0.0,SMOTE(random_state=42),1.0,200,2,l2,42,lbfgs,1e-08,SimpleImputer(strategy='median'),SelectKBest(score_func=<function mutual_info_classif at 0x766691e17420>),9,,"{'balance': SMOTE(random_state=42), 'classify__C': 1.0, 'classify__max_iter': 200, 'classify__n_jobs': 2, 'classify__penalty': 'l2', 'classify__random_state': 42, 'classify__solver': 'lbfgs', 'classify__tol': 1e-08, 'impute': SimpleImputer(strategy='median'), 'select': SelectKBest(score_func=<function mutual_info_classif at 0x766691e17420>), 'select__k': 9, 'transform': None}",,,,,,451,,,,,,451,,,,,,451
0.010034799575805664,3.930557636534051e-05,0.0,0.0,SMOTE(random_state=42),1.0,200,2,l2,42,lbfgs,1e-08,SimpleImputer(strategy='median'),SelectKBest(score_func=<function mutual_info_classif at 0x766691e17420>),7,,"{'balance': SMOTE(random_state=42), 'classify__C': 1.0, 'classify__max_iter': 200, 'classify__n_jobs': 2, 'classify__penalty': 'l2', 'classify__random_state': 42, 'classify__solver': 'lbfgs', 'classify__tol': 1e-08, 'impute': SimpleImputer(strategy='median'), 'select': SelectKBest(score_func=<function mutual_info_classif at 0x766691e17420>), 'select__k': 7, 'transform': None}",,,,,,451,,,,,,451,,,,,,451
0.0008226235707600912,0.00015591631253835967,0.0,0.0,SMOTE(random_state=42),1.0,200,2,l2,42,lbfgs,1e-08,SimpleImputer(strategy='median'),SelectKBest(score_func=<function mutual_info_classif at 0x766691e17420>),5,,"{'balance': SMOTE(random_state=42), 'classify__C': 1.0, 'classify__max_iter': 200, 'classify__n_jobs': 2, 'classify__penalty': 'l2', 'classify__random_state': 42, 'classify__solver': 'lbfgs', 'classify__tol': 1e-08, 'impute': SimpleImputer(strategy='median'), 'select': SelectKBest(score_func=<function mutual_info_classif at 0x766691e17420>), 'select__k': 5, 'transform': None}",,,,,,451,,,,,,451,,,,,,451
0.0005696614583333334,3.9114374630092436e-05,0.0,0.0,SMOTE(random_state=42),1.0,200,2,l2,42,lbfgs,1e-08,,SelectKBest(score_func=<function mutual_info_classif at 0x766691e17420>),9,,"{'balance': SMOTE(random_state=42), 'classify__C': 1.0, 'classify__max_iter': 200, 'classify__n_jobs': 2, 'classify__penalty': 'l2', 'classify__random_state': 42, 'classify__solver': 'lbfgs', 'classify__tol': 1e-08, 'impute': None, 'select': SelectKBest(score_func=<function mutual_info_classif at 0x766691e17420>), 'select__k': 9, 'transform': None}",,,,,,451,,,,,,451,,,,,,451
0.0016158421834309895,0.001360764612868025,0.0,0.0,SMOTE(random_state=42),1.0,200,2,l2,42,lbfgs,1e-08,,SelectKBest(score_func=<function mutual_info_classif at 0x766691e17420>),7,,"{'balance': SMOTE(random_state=42), 'classify__C': 1.0, 'classify__max_iter': 200, 'classify__n_jobs': 2, 'classify__penalty': 'l2', 'classify__random_state': 42, 'classify__solver': 'lbfgs', 'classify__tol': 1e-08, 'impute': None, 'select': SelectKBest(score_func=<function mutual_info_classif at 0x766691e17420>), 'select__k': 7, 'transform': None}",,,,,,451,,,,,,451,,,,,,451
0.0005703767140706381,3.491582003007119e-05,0.0,0.0,SMOTE(random_state=42),1.0,200,2,l2,42,lbfgs,1e-08,,SelectKBest(score_func=<function mutual_info_classif at 0x766691e17420>),5,,"{'balance': SMOTE(random_state=42), 'classify__C': 1.0, 'classify__max_iter': 200, 'classify__n_jobs': 2, 'classify__penalty': 'l2', 'classify__random_state': 42, 'classify__solver': 'lbfgs', 'classify__tol': 1e-08, 'impute': None, 'select': SelectKBest(score_func=<function mutual_info_classif at 0x766691e17420>), 'select__k': 5, 'transform': None}",,,,,,451,,,,,,451,,,,,,451
0.0005926291147867838,2.6447153970641412e-05,0.0,0.0,SMOTE(random_state=42),1.0,100,2,l2,42,lbfgs,0.0001,SimpleImputer(strategy='median'),SelectKBest(score_func=<function mutual_info_classif at 0x766691e17420>),9,,"{'balance': SMOTE(random_state=42), 'classify__C': 1.0, 'classify__max_iter': 100, 'classify__n_jobs': 2, 'classify__penalty': 'l2', 'classify__random_state': 42, 'classify__solver': 'lbfgs', 'classify__tol': 0.0001, 'impute': SimpleImputer(strategy='median'), 'select': SelectKBest(score_func=<function mutual_info_classif at 0x766691e17420>), 'select__k': 9, 'transform': None}",,,,,,451,,,,,,451,,,,,,451
0.0006808439890543619,6.665845030738788e-05,0.0,0.0,SMOTE(random_state=42),1.0,100,2,l2,42,lbfgs,0.0001,SimpleImputer(strategy='median'),SelectKBest(score_func=<function mutual_info_classif at 0x766691e17420>),7,,"{'balance': SMOTE(random_state=42), 'classify__C': 1.0, 'classify__max_iter': 100, 'classify__n_jobs': 2, 'classify__penalty': 'l2', 'classify__random_state': 42, 'classify__solver': 'lbfgs', 'classify__tol': 0.0001, 'impute': SimpleImputer(strategy='median'), 'select': SelectKBest(score_func=<function mutual_info_classif at 0x766691e17420>), 'select__k': 7, 'transform': None}",,,,,,451,,,,,,451,,,,,,451
0.0008089542388916016,8.232130104268508e-05,0.0,0.0,SMOTE(random_state=42),1.0,100,2,l2,42,lbfgs,0.0001,SimpleImputer(strategy='median'),SelectKBest(score_func=<function mutual_info_classif at 0x766691e17420>),5,,"{'balance': SMOTE(random_state=42), 'classify__C': 1.0, 'classify__max_iter': 100, 'classify__n_jobs': 2, 'classify__penalty': 'l2', 'classify__random_state': 42, 'classify__solver': 'lbfgs', 'classify__tol': 0.0001, 'impute': SimpleImputer(strategy='median'), 'select': SelectKBest(score_func=<function mutual_info_classif at 0x766691e17420>), 'select__k': 5, 'transform': None}",,,,,,451,,,,,,451,,,,,,451
0.004825115203857422,0.0029084947644369007,0.0,0.0,SMOTE(random_state=42),1.0,100,2,l2,42,lbfgs,0.0001,,SelectKBest(score_func=<function mutual_info_classif at 0x766691e17420>),9,,"{'balance': SMOTE(random_state=42), 'classify__C': 1.0, 'classify__max_iter': 100, 'classify__n_jobs': 2, 'classify__penalty': 'l2', 'classify__random_state': 42, 'classify__solver': 'lbfgs', 'classify__tol': 0.0001, 'impute': None, 'select': SelectKBest(score_func=<function mutual_info_classif at 0x766691e17420>), 'select__k': 9, 'transform': None}",,,,,,451,,,,,,451,,,,,,451
0.001703341801961263,0.0014675206716549124,0.0,0.0,SMOTE(random_state=42),1.0,500,2,l2,42,lbfgs,1e-06,SimpleImputer(strategy='median'),SelectKBest(score_func=<function mutual_info_classif at 0x766691e17420>),5,,"{'balance': SMOTE(random_state=42), 'classify__C': 1.0, 'classify__max_iter': 500, 'classify__n_jobs': 2, 'classify__penalty': 'l2', 'classify__random_state': 42, 'classify__solver': 'lbfgs', 'classify__tol': 1e-06, 'impute': SimpleImputer(strategy='median'), 'select': SelectKBest(score_func=<function mutual_info_classif at 0x766691e17420>), 'select__k': 5, 'transform': None}",,,,,,451,,,,,,451,,,,,,451
0.0005417664845784506,4.8370318917510936e-05,0.0,0.0,SMOTE(random_state=42),1.0,500,2,l2,42,lbfgs,1e-06,,SelectKBest(score_func=<function mutual_info_classif at 0x766691e17420>),9,,"{'balance': SMOTE(random_state=42), 'classify__C': 1.0, 'classify__max_iter': 500, 'classify__n_jobs': 2, 'classify__penalty': 'l2', 'classify__random_state': 42, 'classify__solver': 'lbfgs', 'classify__tol': 1e-06, 'impute': None, 'select': SelectKBest(score_func=<function mutual_info_classif at 0x766691e17420>), 'select__k': 9, 'transform': None}",,,,,,451,,,,,,451,,,,,,451
0.0015889803568522136,0.0014649671493551955,0.0,0.0,SMOTE(random_state=42),1.0,500,2,l2,42,lbfgs,1e-06,,SelectKBest(score_func=<function mutual_info_classif at 0x766691e17420>),7,,"{'balance': SMOTE(random_state=42), 'classify__C': 1.0, 'classify__max_iter': 500, 'classify__n_jobs': 2, 'classify__penalty': 'l2', 'classify__random_state': 42, 'classify__solver': 'lbfgs', 'classify__tol': 1e-06, 'impute': None, 'select': SelectKBest(score_func=<function mutual_info_classif at 0x766691e17420>), 'select__k': 7, 'transform': None}",,,,,,451,,,,,,451,,,,,,451
0.000655968983968099,2.8459052405160133e-05,0.0,0.0,SMOTE(random_state=42),1.0,500,2,l2,42,lbfgs,1e-06,,SelectKBest(score_func=<function mutual_info_classif at 0x766691e17420>),5,,"{'balance': SMOTE(random_state=42), 'classify__C': 1.0, 'classify__max_iter': 500, 'classify__n_jobs': 2, 'classify__penalty': 'l2', 'classify__random_state': 42, 'classify__solver': 'lbfgs', 'classify__tol': 1e-06, 'impute': None, 'select': SelectKBest(score_func=<function mutual_info_classif at 0x766691e17420>), 'select__k': 5, 'transform': None}",,,,,,451,,,,,,451,,,,,,451
0.0018105506896972656,0.0013472696165753512,0.0,0.0,SMOTE(random_state=42),1.0,500,2,l2,42,lbfgs,1e-08,SimpleImputer(strategy='median'),SelectKBest(score_func=<function mutual_info_classif at 0x766691e17420>),9,,"{'balance': SMOTE(random_state=42), 'classify__C': 1.0, 'classify__max_iter': 500, 'classify__n_jobs': 2, 'classify__penalty': 'l2', 'classify__random_state': 42, 'classify__solver': 'lbfgs', 'classify__tol': 1e-08, 'impute': SimpleImputer(strategy='median'), 'select': SelectKBest(score_func=<function mutual_info_classif at 0x766691e17420>), 'select__k': 9, 'transform': None}",,,,,,451,,,,,,451,,,,,,451
0.0027640660603841147,0.001446240685515767,0.0,0.0,SMOTE(random_state=42),1.0,500,2,l2,42,lbfgs,1e-08,SimpleImputer(strategy='median'),SelectKBest(score_func=<function mutual_info_classif at 0x766691e17420>),7,,"{'balance': SMOTE(random_state=42), 'classify__C': 1.0, 'classify__max_iter': 500, 'classify__n_jobs': 2, 'classify__penalty': 'l2', 'classify__random_state': 42, 'classify__solver': 'lbfgs', 'classify__tol': 1e-08, 'impute': SimpleImputer(strategy='median'), 'select': SelectKBest(score_func=<function mutual_info_classif at 0x766691e17420>), 'select__k': 7, 'transform': None}",,,,,,451,,,,,,451,,,,,,451
0.0007417996724446615,3.0758358210047114e-05,0.0,0.0,SMOTE(random_state=42),1.0,500,2,l2,42,lbfgs,1e-08,SimpleImputer(strategy='median'),SelectKBest(score_func=<function mutual_info_classif at 0x766691e17420>),5,,"{'balance': SMOTE(random_state=42), 'classify__C': 1.0, 'classify__max_iter': 500, 'classify__n_jobs': 2, 'classify__penalty': 'l2', 'classify__random_state': 42, 'classify__solver': 'lbfgs', 'classify__tol': 1e-08, 'impute': SimpleImputer(strategy='median'), 'select': SelectKBest(score_func=<function mutual_info_classif at 0x766691e17420>), 'select__k': 5, 'transform': None}",,,,,,451,,,,,,451,,,,,,451
0.0029778480529785156,0.001017766123786832,0.0,0.0,SMOTE(random_state=42),1.0,500,2,l2,42,lbfgs,1e-08,,SelectKBest(score_func=<function mutual_info_classif at 0x766691e17420>),9,,"{'balance': SMOTE(random_state=42), 'classify__C': 1.0, 'classify__max_iter': 500, 'classify__n_jobs': 2, 'classify__penalty': 'l2', 'classify__random_state': 42, 'classify__solver': 'lbfgs', 'classify__tol': 1e-08, 'impute': None, 'select': SelectKBest(score_func=<function mutual_info_classif at 0x766691e17420>), 'select__k': 9, 'transform': None}",,,,,,451,,,,,,451,,,,,,451
0.001642465591430664,0.0014138097237161537,0.0,0.0,SMOTE(random_state=42),1.0,500,2,l2,42,lbfgs,1e-08,,SelectKBest(score_func=<function mutual_info_classif at 0x766691e17420>),7,,"{'balance': SMOTE(random_state=42), 'classify__C': 1.0, 'classify__max_iter': 500, 'classify__n_jobs': 2, 'classify__penalty': 'l2', 'classify__random_state': 42, 'classify__solver': 'lbfgs', 'classify__tol': 1e-08, 'impute': None, 'select': SelectKBest(score_func=<function mutual_info_classif at 0x766691e17420>), 'select__k': 7, 'transform': None}",,,,,,451,,,,,,451,,,,,,451
0.0016396045684814453,0.0014085861797414482,0.0,0.0,SMOTE(random_state=42),1.0,500,2,l2,42,lbfgs,1e-08,,SelectKBest(score_func=<function mutual_info_classif at 0x766691e17420>),5,,"{'balance': SMOTE(random_state=42), 'classify__C': 1.0, 'classify__max_iter': 500, 'classify__n_jobs': 2, 'classify__penalty': 'l2', 'classify__random_state': 42, 'classify__solver': 'lbfgs', 'classify__tol': 1e-08, 'impute': None, 'select': SelectKBest(score_func=<function mutual_info_classif at 0x766691e17420>), 'select__k': 5, 'transform': None}",,,,,,451,,,,,,451,,,,,,451
0.0016924540201822917,0.0014258080929800462,0.0,0.0,SMOTE(random_state=42),1.0,200,2,l2,42,lbfgs,0.0001,SimpleImputer(strategy='median'),SelectKBest(score_func=<function mutual_info_classif at 0x766691e17420>),9,,"{'balance': SMOTE(random_state=42), 'classify__C': 1.0, 'classify__max_iter': 200, 'classify__n_jobs': 2, 'classify__penalty': 'l2', 'classify__random_state': 42, 'classify__solver': 'lbfgs', 'classify__tol': 0.0001, 'impute': SimpleImputer(strategy='median'), 'select': SelectKBest(score_func=<function mutual_info_classif at 0x766691e17420>), 'select__k': 9, 'transform': None}",,,,,,451,,,,,,451,,,,,,451
0.0006976127624511719,2.5628241397535447e-05,0.0,0.0,SMOTE(random_state=42),1.0,200,2,l2,42,lbfgs,0.0001,SimpleImputer(strategy='median'),SelectKBest(score_func=<function mutual_info_classif at 0x766691e17420>),7,,"{'balance': SMOTE(random_state=42), 'classify__C': 1.0, 'classify__max_iter': 200, 'classify__n_jobs': 2, 'classify__penalty': 'l2', 'classify__random_state': 42, 'classify__solver': 'lbfgs', 'classify__tol': 0.0001, 'impute': SimpleImputer(strategy='median'), 'select': SelectKBest(score_func=<function mutual_info_classif at 0x766691e17420>), 'select__k': 7, 'transform': None}",,,,,,451,,,,,,451,,,,,,451
0.0030624071756998696,0.003333536380896793,0.0,0.0,SMOTE(random_state=42),1.0,200,2,l2,42,lbfgs,0.0001,SimpleImputer(strategy='median'),SelectKBest(score_func=<function mutual_info_classif at 0x766691e17420>),5,,"{'balance': SMOTE(random_state=42), 'classify__C': 1.0, 'classify__max_iter': 200, 'classify__n_jobs': 2, 'classify__penalty': 'l2', 'classify__random_state': 42, 'classify__solver': 'lbfgs', 'classify__tol': 0.0001, 'impute': SimpleImputer(strategy='median'), 'select': SelectKBest(score_func=<function mutual_info_classif at 0x766691e17420>), 'select__k': 5, 'transform': None}",,,,,,451,,,,,,451,,,,,,451
0.0006539821624755859,3.235707008044665e-05,0.0,0.0,SMOTE(random_state=42),1.0,200,2,l2,42,lbfgs,0.0001,,SelectKBest(score_func=<function mutual_info_classif at 0x766691e17420>),9,,"{'balance': SMOTE(random_state=42), 'classify__C': 1.0, 'classify__max_iter': 200, 'classify__n_jobs': 2, 'classify__penalty': 'l2', 'classify__random_state': 42, 'classify__solver': 'lbfgs', 'classify__tol': 0.0001, 'impute': None, 'select': SelectKBest(score_func=<function mutual_info_classif at 0x766691e17420>), 'select__k': 9, 'transform': None}",,,,,,451,,,,,,451,,,,,,451
0.0016415913899739583,0.001426193320559011,0.0,0.0,SMOTE(random_state=42),1.0,200,2,l2,42,lbfgs,0.0001,,SelectKBest(score_func=<function mutual_info_classif at 0x766691e17420>),7,,"{'balance': SMOTE(random_state=42), 'classify__C': 1.0, 'classify__max_iter': 200, 'classify__n_jobs': 2, 'classify__penalty': 'l2', 'classify__random_state': 42, 'classify__solver': 'lbfgs', 'classify__tol': 0.0001, 'impute': None, 'select': SelectKBest(score_func=<function mutual_info_classif at 0x766691e17420>), 'select__k': 7, 'transform': None}",,,,,,451,,,,,,451,,,,,,451
0.0006550947825113932,1.4505484234626412e-05,0.0,0.0,SMOTE(random_state=42),1.0,200,2,l2,42,lbfgs,0.0001,,SelectKBest(score_func=<function mutual_info_classif at 0x766691e17420>),5,,"{'balance': SMOTE(random_state=42), 'classify__C': 1.0, 'classify__max_iter': 200, 'classify__n_jobs': 2, 'classify__penalty': 'l2', 'classify__random_state': 42, 'classify__solver': 'lbfgs', 'classify__tol': 0.0001, 'impute': None, 'select': SelectKBest(score_func=<function mutual_info_classif at 0x766691e17420>), 'select__k': 5, 'transform': None}",,,,,,451,,,,,,451,,,,,,451
0.0006612141927083334,3.943327658988723e-06,0.0,0.0,SMOTE(random_state=42),1.0,1000,2,l2,42,lbfgs,1e-06,,SelectKBest(score_func=<function mutual_info_classif at 0x766691e17420>),7,,"{'balance': SMOTE(random_state=42), 'classify__C': 1.0, 'classify__max_iter': 1000, 'classify__n_jobs': 2, 'classify__penalty': 'l2', 'classify__random_state': 42, 'classify__solver': 'lbfgs', 'classify__tol': 1e-06, 'impute': None, 'select': SelectKBest(score_func=<function mutual_info_classif at 0x766691e17420>), 'select__k': 7, 'transform': None}",,,,,,451,,,,,,451,,,,,,451
0.001129468282063802,0.0005091908793450307,0.0,0.0,SMOTE(random_state=42),1.0,1000,2,l2,42,lbfgs,1e-06,,SelectKBest(score_func=<function mutual_info_classif at 0x766691e17420>),5,,"{'balance': SMOTE(random_state=42), 'classify__C': 1.0, 'classify__max_iter': 1000, 'classify__n_jobs': 2, 'classify__penalty': 'l2', 'classify__random_state': 42, 'classify__solver': 'lbfgs', 'classify__tol': 1e-06, 'impute': None, 'select': SelectKBest(score_func=<function mutual_info_classif at 0x766691e17420>), 'select__k': 5, 'transform': None}",,,,,,451,,,,,,451,,,,,,451
0.0010867913564046223,0.00038622045345844755,0.0,0.0,SMOTE(random_state=42),1.0,1000,2,l2,42,lbfgs,1e-08,SimpleImputer(strategy='median'),SelectKBest(score_func=<function mutual_info_classif at 0x766691e17420>),9,,"{'balance': SMOTE(random_state=42), 'classify__C': 1.0, 'classify__max_iter': 1000, 'classify__n_jobs': 2, 'classify__penalty': 'l2', 'classify__random_state': 42, 'classify__solver': 'lbfgs', 'classify__tol': 1e-08, 'impute': SimpleImputer(strategy='median'), 'select': SelectKBest(score_func=<function mutual_info_classif at 0x766691e17420>), 'select__k': 9, 'transform': None}",,,,,,451,,,,,,451,,,,,,451
0.0019135475158691406,0.001478551019377197,0.0,0.0,SMOTE(random_state=42),1.0,1000,2,l2,42,lbfgs,1e-08,SimpleImputer(strategy='median'),SelectKBest(score_func=<function mutual_info_classif at 0x766691e17420>),7,,"{'balance': SMOTE(random_state=42), 'classify__C': 1.0, 'classify__max_iter': 1000, 'classify__n_jobs': 2, 'classify__penalty': 'l2', 'classify__random_state': 42, 'classify__solver': 'lbfgs', 'classify__tol': 1e-08, 'impute': SimpleImputer(strategy='median'), 'select': SelectKBest(score_func=<function mutual_info_classif at 0x766691e17420>), 'select__k': 7, 'transform': None}",,,,,,451,,,,,,451,,,,,,451
0.003722508748372396,0.0031188291981346194,0.0,0.0,SMOTE(random_state=42),1.0,1000,2,l2,42,lbfgs,1e-08,SimpleImputer(strategy='median'),SelectKBest(score_func=<function mutual_info_classif at 0x766691e17420>),5,,"{'balance': SMOTE(random_state=42), 'classify__C': 1.0, 'classify__max_iter': 1000, 'classify__n_jobs': 2, 'classify__penalty': 'l2', 'classify__random_state': 42, 'classify__solver': 'lbfgs', 'classify__tol': 1e-08, 'impute': SimpleImputer(strategy='median'), 'select': SelectKBest(score_func=<function mutual_info_classif at 0x766691e17420>), 'select__k': 5, 'transform': None}",,,,,,451,,,,,,451,,,,,,451
0.0008219877878824869,1.8693530309027552e-05,0.0,0.0,SMOTE(random_state=42),1.0,1000,2,l2,42,lbfgs,1e-08,,SelectKBest(score_func=<function mutual_info_classif at 0x766691e17420>),9,,"{'balance': SMOTE(random_state=42), 'classify__C': 1.0, 'classify__max_iter': 1000, 'classify__n_jobs': 2, 'classify__penalty': 'l2', 'classify__random_state': 42, 'classify__solver': 'lbfgs', 'classify__tol': 1e-08, 'impute': None, 'select': SelectKBest(score_func=<function mutual_info_classif at 0x766691e17420>), 'select__k': 9, 'transform': None}",,,,,,451,,,,,,451,,,,,,451
0.003804286321004232,0.004280780481412242,0.0,0.0,SMOTE(random_state=42),1.0,1000,2,l2,42,lbfgs,1e-08,,SelectKBest(score_func=<function mutual_info_classif at 0x766691e17420>),7,,"{'balance': SMOTE(random_state=42), 'classify__C': 1.0, 'classify__max_iter': 1000, 'classify__n_jobs': 2, 'classify__penalty': 'l2', 'classify__random_state': 42, 'classify__solver': 'lbfgs', 'classify__tol': 1e-08, 'impute': None, 'select': SelectKBest(score_func=<function mutual_info_classif at 0x766691e17420>), 'select__k': 7, 'transform': None}",,,,,,451,,,,,,451,,,,,,451
0.0007938543955485026,3.389477869319052e-05,0.0,0.0,SMOTE(random_state=42),1.0,1000,2,l2,42,lbfgs,1e-08,,SelectKBest(score_func=<function mutual_info_classif at 0x766691e17420>),5,,"{'balance': SMOTE(random_state=42), 'classify__C': 1.0, 'classify__max_iter': 1000, 'classify__n_jobs': 2, 'classify__penalty': 'l2', 'classify__random_state': 42, 'classify__solver': 'lbfgs', 'classify__tol': 1e-08, 'impute': None, 'select': SelectKBest(score_func=<function mutual_info_classif at 0x766691e17420>), 'select__k': 5, 'transform': None}",,,,,,451,,,,,,451,,,,,,451
0.0065135955810546875,0.004212002464395641,0.0,0.0,SMOTE(random_state=42),1.0,500,2,l2,42,lbfgs,0.0001,SimpleImputer(strategy='median'),SelectKBest(score_func=<function mutual_info_classif at 0x766691e17420>),9,,"{'balance': SMOTE(random_state=42), 'classify__C': 1.0, 'classify__max_iter': 500, 'classify__n_jobs': 2, 'classify__penalty': 'l2', 'classify__random_state': 42, 'classify__solver': 'lbfgs', 'classify__tol': 0.0001, 'impute': SimpleImputer(strategy='median'), 'select': SelectKBest(score_func=<function mutual_info_classif at 0x766691e17420>), 'select__k': 9, 'transform': None}",,,,,,451,,,,,,451,,,,,,451
0.0005861123402913412,5.422973123715091e-05,0.0,0.0,SMOTE(random_state=42),1.0,500,2,l2,42,lbfgs,0.0001,SimpleImputer(strategy='median'),SelectKBest(score_func=<function mutual_info_classif at 0x766691e17420>),7,,"{'balance': SMOTE(random_state=42), 'classify__C': 1.0, 'classify__max_iter': 500, 'classify__n_jobs': 2, 'classify__penalty': 'l2', 'classify__random_state': 42, 'classify__solver': 'lbfgs', 'classify__tol': 0.0001, 'impute': SimpleImputer(strategy='median'), 'select': SelectKBest(score_func=<function mutual_info_classif at 0x766691e17420>), 'select__k': 7, 'transform': None}",,,,,,451,,,,,,451,,,,,,451
0.0006920496622721354,6.843411594354901e-05,0.0,0.0,SMOTE(random_state=42),1.0,500,2,l2,42,lbfgs,0.0001,SimpleImputer(strategy='median'),SelectKBest(score_func=<function mutual_info_classif at 0x766691e17420>),5,,"{'balance': SMOTE(random_state=42), 'classify__C': 1.0, 'classify__max_iter': 500, 'classify__n_jobs': 2, 'classify__penalty': 'l2', 'classify__random_state': 42, 'classify__solver': 'lbfgs', 'classify__tol': 0.0001, 'impute': SimpleImputer(strategy='median'), 'select': SelectKBest(score_func=<function mutual_info_classif at 0x766691e17420>), 'select__k': 5, 'transform': None}",,,,,,451,,,,,,451,,,,,,451
0.0006024837493896484,1.033941599273832e-05,0.0,0.0,SMOTE(random_state=42),1.0,500,2,l2,42,lbfgs,0.0001,,SelectKBest(score_func=<function mutual_info_classif at 0x766691e17420>),9,,"{'balance': SMOTE(random_state=42), 'classify__C': 1.0, 'classify__max_iter': 500, 'classify__n_jobs': 2, 'classify__penalty': 'l2', 'classify__random_state': 42, 'classify__solver': 'lbfgs', 'classify__tol': 0.0001, 'impute': None, 'select': SelectKBest(score_func=<function mutual_info_classif at 0x766691e17420>), 'select__k': 9, 'transform': None}",,,,,,451,,,,,,451,,,,,,451
0.0006322065989176432,8.541850027954398e-05,0.0,0.0,SMOTE(random_state=42),1.0,500,2,l2,42,lbfgs,0.0001,,SelectKBest(score_func=<function mutual_info_classif at 0x766691e17420>),7,,"{'balance': SMOTE(random_state=42), 'classify__C': 1.0, 'classify__max_iter': 500, 'classify__n_jobs': 2, 'classify__penalty': 'l2', 'classify__random_state': 42, 'classify__solver': 'lbfgs', 'classify__tol': 0.0001, 'impute': None, 'select': SelectKBest(score_func=<function mutual_info_classif at 0x766691e17420>), 'select__k': 7, 'transform': None}",,,,,,451,,,,,,451,,,,,,451
0.0018142064412434895,0.0016270973978459798,0.0,0.0,SMOTE(random_state=42),1.0,500,2,l2,42,lbfgs,0.0001,,SelectKBest(score_func=<function mutual_info_classif at 0x766691e17420>),5,,"{'balance': SMOTE(random_state=42), 'classify__C': 1.0, 'classify__max_iter': 500, 'classify__n_jobs': 2, 'classify__penalty': 'l2', 'classify__random_state': 42, 'classify__solver': 'lbfgs', 'classify__tol': 0.0001, 'impute': None, 'select': SelectKBest(score_func=<function mutual_info_classif at 0x766691e17420>), 'select__k': 5, 'transform': None}",,,,,,451,,,,,,451,,,,,,451
0.002862056096394857,0.0014373982060561488,0.0,0.0,SMOTE(random_state=42),1.0,500,2,l2,42,lbfgs,1e-06,SimpleImputer(strategy='median'),SelectKBest(score_func=<function mutual_info_classif at 0x766691e17420>),9,,"{'balance': SMOTE(random_state=42), 'classify__C': 1.0, 'classify__max_iter': 500, 'classify__n_jobs': 2, 'classify__penalty': 'l2', 'classify__random_state': 42, 'classify__solver': 'lbfgs', 'classify__tol': 1e-06, 'impute': SimpleImputer(strategy='median'), 'select': SelectKBest(score_func=<function mutual_info_classif at 0x766691e17420>), 'select__k': 9, 'transform': None}",,,,,,451,,,,,,451,,,,,,451
0.0020352999369303384,0.001819925027119375,0.0,0.0,SMOTE(random_state=42),1.0,500,2,l2,42,lbfgs,1e-06,SimpleImputer(strategy='median'),SelectKBest(score_func=<function mutual_info_classif at 0x766691e17420>),7,,"{'balance': SMOTE(random_state=42), 'classify__C': 1.0, 'classify__max_iter': 500, 'classify__n_jobs': 2, 'classify__penalty': 'l2', 'classify__random_state': 42, 'classify__solver': 'lbfgs', 'classify__tol': 1e-06, 'impute': SimpleImputer(strategy='median'), 'select': SelectKBest(score_func=<function mutual_info_classif at 0x766691e17420>), 'select__k': 7, 'transform': None}",,,,,,451,,,,,,451,,,,,,451
0.0007379055023193359,4.018514325730852e-05,0.0,0.0,SMOTE(random_state=42),1.0,2000,2,l2,42,lbfgs,1e-08,SimpleImputer(strategy='median'),SelectKBest(score_func=<function mutual_info_classif at 0x766691e17420>),9,,"{'balance': SMOTE(random_state=42), 'classify__C': 1.0, 'classify__max_iter': 2000, 'classify__n_jobs': 2, 'classify__penalty': 'l2', 'classify__random_state': 42, 'classify__solver': 'lbfgs', 'classify__tol': 1e-08, 'impute': SimpleImputer(strategy='median'), 'select': SelectKBest(score_func=<function mutual_info_classif at 0x766691e17420>), 'select__k': 9, 'transform': None}",,,,,,451,,,,,,451,,,,,,451
0.0007576147715250651,5.427618139226401e-05,0.0,0.0,SMOTE(random_state=42),1.0,2000,2,l2,42,lbfgs,1e-08,SimpleImputer(strategy='median'),SelectKBest(score_func=<function mutual_info_classif at 0x766691e17420>),7,,"{'balance': SMOTE(random_state=42), 'classify__C': 1.0, 'classify__max_iter': 2000, 'classify__n_jobs': 2, 'classify__penalty': 'l2', 'classify__random_state': 42, 'classify__solver': 'lbfgs', 'classify__tol': 1e-08, 'impute': SimpleImputer(strategy='median'), 'select': SelectKBest(score_func=<function mutual_info_classif at 0x766691e17420>), 'select__k': 7, 'transform': None}",,,,,,451,,,,,,451,,,,,,451
0.002422889073689779,0.0023789020588394607,0.0,0.0,SMOTE(random_state=42),1.0,2000,2,l2,42,lbfgs,1e-08,SimpleImputer(strategy='median'),SelectKBest(score_func=<function mutual_info_classif at 0x766691e17420>),5,,"{'balance': SMOTE(random_state=42), 'classify__C': 1.0, 'classify__max_iter': 2000, 'classify__n_jobs': 2, 'classify__penalty': 'l2', 'classify__random_state': 42, 'classify__solver': 'lbfgs', 'classify__tol': 1e-08, 'impute': SimpleImputer(strategy='median'), 'select': SelectKBest(score_func=<function mutual_info_classif at 0x766691e17420>), 'select__k': 5, 'transform': None}",,,,,,451,,,,,,451,,,,,,451
0.0005854765574137369,0.00011293331052465335,0.0,0.0,SMOTE(random_state=42),1.0,2000,2,l2,42,lbfgs,1e-08,,SelectKBest(score_func=<function mutual_info_classif at 0x766691e17420>),9,,"{'balance': SMOTE(random_state=42), 'classify__C': 1.0, 'classify__max_iter': 2000, 'classify__n_jobs': 2, 'classify__penalty': 'l2', 'classify__random_state': 42, 'classify__solver': 'lbfgs', 'classify__tol': 1e-08, 'impute': None, 'select': SelectKBest(score_func=<function mutual_info_classif at 0x766691e17420>), 'select__k': 9, 'transform': None}",,,,,,451,,,,,,451,,,,,,451
0.0005366802215576172,1.0749126603484386e-05,0.0,0.0,SMOTE(random_state=42),1.0,2000,2,l2,42,lbfgs,1e-08,,SelectKBest(score_func=<function mutual_info_classif at 0x766691e17420>),7,,"{'balance': SMOTE(random_state=42), 'classify__C': 1.0, 'classify__max_iter': 2000, 'classify__n_jobs': 2, 'classify__penalty': 'l2', 'classify__random_state': 42, 'classify__solver': 'lbfgs', 'classify__tol': 1e-08, 'impute': None, 'select': SelectKBest(score_func=<function mutual_info_classif at 0x766691e17420>), 'select__k': 7, 'transform': None}",,,,,,451,,,,,,451,,,,,,451
0.0026044845581054688,0.002840656954945824,0.0,0.0,SMOTE(random_state=42),1.0,2000,2,l2,42,lbfgs,1e-08,,SelectKBest(score_func=<function mutual_info_classif at 0x766691e17420>),5,,"{'balance': SMOTE(random_state=42), 'classify__C': 1.0, 'classify__max_iter': 2000, 'classify__n_jobs': 2, 'classify__penalty': 'l2', 'classify__random_state': 42, 'classify__solver': 'lbfgs', 'classify__tol': 1e-08, 'impute': None, 'select': SelectKBest(score_func=<function mutual_info_classif at 0x766691e17420>), 'select__k': 5, 'transform': None}",,,,,,451,,,,,,451,,,,,,451
0.0006602605183919271,7.984550846485398e-06,0.0,0.0,SMOTE(random_state=42),1.0,1000,2,l2,42,lbfgs,0.0001,SimpleImputer(strategy='median'),SelectKBest(score_func=<function mutual_info_classif at 0x766691e17420>),9,,"{'balance': SMOTE(random_state=42), 'classify__C': 1.0, 'classify__max_iter': 1000, 'classify__n_jobs': 2, 'classify__penalty': 'l2', 'classify__random_state': 42, 'classify__solver': 'lbfgs', 'classify__tol': 0.0001, 'impute': SimpleImputer(strategy='median'), 'select': SelectKBest(score_func=<function mutual_info_classif at 0x766691e17420>), 'select__k': 9, 'transform': None}",,,,,,451,,,,,,451,,,,,,451
0.0016841888427734375,0.0014031630927879902,0.0,0.0,SMOTE(random_state=42),1.0,1000,2,l2,42,lbfgs,0.0001,SimpleImputer(strategy='median'),SelectKBest(score_func=<function mutual_info_classif at 0x766691e17420>),7,,"{'balance': SMOTE(random_state=42), 'classify__C': 1.0, 'classify__max_iter': 1000, 'classify__n_jobs': 2, 'classify__penalty': 'l2', 'classify__random_state': 42, 'classify__solver': 'lbfgs', 'classify__tol': 0.0001, 'impute': SimpleImputer(strategy='median'), 'select': SelectKBest(score_func=<function mutual_info_classif at 0x766691e17420>), 'select__k': 7, 'transform': None}",,,,,,451,,,,,,451,,,,,,451
0.0027245680491129556,0.0029126072441190234,0.0,0.0,SMOTE(random_state=42),1.0,1000,2,l2,42,lbfgs,0.0001,SimpleImputer(strategy='median'),SelectKBest(score_func=<function mutual_info_classif at 0x766691e17420>),5,,"{'balance': SMOTE(random_state=42), 'classify__C': 1.0, 'classify__max_iter': 1000, 'classify__n_jobs': 2, 'classify__penalty': 'l2', 'classify__random_state': 42, 'classify__solver': 'lbfgs', 'classify__tol': 0.0001, 'impute': SimpleImputer(strategy='median'), 'select': SelectKBest(score_func=<function mutual_info_classif at 0x766691e17420>), 'select__k': 5, 'transform': None}",,,,,,451,,,,,,451,,,,,,451
0.002599477767944336,0.0028209733498172473,0.0,0.0,SMOTE(random_state=42),1.0,1000,2,l2,42,lbfgs,0.0001,,SelectKBest(score_func=<function mutual_info_classif at 0x766691e17420>),9,,"{'balance': SMOTE(random_state=42), 'classify__C': 1.0, 'classify__max_iter': 1000, 'classify__n_jobs': 2, 'classify__penalty': 'l2', 'classify__random_state': 42, 'classify__solver': 'lbfgs', 'classify__tol': 0.0001, 'impute': None, 'select': SelectKBest(score_func=<function mutual_info_classif at 0x766691e17420>), 'select__k': 9, 'transform': None}",,,,,,451,,,,,,451,,,,,,451
0.0005591710408528646,4.5489170808606365e-05,0.0,0.0,SMOTE(random_state=42),1.0,1000,2,l2,42,lbfgs,0.0001,,SelectKBest(score_func=<function mutual_info_classif at 0x766691e17420>),7,,"{'balance': SMOTE(random_state=42), 'classify__C': 1.0, 'classify__max_iter': 1000, 'classify__n_jobs': 2, 'classify__penalty': 'l2', 'classify__random_state': 42, 'classify__solver': 'lbfgs', 'classify__tol': 0.0001, 'impute': None, 'select': SelectKBest(score_func=<function mutual_info_classif at 0x766691e17420>), 'select__k': 7, 'transform': None}",,,,,,451,,,,,,451,,,,,,451
0.002537409464518229,0.002861039720150572,0.0,0.0,SMOTE(random_state=42),1.0,1000,2,l2,42,lbfgs,0.0001,,SelectKBest(score_func=<function mutual_info_classif at 0x766691e17420>),5,,"{'balance': SMOTE(random_state=42), 'classify__C': 1.0, 'classify__max_iter': 1000, 'classify__n_jobs': 2, 'classify__penalty': 'l2', 'classify__random_state': 42, 'classify__solver': 'lbfgs', 'classify__tol': 0.0001, 'impute': None, 'select': SelectKBest(score_func=<function mutual_info_classif at 0x766691e17420>), 'select__k': 5, 'transform': None}",,,,,,451,,,,,,451,,,,,,451
0.0006608963012695312,7.828145260841244e-05,0.0,0.0,SMOTE(random_state=42),1.0,1000,2,l2,42,lbfgs,1e-06,SimpleImputer(strategy='median'),SelectKBest(score_func=<function mutual_info_classif at 0x766691e17420>),9,,"{'balance': SMOTE(random_state=42), 'classify__C': 1.0, 'classify__max_iter': 1000, 'classify__n_jobs': 2, 'classify__penalty': 'l2', 'classify__random_state': 42, 'classify__solver': 'lbfgs', 'classify__tol': 1e-06, 'impute': SimpleImputer(strategy='median'), 'select': SelectKBest(score_func=<function mutual_info_classif at 0x766691e17420>), 'select__k': 9, 'transform': None}",,,,,,451,,,,,,451,,,,,,451
0.0005785624186197916,2.7685543010567687e-05,0.0,0.0,SMOTE(random_state=42),1.0,1000,2,l2,42,lbfgs,1e-06,SimpleImputer(strategy='median'),SelectKBest(score_func=<function mutual_info_classif at 0x766691e17420>),7,,"{'balance': SMOTE(random_state=42), 'classify__C': 1.0, 'classify__max_iter': 1000, 'classify__n_jobs': 2, 'classify__penalty': 'l2', 'classify__random_state': 42, 'classify__solver': 'lbfgs', 'classify__tol': 1e-06, 'impute': SimpleImputer(strategy='median'), 'select': SelectKBest(score_func=<function mutual_info_classif at 0x766691e17420>), 'select__k': 7, 'transform': None}",,,,,,451,,,,,,451,,,,,,451
0.0007333755493164062,9.602084429551252e-06,0.0,0.0,SMOTE(random_state=42),1.0,1000,2,l2,42,lbfgs,1e-06,SimpleImputer(strategy='median'),SelectKBest(score_func=<function mutual_info_classif at 0x766691e17420>),5,,"{'balance': SMOTE(random_state=42), 'classify__C': 1.0, 'classify__max_iter': 1000, 'classify__n_jobs': 2, 'classify__penalty': 'l2', 'classify__random_state': 42, 'classify__solver': 'lbfgs', 'classify__tol': 1e-06, 'impute': SimpleImputer(strategy='median'), 'select': SelectKBest(score_func=<function mutual_info_classif at 0x766691e17420>), 'select__k': 5, 'transform': None}",,,,,,451,,,,,,451,,,,,,451
0.0006507237752278646,4.929880275494519e-06,0.0,0.0,SMOTE(random_state=42),1.0,1000,2,l2,42,lbfgs,1e-06,,SelectKBest(score_func=<function mutual_info_classif at 0x766691e17420>),9,,"{'balance': SMOTE(random_state=42), 'classify__C': 1.0, 'classify__max_iter': 1000, 'classify__n_jobs': 2, 'classify__penalty': 'l2', 'classify__random_state': 42, 'classify__solver': 'lbfgs', 'classify__tol': 1e-06, 'impute': None, 'select': SelectKBest(score_func=<function mutual_info_classif at 0x766691e17420>), 'select__k': 9, 'transform': None}",,,,,,451,,,,,,451,,,,,,451
0.0006299018859863281,3.828134315621912e-05,0.0,0.0,SMOTE(random_state=42),10.0,100,2,l2,42,lbfgs,1e-08,SimpleImputer(strategy='median'),SelectKBest(score_func=<function mutual_info_classif at 0x766691e17420>),5,,"{'balance': SMOTE(random_state=42), 'classify__C': 10.0, 'classify__max_iter': 100, 'classify__n_jobs': 2, 'classify__penalty': 'l2', 'classify__random_state': 42, 'classify__solver': 'lbfgs', 'classify__tol': 1e-08, 'impute': SimpleImputer(strategy='median'), 'select': SelectKBest(score_func=<function mutual_info_classif at 0x766691e17420>), 'select__k': 5, 'transform': None}",,,,,,451,,,,,,451,,,,,,451
0.0006918112436930338,3.239121117820509e-05,0.0,0.0,SMOTE(random_state=42),10.0,100,2,l2,42,lbfgs,1e-08,,SelectKBest(score_func=<function mutual_info_classif at 0x766691e17420>),9,,"{'balance': SMOTE(random_state=42), 'classify__C': 10.0, 'classify__max_iter': 100, 'classify__n_jobs': 2, 'classify__penalty': 'l2', 'classify__random_state': 42, 'classify__solver': 'lbfgs', 'classify__tol': 1e-08, 'impute': None, 'select': SelectKBest(score_func=<function mutual_info_classif at 0x766691e17420>), 'select__k': 9, 'transform': None}",,,,,,451,,,,,,451,,,,,,451
0.002641757329305013,0.0028993758141908905,0.0,0.0,SMOTE(random_state=42),10.0,100,2,l2,42,lbfgs,1e-08,,SelectKBest(score_func=<function mutual_info_classif at 0x766691e17420>),7,,"{'balance': SMOTE(random_state=42), 'classify__C': 10.0, 'classify__max_iter': 100, 'classify__n_jobs': 2, 'classify__penalty': 'l2', 'classify__random_state': 42, 'classify__solver': 'lbfgs', 'classify__tol': 1e-08, 'impute': None, 'select': SelectKBest(score_func=<function mutual_info_classif at 0x766691e17420>), 'select__k': 7, 'transform': None}",,,,,,451,,,,,,451,,,,,,451
0.0026253859202067056,0.002907870922596941,0.0,0.0,SMOTE(random_state=42),10.0,100,2,l2,42,lbfgs,1e-08,,SelectKBest(score_func=<function mutual_info_classif at 0x766691e17420>),5,,"{'balance': SMOTE(random_state=42), 'classify__C': 10.0, 'classify__max_iter': 100, 'classify__n_jobs': 2, 'classify__penalty': 'l2', 'classify__random_state': 42, 'classify__solver': 'lbfgs', 'classify__tol': 1e-08, 'impute': None, 'select': SelectKBest(score_func=<function mutual_info_classif at 0x766691e17420>), 'select__k': 5, 'transform': None}",,,,,,451,,,,,,451,,,,,,451
0.00275421142578125,0.0029215514804285946,0.0,0.0,SMOTE(random_state=42),1.0,2000,2,l2,42,lbfgs,0.0001,SimpleImputer(strategy='median'),SelectKBest(score_func=<function mutual_info_classif at 0x766691e17420>),9,,"{'balance': SMOTE(random_state=42), 'classify__C': 1.0, 'classify__max_iter': 2000, 'classify__n_jobs': 2, 'classify__penalty': 'l2', 'classify__random_state': 42, 'classify__solver': 'lbfgs', 'classify__tol': 0.0001, 'impute': SimpleImputer(strategy='median'), 'select': SelectKBest(score_func=<function mutual_info_classif at 0x766691e17420>), 'select__k': 9, 'transform': None}",,,,,,451,,,,,,451,,,,,,451
0.003750960032145182,0.004260665541497004,0.0,0.0,SMOTE(random_state=42),1.0,2000,2,l2,42,lbfgs,0.0001,SimpleImputer(strategy='median'),SelectKBest(score_func=<function mutual_info_classif at 0x766691e17420>),7,,"{'balance': SMOTE(random_state=42), 'classify__C': 1.0, 'classify__max_iter': 2000, 'classify__n_jobs': 2, 'classify__penalty': 'l2', 'classify__random_state': 42, 'classify__solver': 'lbfgs', 'classify__tol': 0.0001, 'impute': SimpleImputer(strategy='median'), 'select': SelectKBest(score_func=<function mutual_info_classif at 0x766691e17420>), 'select__k': 7, 'transform': None}",,,,,,451,,,,,,451,,,,,,451
0.0006266434987386068,2.4539232173596717e-05,0.0,0.0,SMOTE(random_state=42),1.0,2000,2,l2,42,lbfgs,0.0001,SimpleImputer(strategy='median'),SelectKBest(score_func=<function mutual_info_classif at 0x766691e17420>),5,,"{'balance': SMOTE(random_state=42), 'classify__C': 1.0, 'classify__max_iter': 2000, 'classify__n_jobs': 2, 'classify__penalty': 'l2', 'classify__random_state': 42, 'classify__solver': 'lbfgs', 'classify__tol': 0.0001, 'impute': SimpleImputer(strategy='median'), 'select': SelectKBest(score_func=<function mutual_info_classif at 0x766691e17420>), 'select__k': 5, 'transform': None}",,,,,,451,,,,,,451,,,,,,451
0.002555290857950846,0.002818681851065181,0.0,0.0,SMOTE(random_state=42),1.0,2000,2,l2,42,lbfgs,0.0001,,SelectKBest(score_func=<function mutual_info_classif at 0x766691e17420>),9,,"{'balance': SMOTE(random_state=42), 'classify__C': 1.0, 'classify__max_iter': 2000, 'classify__n_jobs': 2, 'classify__penalty': 'l2', 'classify__random_state': 42, 'classify__solver': 'lbfgs', 'classify__tol': 0.0001, 'impute': None, 'select': SelectKBest(score_func=<function mutual_info_classif at 0x766691e17420>), 'select__k': 9, 'transform': None}",,,,,,451,,,,,,451,,,,,,451
0.002581993738810221,0.002868611928909329,0.0,0.0,SMOTE(random_state=42),1.0,2000,2,l2,42,lbfgs,0.0001,,SelectKBest(score_func=<function mutual_info_classif at 0x766691e17420>),7,,"{'balance': SMOTE(random_state=42), 'classify__C': 1.0, 'classify__max_iter': 2000, 'classify__n_jobs': 2, 'classify__penalty': 'l2', 'classify__random_state': 42, 'classify__solver': 'lbfgs', 'classify__tol': 0.0001, 'impute': None, 'select': SelectKBest(score_func=<function mutual_info_classif at 0x766691e17420>), 'select__k': 7, 'transform': None}",,,,,,451,,,,,,451,,,,,,451
0.003663221995035807,0.002479936262442965,0.0,0.0,SMOTE(random_state=42),1.0,2000,2,l2,42,lbfgs,0.0001,,SelectKBest(score_func=<function mutual_info_classif at 0x766691e17420>),5,,"{'balance': SMOTE(random_state=42), 'classify__C': 1.0, 'classify__max_iter': 2000, 'classify__n_jobs': 2, 'classify__penalty': 'l2', 'classify__random_state': 42, 'classify__solver': 'lbfgs', 'classify__tol': 0.0001, 'impute': None, 'select': SelectKBest(score_func=<function mutual_info_classif at 0x766691e17420>), 'select__k': 5, 'transform': None}",,,,,,451,,,,,,451,,,,,,451
0.002415180206298828,0.0012475042038363354,0.0,0.0,SMOTE(random_state=42),1.0,2000,2,l2,42,lbfgs,1e-06,SimpleImputer(strategy='median'),SelectKBest(score_func=<function mutual_info_classif at 0x766691e17420>),9,,"{'balance': SMOTE(random_state=42), 'classify__C': 1.0, 'classify__max_iter': 2000, 'classify__n_jobs': 2, 'classify__penalty': 'l2', 'classify__random_state': 42, 'classify__solver': 'lbfgs', 'classify__tol': 1e-06, 'impute': SimpleImputer(strategy='median'), 'select': SelectKBest(score_func=<function mutual_info_classif at 0x766691e17420>), 'select__k': 9, 'transform': None}",,,,,,451,,,,,,451,,,,,,451
0.0006874402364095052,9.714561605126567e-06,0.0,0.0,SMOTE(random_state=42),1.0,2000,2,l2,42,lbfgs,1e-06,SimpleImputer(strategy='median'),SelectKBest(score_func=<function mutual_info_classif at 0x766691e17420>),7,,"{'balance': SMOTE(random_state=42), 'classify__C': 1.0, 'classify__max_iter': 2000, 'classify__n_jobs': 2, 'classify__penalty': 'l2', 'classify__random_state': 42, 'classify__solver': 'lbfgs', 'classify__tol': 1e-06, 'impute': SimpleImputer(strategy='median'), 'select': SelectKBest(score_func=<function mutual_info_classif at 0x766691e17420>), 'select__k': 7, 'transform': None}",,,,,,451,,,,,,451,,,,,,451
0.0007119973500569662,9.193467676050889e-06,0.0,0.0,SMOTE(random_state=42),1.0,2000,2,l2,42,lbfgs,1e-06,SimpleImputer(strategy='median'),SelectKBest(score_func=<function mutual_info_classif at 0x766691e17420>),5,,"{'balance': SMOTE(random_state=42), 'classify__C': 1.0, 'classify__max_iter': 2000, 'classify__n_jobs': 2, 'classify__penalty': 'l2', 'classify__random_state': 42, 'classify__solver': 'lbfgs', 'classify__tol': 1e-06, 'impute': SimpleImputer(strategy='median'), 'select': SelectKBest(score_func=<function mutual_info_classif at 0x766691e17420>), 'select__k': 5, 'transform': None}",,,,,,451,,,,,,451,,,,,,451
0.0006301403045654297,4.7842397509550765e-06,0.0,0.0,SMOTE(random_state=42),1.0,2000,2,l2,42,lbfgs,1e-06,,SelectKBest(score_func=<function mutual_info_classif at 0x766691e17420>),9,,"{'balance': SMOTE(random_state=42), 'classify__C': 1.0, 'classify__max_iter': 2000, 'classify__n_jobs': 2, 'classify__penalty': 'l2', 'classify__random_state': 42, 'classify__solver': 'lbfgs', 'classify__tol': 1e-06, 'impute': None, 'select': SelectKBest(score_func=<function mutual_info_classif at 0x766691e17420>), 'select__k': 9, 'transform': None}",,,,,,451,,,,,,451,,,,,,451
0.0006348292032877604,1.4734876867709846e-05,0.0,0.0,SMOTE(random_state=42),1.0,2000,2,l2,42,lbfgs,1e-06,,SelectKBest(score_func=<function mutual_info_classif at 0x766691e17420>),7,,"{'balance': SMOTE(random_state=42), 'classify__C': 1.0, 'classify__max_iter': 2000, 'classify__n_jobs': 2, 'classify__penalty': 'l2', 'classify__random_state': 42, 'classify__solver': 'lbfgs', 'classify__tol': 1e-06, 'impute': None, 'select': SelectKBest(score_func=<function mutual_info_classif at 0x766691e17420>), 'select__k': 7, 'transform': None}",,,,,,451,,,,,,451,,,,,,451
0.0006289482116699219,5.735276080026218e-06,0.0,0.0,SMOTE(random_state=42),1.0,2000,2,l2,42,lbfgs,1e-06,,SelectKBest(score_func=<function mutual_info_classif at 0x766691e17420>),5,,"{'balance': SMOTE(random_state=42), 'classify__C': 1.0, 'classify__max_iter': 2000, 'classify__n_jobs': 2, 'classify__penalty': 'l2', 'classify__random_state': 42, 'classify__solver': 'lbfgs', 'classify__tol': 1e-06, 'impute': None, 'select': SelectKBest(score_func=<function mutual_info_classif at 0x766691e17420>), 'select__k': 5, 'transform': None}",,,,,,451,,,,,,451,,,,,,451
0.0005082289377848307,1.4433461614922194e-05,0.0,0.0,SMOTE(random_state=42),10.0,200,2,l2,42,lbfgs,1e-08,,SelectKBest(score_func=<function mutual_info_classif at 0x766691e17420>),7,,"{'balance': SMOTE(random_state=42), 'classify__C': 10.0, 'classify__max_iter': 200, 'classify__n_jobs': 2, 'classify__penalty': 'l2', 'classify__random_state': 42, 'classify__solver': 'lbfgs', 'classify__tol': 1e-08, 'impute': None, 'select': SelectKBest(score_func=<function mutual_info_classif at 0x766691e17420>), 'select__k': 7, 'transform': None}",,,,,,451,,,,,,451,,,,,,451
0.0012235641479492188,0.0010004030699792845,0.0,0.0,SMOTE(random_state=42),10.0,200,2,l2,42,lbfgs,1e-08,,SelectKBest(score_func=<function mutual_info_classif at 0x766691e17420>),5,,"{'balance': SMOTE(random_state=42), 'classify__C': 10.0, 'classify__max_iter': 200, 'classify__n_jobs': 2, 'classify__penalty': 'l2', 'classify__random_state': 42, 'classify__solver': 'lbfgs', 'classify__tol': 1e-08, 'impute': None, 'select': SelectKBest(score_func=<function mutual_info_classif at 0x766691e17420>), 'select__k': 5, 'transform': None}",,,,,,451,,,,,,451,,,,,,451
0.0019445419311523438,0.0018863443033904344,0.0,0.0,SMOTE(random_state=42),10.0,100,2,l2,42,lbfgs,0.0001,SimpleImputer(strategy='median'),SelectKBest(score_func=<function mutual_info_classif at 0x766691e17420>),9,,"{'balance': SMOTE(random_state=42), 'classify__C': 10.0, 'classify__max_iter': 100, 'classify__n_jobs': 2, 'classify__penalty': 'l2', 'classify__random_state': 42, 'classify__solver': 'lbfgs', 'classify__tol': 0.0001, 'impute': SimpleImputer(strategy='median'), 'select': SelectKBest(score_func=<function mutual_info_classif at 0x766691e17420>), 'select__k': 9, 'transform': None}",,,,,,451,,,,,,451,,,,,,451
0.0007605552673339844,0.0001382626321524636,0.0,0.0,SMOTE(random_state=42),10.0,100,2,l2,42,lbfgs,0.0001,SimpleImputer(strategy='median'),SelectKBest(score_func=<function mutual_info_classif at 0x766691e17420>),7,,"{'balance': SMOTE(random_state=42), 'classify__C': 10.0, 'classify__max_iter': 100, 'classify__n_jobs': 2, 'classify__penalty': 'l2', 'classify__random_state': 42, 'classify__solver': 'lbfgs', 'classify__tol': 0.0001, 'impute': SimpleImputer(strategy='median'), 'select': SelectKBest(score_func=<function mutual_info_classif at 0x766691e17420>), 'select__k': 7, 'transform': None}",,,,,,451,,,,,,451,,,,,,451
0.0008792082468668619,3.169283583306069e-05,0.0,0.0,SMOTE(random_state=42),10.0,100,2,l2,42,lbfgs,0.0001,SimpleImputer(strategy='median'),SelectKBest(score_func=<function mutual_info_classif at 0x766691e17420>),5,,"{'balance': SMOTE(random_state=42), 'classify__C': 10.0, 'classify__max_iter': 100, 'classify__n_jobs': 2, 'classify__penalty': 'l2', 'classify__random_state': 42, 'classify__solver': 'lbfgs', 'classify__tol': 0.0001, 'impute': SimpleImputer(strategy='median'), 'select': SelectKBest(score_func=<function mutual_info_classif at 0x766691e17420>), 'select__k': 5, 'transform': None}",,,,,,451,,,,,,451,,,,,,451
0.002789735794067383,0.0028447087185298624,0.0,0.0,SMOTE(random_state=42),10.0,100,2,l2,42,lbfgs,0.0001,,SelectKBest(score_func=<function mutual_info_classif at 0x766691e17420>),9,,"{'balance': SMOTE(random_state=42), 'classify__C': 10.0, 'classify__max_iter': 100, 'classify__n_jobs': 2, 'classify__penalty': 'l2', 'classify__random_state': 42, 'classify__solver': 'lbfgs', 'classify__tol': 0.0001, 'impute': None, 'select': SelectKBest(score_func=<function mutual_info_classif at 0x766691e17420>), 'select__k': 9, 'transform': None}",,,,,,451,,,,,,451,,,,,,451
0.0007205009460449219,6.204046641923e-05,0.0,0.0,SMOTE(random_state=42),10.0,100,2,l2,42,lbfgs,0.0001,,SelectKBest(score_func=<function mutual_info_classif at 0x766691e17420>),7,,"{'balance': SMOTE(random_state=42), 'classify__C': 10.0, 'classify__max_iter': 100, 'classify__n_jobs': 2, 'classify__penalty': 'l2', 'classify__random_state': 42, 'classify__solver': 'lbfgs', 'classify__tol': 0.0001, 'impute': None, 'select': SelectKBest(score_func=<function mutual_info_classif at 0x766691e17420>), 'select__k': 7, 'transform': None}",,,,,,451,,,,,,451,,,,,,451
0.0038039684295654297,0.004283485511654744,0.0,0.0,SMOTE(random_state=42),10.0,100,2,l2,42,lbfgs,0.0001,,SelectKBest(score_func=<function mutual_info_classif at 0x766691e17420>),5,,"{'balance': SMOTE(random_state=42), 'classify__C': 10.0, 'classify__max_iter': 100, 'classify__n_jobs': 2, 'classify__penalty': 'l2', 'classify__random_state': 42, 'classify__solver': 'lbfgs', 'classify__tol': 0.0001, 'impute': None, 'select': SelectKBest(score_func=<function mutual_info_classif at 0x766691e17420>), 'select__k': 5, 'transform': None}",,,,,,451,,,,,,451,,,,,,451
0.0040369828542073565,0.004574531428001107,0.0,0.0,SMOTE(random_state=42),10.0,100,2,l2,42,lbfgs,1e-06,SimpleImputer(strategy='median'),SelectKBest(score_func=<function mutual_info_classif at 0x766691e17420>),9,,"{'balance': SMOTE(random_state=42), 'classify__C': 10.0, 'classify__max_iter': 100, 'classify__n_jobs': 2, 'classify__penalty': 'l2', 'classify__random_state': 42, 'classify__solver': 'lbfgs', 'classify__tol': 1e-06, 'impute': SimpleImputer(strategy='median'), 'select': SelectKBest(score_func=<function mutual_info_classif at 0x766691e17420>), 'select__k': 9, 'transform': None}",,,,,,451,,,,,,451,,,,,,451
0.0008091926574707031,6.281594354653801e-05,0.0,0.0,SMOTE(random_state=42),10.0,100,2,l2,42,lbfgs,1e-06,SimpleImputer(strategy='median'),SelectKBest(score_func=<function mutual_info_classif at 0x766691e17420>),7,,"{'balance': SMOTE(random_state=42), 'classify__C': 10.0, 'classify__max_iter': 100, 'classify__n_jobs': 2, 'classify__penalty': 'l2', 'classify__random_state': 42, 'classify__solver': 'lbfgs', 'classify__tol': 1e-06, 'impute': SimpleImputer(strategy='median'), 'select': SelectKBest(score_func=<function mutual_info_classif at 0x766691e17420>), 'select__k': 7, 'transform': None}",,,,,,451,,,,,,451,,,,,,451
0.005532105763753255,0.0035671243718282796,0.0,0.0,SMOTE(random_state=42),10.0,100,2,l2,42,lbfgs,1e-06,SimpleImputer(strategy='median'),SelectKBest(score_func=<function mutual_info_classif at 0x766691e17420>),5,,"{'balance': SMOTE(random_state=42), 'classify__C': 10.0, 'classify__max_iter': 100, 'classify__n_jobs': 2, 'classify__penalty': 'l2', 'classify__random_state': 42, 'classify__solver': 'lbfgs', 'classify__tol': 1e-06, 'impute': SimpleImputer(strategy='median'), 'select': SelectKBest(score_func=<function mutual_info_classif at 0x766691e17420>), 'select__k': 5, 'transform': None}",,,,,,451,,,,,,451,,,,,,451
0.0042832692464192705,0.005004669684003125,0.0,0.0,SMOTE(random_state=42),10.0,100,2,l2,42,lbfgs,1e-06,,SelectKBest(score_func=<function mutual_info_classif at 0x766691e17420>),9,,"{'balance': SMOTE(random_state=42), 'classify__C': 10.0, 'classify__max_iter': 100, 'classify__n_jobs': 2, 'classify__penalty': 'l2', 'classify__random_state': 42, 'classify__solver': 'lbfgs', 'classify__tol': 1e-06, 'impute': None, 'select': SelectKBest(score_func=<function mutual_info_classif at 0x766691e17420>), 'select__k': 9, 'transform': None}",,,,,,451,,,,,,451,,,,,,451
0.0007723967234293619,5.493546696275825e-05,0.0,0.0,SMOTE(random_state=42),10.0,100,2,l2,42,lbfgs,1e-06,,SelectKBest(score_func=<function mutual_info_classif at 0x766691e17420>),7,,"{'balance': SMOTE(random_state=42), 'classify__C': 10.0, 'classify__max_iter': 100, 'classify__n_jobs': 2, 'classify__penalty': 'l2', 'classify__random_state': 42, 'classify__solver': 'lbfgs', 'classify__tol': 1e-06, 'impute': None, 'select': SelectKBest(score_func=<function mutual_info_classif at 0x766691e17420>), 'select__k': 7, 'transform': None}",,,,,,451,,,,,,451,,,,,,451
0.008835077285766602,0.005658333988656851,0.0,0.0,SMOTE(random_state=42),10.0,100,2,l2,42,lbfgs,1e-06,,SelectKBest(score_func=<function mutual_info_classif at 0x766691e17420>),5,,"{'balance': SMOTE(random_state=42), 'classify__C': 10.0, 'classify__max_iter': 100, 'classify__n_jobs': 2, 'classify__penalty': 'l2', 'classify__random_state': 42, 'classify__solver': 'lbfgs', 'classify__tol': 1e-06, 'impute': None, 'select': SelectKBest(score_func=<function mutual_info_classif at 0x766691e17420>), 'select__k': 5, 'transform': None}",,,,,,451,,,,,,451,,,,,,451
0.000530242919921875,2.181584282844141e-05,0.0,0.0,SMOTE(random_state=42),10.0,100,2,l2,42,lbfgs,1e-08,SimpleImputer(strategy='median'),SelectKBest(score_func=<function mutual_info_classif at 0x766691e17420>),9,,"{'balance': SMOTE(random_state=42), 'classify__C': 10.0, 'classify__max_iter': 100, 'classify__n_jobs': 2, 'classify__penalty': 'l2', 'classify__random_state': 42, 'classify__solver': 'lbfgs', 'classify__tol': 1e-08, 'impute': SimpleImputer(strategy='median'), 'select': SelectKBest(score_func=<function mutual_info_classif at 0x766691e17420>), 'select__k': 9, 'transform': None}",,,,,,451,,,,,,451,,,,,,451
0.0005580584208170573,3.611304809882557e-05,0.0,0.0,SMOTE(random_state=42),10.0,100,2,l2,42,lbfgs,1e-08,SimpleImputer(strategy='median'),SelectKBest(score_func=<function mutual_info_classif at 0x766691e17420>),7,,"{'balance': SMOTE(random_state=42), 'classify__C': 10.0, 'classify__max_iter': 100, 'classify__n_jobs': 2, 'classify__penalty': 'l2', 'classify__random_state': 42, 'classify__solver': 'lbfgs', 'classify__tol': 1e-08, 'impute': SimpleImputer(strategy='median'), 'select': SelectKBest(score_func=<function mutual_info_classif at 0x766691e17420>), 'select__k': 7, 'transform': None}",,,,,,451,,,,,,451,,,,,,451
0.003062566121419271,0.0030835107857755525,0.0,0.0,SMOTE(random_state=42),10.0,200,2,l2,42,lbfgs,0.0001,SimpleImputer(strategy='median'),SelectKBest(score_func=<function mutual_info_classif at 0x766691e17420>),9,,"{'balance': SMOTE(random_state=42), 'classify__C': 10.0, 'classify__max_iter': 200, 'classify__n_jobs': 2, 'classify__penalty': 'l2', 'classify__random_state': 42, 'classify__solver': 'lbfgs', 'classify__tol': 0.0001, 'impute': SimpleImputer(strategy='median'), 'select': SelectKBest(score_func=<function mutual_info_classif at 0x766691e17420>), 'select__k': 9, 'transform': None}",,,,,,451,,,,,,451,,,,,,451
0.004805088043212891,0.005790823571290108,0.0,0.0,SMOTE(random_state=42),10.0,200,2,l2,42,lbfgs,0.0001,SimpleImputer(strategy='median'),SelectKBest(score_func=<function mutual_info_classif at 0x766691e17420>),7,,"{'balance': SMOTE(random_state=42), 'classify__C': 10.0, 'classify__max_iter': 200, 'classify__n_jobs': 2, 'classify__penalty': 'l2', 'classify__random_state': 42, 'classify__solver': 'lbfgs', 'classify__tol': 0.0001, 'impute': SimpleImputer(strategy='median'), 'select': SelectKBest(score_func=<function mutual_info_classif at 0x766691e17420>), 'select__k': 7, 'transform': None}",,,,,,451,,,,,,451,,,,,,451
0.0007558663686116537,4.649685289576334e-05,0.0,0.0,SMOTE(random_state=42),10.0,200,2,l2,42,lbfgs,0.0001,SimpleImputer(strategy='median'),SelectKBest(score_func=<function mutual_info_classif at 0x766691e17420>),5,,"{'balance': SMOTE(random_state=42), 'classify__C': 10.0, 'classify__max_iter': 200, 'classify__n_jobs': 2, 'classify__penalty': 'l2', 'classify__random_state': 42, 'classify__solver': 'lbfgs', 'classify__tol': 0.0001, 'impute': SimpleImputer(strategy='median'), 'select': SelectKBest(score_func=<function mutual_info_classif at 0x766691e17420>), 'select__k': 5, 'transform': None}",,,,,,451,,,,,,451,,,,,,451
0.003617366154988607,0.004312634749083201,0.0,0.0,SMOTE(random_state=42),10.0,200,2,l2,42,lbfgs,0.0001,,SelectKBest(score_func=<function mutual_info_classif at 0x766691e17420>),9,,"{'balance': SMOTE(random_state=42), 'classify__C': 10.0, 'classify__max_iter': 200, 'classify__n_jobs': 2, 'classify__penalty': 'l2', 'classify__random_state': 42, 'classify__solver': 'lbfgs', 'classify__tol': 0.0001, 'impute': None, 'select': SelectKBest(score_func=<function mutual_info_classif at 0x766691e17420>), 'select__k': 9, 'transform': None}",,,,,,451,,,,,,451,,,,,,451
0.0039861202239990234,0.0047283728537485005,0.0,0.0,SMOTE(random_state=42),10.0,200,2,l2,42,lbfgs,0.0001,,SelectKBest(score_func=<function mutual_info_classif at 0x766691e17420>),7,,"{'balance': SMOTE(random_state=42), 'classify__C': 10.0, 'classify__max_iter': 200, 'classify__n_jobs': 2, 'classify__penalty': 'l2', 'classify__random_state': 42, 'classify__solver': 'lbfgs', 'classify__tol': 0.0001, 'impute': None, 'select': SelectKBest(score_func=<function mutual_info_classif at 0x766691e17420>), 'select__k': 7, 'transform': None}",,,,,,451,,,,,,451,,,,,,451
0.004957358042399089,0.0037026736290800785,0.0,0.0,SMOTE(random_state=42),10.0,200,2,l2,42,lbfgs,0.0001,,SelectKBest(score_func=<function mutual_info_classif at 0x766691e17420>),5,,"{'balance': SMOTE(random_state=42), 'classify__C': 10.0, 'classify__max_iter': 200, 'classify__n_jobs': 2, 'classify__penalty': 'l2', 'classify__random_state': 42, 'classify__solver': 'lbfgs', 'classify__tol': 0.0001, 'impute': None, 'select': SelectKBest(score_func=<function mutual_info_classif at 0x766691e17420>), 'select__k': 5, 'transform': None}",,,,,,451,,,,,,451,,,,,,451
0.0008095105489095052,0.00010023912770661328,0.0,0.0,SMOTE(random_state=42),10.0,200,2,l2,42,lbfgs,1e-06,SimpleImputer(strategy='median'),SelectKBest(score_func=<function mutual_info_classif at 0x766691e17420>),9,,"{'balance': SMOTE(random_state=42), 'classify__C': 10.0, 'classify__max_iter': 200, 'classify__n_jobs': 2, 'classify__penalty': 'l2', 'classify__random_state': 42, 'classify__solver': 'lbfgs', 'classify__tol': 1e-06, 'impute': SimpleImputer(strategy='median'), 'select': SelectKBest(score_func=<function mutual_info_classif at 0x766691e17420>), 'select__k': 9, 'transform': None}",,,,,,451,,,,,,451,,,,,,451
0.003862619400024414,0.004409609846483694,0.0,0.0,SMOTE(random_state=42),10.0,200,2,l2,42,lbfgs,1e-06,SimpleImputer(strategy='median'),SelectKBest(score_func=<function mutual_info_classif at 0x766691e17420>),7,,"{'balance': SMOTE(random_state=42), 'classify__C': 10.0, 'classify__max_iter': 200, 'classify__n_jobs': 2, 'classify__penalty': 'l2', 'classify__random_state': 42, 'classify__solver': 'lbfgs', 'classify__tol': 1e-06, 'impute': SimpleImputer(strategy='median'), 'select': SelectKBest(score_func=<function mutual_info_classif at 0x766691e17420>), 'select__k': 7, 'transform': None}",,,,,,451,,,,,,451,,,,,,451
0.004014730453491211,0.0048005075466260325,0.0,0.0,SMOTE(random_state=42),10.0,200,2,l2,42,lbfgs,1e-06,SimpleImputer(strategy='median'),SelectKBest(score_func=<function mutual_info_classif at 0x766691e17420>),5,,"{'balance': SMOTE(random_state=42), 'classify__C': 10.0, 'classify__max_iter': 200, 'classify__n_jobs': 2, 'classify__penalty': 'l2', 'classify__random_state': 42, 'classify__solver': 'lbfgs', 'classify__tol': 1e-06, 'impute': SimpleImputer(strategy='median'), 'select': SelectKBest(score_func=<function mutual_info_classif at 0x766691e17420>), 'select__k': 5, 'transform': None}",,,,,,451,,,,,,451,,,,,,451
0.002610445022583008,0.0028990587884533295,0.0,0.0,SMOTE(random_state=42),10.0,200,2,l2,42,lbfgs,1e-06,,SelectKBest(score_func=<function mutual_info_classif at 0x766691e17420>),9,,"{'balance': SMOTE(random_state=42), 'classify__C': 10.0, 'classify__max_iter': 200, 'classify__n_jobs': 2, 'classify__penalty': 'l2', 'classify__random_state': 42, 'classify__solver': 'lbfgs', 'classify__tol': 1e-06, 'impute': None, 'select': SelectKBest(score_func=<function mutual_info_classif at 0x766691e17420>), 'select__k': 9, 'transform': None}",,,,,,451,,,,,,451,,,,,,451
0.0006519158681233724,9.687158083534502e-05,0.0,0.0,SMOTE(random_state=42),10.0,200,2,l2,42,lbfgs,1e-06,,SelectKBest(score_func=<function mutual_info_classif at 0x766691e17420>),7,,"{'balance': SMOTE(random_state=42), 'classify__C': 10.0, 'classify__max_iter': 200, 'classify__n_jobs': 2, 'classify__penalty': 'l2', 'classify__random_state': 42, 'classify__solver': 'lbfgs', 'classify__tol': 1e-06, 'impute': None, 'select': SelectKBest(score_func=<function mutual_info_classif at 0x766691e17420>), 'select__k': 7, 'transform': None}",,,,,,451,,,,,,451,,,,,,451
0.0005961259206136068,5.9603479162051134e-05,0.0,0.0,SMOTE(random_state=42),10.0,200,2,l2,42,lbfgs,1e-06,,SelectKBest(score_func=<function mutual_info_classif at 0x766691e17420>),5,,"{'balance': SMOTE(random_state=42), 'classify__C': 10.0, 'classify__max_iter': 200, 'classify__n_jobs': 2, 'classify__penalty': 'l2', 'classify__random_state': 42, 'classify__solver': 'lbfgs', 'classify__tol': 1e-06, 'impute': None, 'select': SelectKBest(score_func=<function mutual_info_classif at 0x766691e17420>), 'select__k': 5, 'transform': None}",,,,,,451,,,,,,451,,,,,,451
0.0026957194010416665,0.0028357211687988822,0.0,0.0,SMOTE(random_state=42),10.0,200,2,l2,42,lbfgs,1e-08,SimpleImputer(strategy='median'),SelectKBest(score_func=<function mutual_info_classif at 0x766691e17420>),9,,"{'balance': SMOTE(random_state=42), 'classify__C': 10.0, 'classify__max_iter': 200, 'classify__n_jobs': 2, 'classify__penalty': 'l2', 'classify__random_state': 42, 'classify__solver': 'lbfgs', 'classify__tol': 1e-08, 'impute': SimpleImputer(strategy='median'), 'select': SelectKBest(score_func=<function mutual_info_classif at 0x766691e17420>), 'select__k': 9, 'transform': None}",,,,,,451,,,,,,451,,,,,,451
0.0033042430877685547,0.003805739649304623,0.0,0.0,SMOTE(random_state=42),10.0,200,2,l2,42,lbfgs,1e-08,SimpleImputer(strategy='median'),SelectKBest(score_func=<function mutual_info_classif at 0x766691e17420>),7,,"{'balance': SMOTE(random_state=42), 'classify__C': 10.0, 'classify__max_iter': 200, 'classify__n_jobs': 2, 'classify__penalty': 'l2', 'classify__random_state': 42, 'classify__solver': 'lbfgs', 'classify__tol': 1e-08, 'impute': SimpleImputer(strategy='median'), 'select': SelectKBest(score_func=<function mutual_info_classif at 0x766691e17420>), 'select__k': 7, 'transform': None}",,,,,,451,,,,,,451,,,,,,451
0.0005899270375569662,2.0477489714336368e-05,0.0,0.0,SMOTE(random_state=42),10.0,200,2,l2,42,lbfgs,1e-08,SimpleImputer(strategy='median'),SelectKBest(score_func=<function mutual_info_classif at 0x766691e17420>),5,,"{'balance': SMOTE(random_state=42), 'classify__C': 10.0, 'classify__max_iter': 200, 'classify__n_jobs': 2, 'classify__penalty': 'l2', 'classify__random_state': 42, 'classify__solver': 'lbfgs', 'classify__tol': 1e-08, 'impute': SimpleImputer(strategy='median'), 'select': SelectKBest(score_func=<function mutual_info_classif at 0x766691e17420>), 'select__k': 5, 'transform': None}",,,,,,451,,,,,,451,,,,,,451
0.0028839111328125,0.0032959042496376093,0.0,0.0,SMOTE(random_state=42),10.0,200,2,l2,42,lbfgs,1e-08,,SelectKBest(score_func=<function mutual_info_classif at 0x766691e17420>),9,,"{'balance': SMOTE(random_state=42), 'classify__C': 10.0, 'classify__max_iter': 200, 'classify__n_jobs': 2, 'classify__penalty': 'l2', 'classify__random_state': 42, 'classify__solver': 'lbfgs', 'classify__tol': 1e-08, 'impute': None, 'select': SelectKBest(score_func=<function mutual_info_classif at 0x766691e17420>), 'select__k': 9, 'transform': None}",,,,,,451,,,,,,451,,,,,,451
0.0013791720072428386,0.0008498496014711039,0.0,0.0,SMOTE(random_state=42),10.0,500,2,l2,42,lbfgs,0.0001,SimpleImputer(strategy='median'),SelectKBest(score_func=<function mutual_info_classif at 0x766691e17420>),5,,"{'balance': SMOTE(random_state=42), 'classify__C': 10.0, 'classify__max_iter': 500, 'classify__n_jobs': 2, 'classify__penalty': 'l2', 'classify__random_state': 42, 'classify__solver': 'lbfgs', 'classify__tol': 0.0001, 'impute': SimpleImputer(strategy='median'), 'select': SelectKBest(score_func=<function mutual_info_classif at 0x766691e17420>), 'select__k': 5, 'transform': None}",,,,,,451,,,,,,451,,,,,,451
0.0007092157999674479,4.7916137315850774e-05,0.0,0.0,SMOTE(random_state=42),10.0,500,2,l2,42,lbfgs,0.0001,,SelectKBest(score_func=<function mutual_info_classif at 0x766691e17420>),9,,"{'balance': SMOTE(random_state=42), 'classify__C': 10.0, 'classify__max_iter': 500, 'classify__n_jobs': 2, 'classify__penalty': 'l2', 'classify__random_state': 42, 'classify__solver': 'lbfgs', 'classify__tol': 0.0001, 'impute': None, 'select': SelectKBest(score_func=<function mutual_info_classif at 0x766691e17420>), 'select__k': 9, 'transform': None}",,,,,,451,,,,,,451,,,,,,451
0.0007967948913574219,4.42718756992883e-05,0.0,0.0,SMOTE(random_state=42),10.0,500,2,l2,42,lbfgs,0.0001,,SelectKBest(score_func=<function mutual_info_classif at 0x766691e17420>),7,,"{'balance': SMOTE(random_state=42), 'classify__C': 10.0, 'classify__max_iter': 500, 'classify__n_jobs': 2, 'classify__penalty': 'l2', 'classify__random_state': 42, 'classify__solver': 'lbfgs', 'classify__tol': 0.0001, 'impute': None, 'select': SelectKBest(score_func=<function mutual_info_classif at 0x766691e17420>), 'select__k': 7, 'transform': None}",,,,,,451,,,,,,451,,,,,,451
0.002699772516886393,0.002803052995682888,0.0,0.0,SMOTE(random_state=42),10.0,500,2,l2,42,lbfgs,0.0001,,SelectKBest(score_func=<function mutual_info_classif at 0x766691e17420>),5,,"{'balance': SMOTE(random_state=42), 'classify__C': 10.0, 'classify__max_iter': 500, 'classify__n_jobs': 2, 'classify__penalty': 'l2', 'classify__random_state': 42, 'classify__solver': 'lbfgs', 'classify__tol': 0.0001, 'impute': None, 'select': SelectKBest(score_func=<function mutual_info_classif at 0x766691e17420>), 'select__k': 5, 'transform': None}",,,,,,451,,,,,,451,,,,,,451
0.002725998560587565,0.0028365851180602577,0.0,0.0,SMOTE(random_state=42),10.0,500,2,l2,42,lbfgs,1e-06,SimpleImputer(strategy='median'),SelectKBest(score_func=<function mutual_info_classif at 0x766691e17420>),9,,"{'balance': SMOTE(random_state=42), 'classify__C': 10.0, 'classify__max_iter': 500, 'classify__n_jobs': 2, 'classify__penalty': 'l2', 'classify__random_state': 42, 'classify__solver': 'lbfgs', 'classify__tol': 1e-06, 'impute': SimpleImputer(strategy='median'), 'select': SelectKBest(score_func=<function mutual_info_classif at 0x766691e17420>), 'select__k': 9, 'transform': None}",,,,,,451,,,,,,451,,,,,,451
0.0007512569427490234,6.086012708319647e-05,0.0,0.0,SMOTE(random_state=42),10.0,500,2,l2,42,lbfgs,1e-06,SimpleImputer(strategy='median'),SelectKBest(score_func=<function mutual_info_classif at 0x766691e17420>),7,,"{'balance': SMOTE(random_state=42), 'classify__C': 10.0, 'classify__max_iter': 500, 'classify__n_jobs': 2, 'classify__penalty': 'l2', 'classify__random_state': 42, 'classify__solver': 'lbfgs', 'classify__tol': 1e-06, 'impute': SimpleImputer(strategy='median'), 'select': SelectKBest(score_func=<function mutual_info_classif at 0x766691e17420>), 'select__k': 7, 'transform': None}",,,,,,451,,,,,,451,,,,,,451
0.0017496744791666667,0.0014077493507202495,0.0,0.0,SMOTE(random_state=42),10.0,500,2,l2,42,lbfgs,1e-06,SimpleImputer(strategy='median'),SelectKBest(score_func=<function mutual_info_classif at 0x766691e17420>),5,,"{'balance': SMOTE(random_state=42), 'classify__C': 10.0, 'classify__max_iter': 500, 'classify__n_jobs': 2, 'classify__penalty': 'l2', 'classify__random_state': 42, 'classify__solver': 'lbfgs', 'classify__tol': 1e-06, 'impute': SimpleImputer(strategy='median'), 'select': SelectKBest(score_func=<function mutual_info_classif at 0x766691e17420>), 'select__k': 5, 'transform': None}",,,,,,451,,,,,,451,,,,,,451
0.0006642341613769531,1.989712201699635e-05,0.0,0.0,SMOTE(random_state=42),10.0,500,2,l2,42,lbfgs,1e-06,,SelectKBest(score_func=<function mutual_info_classif at 0x766691e17420>),9,,"{'balance': SMOTE(random_state=42), 'classify__C': 10.0, 'classify__max_iter': 500, 'classify__n_jobs': 2, 'classify__penalty': 'l2', 'classify__random_state': 42, 'classify__solver': 'lbfgs', 'classify__tol': 1e-06, 'impute': None, 'select': SelectKBest(score_func=<function mutual_info_classif at 0x766691e17420>), 'select__k': 9, 'transform': None}",,,,,,451,,,,,,451,,,,,,451
0.001741488774617513,0.0014594706720231325,0.0,0.0,SMOTE(random_state=42),10.0,500,2,l2,42,lbfgs,1e-06,,SelectKBest(score_func=<function mutual_info_classif at 0x766691e17420>),7,,"{'balance': SMOTE(random_state=42), 'classify__C': 10.0, 'classify__max_iter': 500, 'classify__n_jobs': 2, 'classify__penalty': 'l2', 'classify__random_state': 42, 'classify__solver': 'lbfgs', 'classify__tol': 1e-06, 'impute': None, 'select': SelectKBest(score_func=<function mutual_info_classif at 0x766691e17420>), 'select__k': 7, 'transform': None}",,,,,,451,,,,,,451,,,,,,451
0.0007121562957763672,7.639148556670614e-05,0.0,0.0,SMOTE(random_state=42),10.0,500,2,l2,42,lbfgs,1e-06,,SelectKBest(score_func=<function mutual_info_classif at 0x766691e17420>),5,,"{'balance': SMOTE(random_state=42), 'classify__C': 10.0, 'classify__max_iter': 500, 'classify__n_jobs': 2, 'classify__penalty': 'l2', 'classify__random_state': 42, 'classify__solver': 'lbfgs', 'classify__tol': 1e-06, 'impute': None, 'select': SelectKBest(score_func=<function mutual_info_classif at 0x766691e17420>), 'select__k': 5, 'transform': None}",,,,,,451,,,,,,451,,,,,,451
0.0008127689361572266,6.764900488003136e-05,0.0,0.0,SMOTE(random_state=42),10.0,500,2,l2,42,lbfgs,1e-08,SimpleImputer(strategy='median'),SelectKBest(score_func=<function mutual_info_classif at 0x766691e17420>),9,,"{'balance': SMOTE(random_state=42), 'classify__C': 10.0, 'classify__max_iter': 500, 'classify__n_jobs': 2, 'classify__penalty': 'l2', 'classify__random_state': 42, 'classify__solver': 'lbfgs', 'classify__tol': 1e-08, 'impute': SimpleImputer(strategy='median'), 'select': SelectKBest(score_func=<function mutual_info_classif at 0x766691e17420>), 'select__k': 9, 'transform': None}",,,,,,451,,,,,,451,,,,,,451
0.0018076896667480469,0.00139867866061414,0.0,0.0,SMOTE(random_state=42),10.0,500,2,l2,42,lbfgs,1e-08,SimpleImputer(strategy='median'),SelectKBest(score_func=<function mutual_info_classif at 0x766691e17420>),7,,"{'balance': SMOTE(random_state=42), 'classify__C': 10.0, 'classify__max_iter': 500, 'classify__n_jobs': 2, 'classify__penalty': 'l2', 'classify__random_state': 42, 'classify__solver': 'lbfgs', 'classify__tol': 1e-08, 'impute': SimpleImputer(strategy='median'), 'select': SelectKBest(score_func=<function mutual_info_classif at 0x766691e17420>), 'select__k': 7, 'transform': None}",,,,,,451,,,,,,451,,,,,,451
0.0008109410603841146,2.7516667150961807e-05,0.0,0.0,SMOTE(random_state=42),10.0,500,2,l2,42,lbfgs,1e-08,SimpleImputer(strategy='median'),SelectKBest(score_func=<function mutual_info_classif at 0x766691e17420>),5,,"{'balance': SMOTE(random_state=42), 'classify__C': 10.0, 'classify__max_iter': 500, 'classify__n_jobs': 2, 'classify__penalty': 'l2', 'classify__random_state': 42, 'classify__solver': 'lbfgs', 'classify__tol': 1e-08, 'impute': SimpleImputer(strategy='median'), 'select': SelectKBest(score_func=<function mutual_info_classif at 0x766691e17420>), 'select__k': 5, 'transform': None}",,,,,,451,,,,,,451,,,,,,451
0.002798000971476237,0.0027685984919937966,0.0,0.0,SMOTE(random_state=42),10.0,500,2,l2,42,lbfgs,1e-08,,SelectKBest(score_func=<function mutual_info_classif at 0x766691e17420>),9,,"{'balance': SMOTE(random_state=42), 'classify__C': 10.0, 'classify__max_iter': 500, 'classify__n_jobs': 2, 'classify__penalty': 'l2', 'classify__random_state': 42, 'classify__solver': 'lbfgs', 'classify__tol': 1e-08, 'impute': None, 'select': SelectKBest(score_func=<function mutual_info_classif at 0x766691e17420>), 'select__k': 9, 'transform': None}",,,,,,451,,,,,,451,,,,,,451
0.002161820729573568,0.0019218134885979877,0.0,0.0,SMOTE(random_state=42),10.0,500,2,l2,42,lbfgs,1e-08,,SelectKBest(score_func=<function mutual_info_classif at 0x766691e17420>),7,,"{'balance': SMOTE(random_state=42), 'classify__C': 10.0, 'classify__max_iter': 500, 'classify__n_jobs': 2, 'classify__penalty': 'l2', 'classify__random_state': 42, 'classify__solver': 'lbfgs', 'classify__tol': 1e-08, 'impute': None, 'select': SelectKBest(score_func=<function mutual_info_classif at 0x766691e17420>), 'select__k': 7, 'transform': None}",,,,,,451,,,,,,451,,,,,,451
0.0026977062225341797,0.001549863331912644,0.0,0.0,SMOTE(random_state=42),10.0,500,2,l2,42,lbfgs,1e-08,,SelectKBest(score_func=<function mutual_info_classif at 0x766691e17420>),5,,"{'balance': SMOTE(random_state=42), 'classify__C': 10.0, 'classify__max_iter': 500, 'classify__n_jobs': 2, 'classify__penalty': 'l2', 'classify__random_state': 42, 'classify__solver': 'lbfgs', 'classify__tol': 1e-08, 'impute': None, 'select': SelectKBest(score_func=<function mutual_info_classif at 0x766691e17420>), 'select__k': 5, 'transform': None}",,,,,,451,,,,,,451,,,,,,451
0.0026520093282063804,0.002824388269788284,0.0,0.0,SMOTE(random_state=42),10.0,1000,2,l2,42,lbfgs,0.0001,,SelectKBest(score_func=<function mutual_info_classif at 0x766691e17420>),7,,"{'balance': SMOTE(random_state=42), 'classify__C': 10.0, 'classify__max_iter': 1000, 'classify__n_jobs': 2, 'classify__penalty': 'l2', 'classify__random_state': 42, 'classify__solver': 'lbfgs', 'classify__tol': 0.0001, 'impute': None, 'select': SelectKBest(score_func=<function mutual_info_classif at 0x766691e17420>), 'select__k': 7, 'transform': None}",,,,,,451,,,,,,451,,,,,,451
0.002651691436767578,0.0028405824342726625,0.0,0.0,SMOTE(random_state=42),10.0,1000,2,l2,42,lbfgs,0.0001,,SelectKBest(score_func=<function mutual_info_classif at 0x766691e17420>),5,,"{'balance': SMOTE(random_state=42), 'classify__C': 10.0, 'classify__max_iter': 1000, 'classify__n_jobs': 2, 'classify__penalty': 'l2', 'classify__random_state': 42, 'classify__solver': 'lbfgs', 'classify__tol': 0.0001, 'impute': None, 'select': SelectKBest(score_func=<function mutual_info_classif at 0x766691e17420>), 'select__k': 5, 'transform': None}",,,,,,451,,,,,,451,,,,,,451
0.002771298090616862,0.002807809319071945,0.0,0.0,SMOTE(random_state=42),10.0,1000,2,l2,42,lbfgs,1e-06,SimpleImputer(strategy='median'),SelectKBest(score_func=<function mutual_info_classif at 0x766691e17420>),9,,"{'balance': SMOTE(random_state=42), 'classify__C': 10.0, 'classify__max_iter': 1000, 'classify__n_jobs': 2, 'classify__penalty': 'l2', 'classify__random_state': 42, 'classify__solver': 'lbfgs', 'classify__tol': 1e-06, 'impute': SimpleImputer(strategy='median'), 'select': SelectKBest(score_func=<function mutual_info_classif at 0x766691e17420>), 'select__k': 9, 'transform': None}",,,,,,451,,,,,,451,,,,,,451
0.0027483304341634116,0.002852419429742445,0.0,0.0,SMOTE(random_state=42),10.0,1000,2,l2,42,lbfgs,1e-06,SimpleImputer(strategy='median'),SelectKBest(score_func=<function mutual_info_classif at 0x766691e17420>),7,,"{'balance': SMOTE(random_state=42), 'classify__C': 10.0, 'classify__max_iter': 1000, 'classify__n_jobs': 2, 'classify__penalty': 'l2', 'classify__random_state': 42, 'classify__solver': 'lbfgs', 'classify__tol': 1e-06, 'impute': SimpleImputer(strategy='median'), 'select': SelectKBest(score_func=<function mutual_info_classif at 0x766691e17420>), 'select__k': 7, 'transform': None}",,,,,,451,,,,,,451,,,,,,451
0.0007895628611246744,5.430305542687386e-05,0.0,0.0,SMOTE(random_state=42),10.0,1000,2,l2,42,lbfgs,1e-06,SimpleImputer(strategy='median'),SelectKBest(score_func=<function mutual_info_classif at 0x766691e17420>),5,,"{'balance': SMOTE(random_state=42), 'classify__C': 10.0, 'classify__max_iter': 1000, 'classify__n_jobs': 2, 'classify__penalty': 'l2', 'classify__random_state': 42, 'classify__solver': 'lbfgs', 'classify__tol': 1e-06, 'impute': SimpleImputer(strategy='median'), 'select': SelectKBest(score_func=<function mutual_info_classif at 0x766691e17420>), 'select__k': 5, 'transform': None}",,,,,,451,,,,,,451,,,,,,451
0.002675294876098633,0.0028002294966947864,0.0,0.0,SMOTE(random_state=42),10.0,1000,2,l2,42,lbfgs,1e-06,,SelectKBest(score_func=<function mutual_info_classif at 0x766691e17420>),9,,"{'balance': SMOTE(random_state=42), 'classify__C': 10.0, 'classify__max_iter': 1000, 'classify__n_jobs': 2, 'classify__penalty': 'l2', 'classify__random_state': 42, 'classify__solver': 'lbfgs', 'classify__tol': 1e-06, 'impute': None, 'select': SelectKBest(score_func=<function mutual_info_classif at 0x766691e17420>), 'select__k': 9, 'transform': None}",,,,,,451,,,,,,451,,,,,,451
0.0006430943806966146,1.1880062840572745e-05,0.0,0.0,SMOTE(random_state=42),10.0,1000,2,l2,42,lbfgs,1e-06,,SelectKBest(score_func=<function mutual_info_classif at 0x766691e17420>),7,,"{'balance': SMOTE(random_state=42), 'classify__C': 10.0, 'classify__max_iter': 1000, 'classify__n_jobs': 2, 'classify__penalty': 'l2', 'classify__random_state': 42, 'classify__solver': 'lbfgs', 'classify__tol': 1e-06, 'impute': None, 'select': SelectKBest(score_func=<function mutual_info_classif at 0x766691e17420>), 'select__k': 7, 'transform': None}",,,,,,451,,,,,,451,,,,,,451
0.0006246566772460938,9.448918627231502e-06,0.0,0.0,SMOTE(random_state=42),10.0,1000,2,l2,42,lbfgs,1e-06,,SelectKBest(score_func=<function mutual_info_classif at 0x766691e17420>),5,,"{'balance': SMOTE(random_state=42), 'classify__C': 10.0, 'classify__max_iter': 1000, 'classify__n_jobs': 2, 'classify__penalty': 'l2', 'classify__random_state': 42, 'classify__solver': 'lbfgs', 'classify__tol': 1e-06, 'impute': None, 'select': SelectKBest(score_func=<function mutual_info_classif at 0x766691e17420>), 'select__k': 5, 'transform': None}",,,,,,451,,,,,,451,,,,,,451
0.0007305939992268881,5.0126651828956636e-05,0.0,0.0,SMOTE(random_state=42),10.0,1000,2,l2,42,lbfgs,1e-08,SimpleImputer(strategy='median'),SelectKBest(score_func=<function mutual_info_classif at 0x766691e17420>),9,,"{'balance': SMOTE(random_state=42), 'classify__C': 10.0, 'classify__max_iter': 1000, 'classify__n_jobs': 2, 'classify__penalty': 'l2', 'classify__random_state': 42, 'classify__solver': 'lbfgs', 'classify__tol': 1e-08, 'impute': SimpleImputer(strategy='median'), 'select': SelectKBest(score_func=<function mutual_info_classif at 0x766691e17420>), 'select__k': 9, 'transform': None}",,,,,,451,,,,,,451,,,,,,451
0.002143224080403646,0.0009659247627581832,0.0,0.0,SMOTE(random_state=42),10.0,1000,2,l2,42,lbfgs,1e-08,SimpleImputer(strategy='median'),SelectKBest(score_func=<function mutual_info_classif at 0x766691e17420>),7,,"{'balance': SMOTE(random_state=42), 'classify__C': 10.0, 'classify__max_iter': 1000, 'classify__n_jobs': 2, 'classify__penalty': 'l2', 'classify__random_state': 42, 'classify__solver': 'lbfgs', 'classify__tol': 1e-08, 'impute': SimpleImputer(strategy='median'), 'select': SelectKBest(score_func=<function mutual_info_classif at 0x766691e17420>), 'select__k': 7, 'transform': None}",,,,,,451,,,,,,451,,,,,,451
0.0011437733968098958,0.0004881013681287458,0.0,0.0,SMOTE(random_state=42),10.0,1000,2,l2,42,lbfgs,1e-08,SimpleImputer(strategy='median'),SelectKBest(score_func=<function mutual_info_classif at 0x766691e17420>),5,,"{'balance': SMOTE(random_state=42), 'classify__C': 10.0, 'classify__max_iter': 1000, 'classify__n_jobs': 2, 'classify__penalty': 'l2', 'classify__random_state': 42, 'classify__solver': 'lbfgs', 'classify__tol': 1e-08, 'impute': SimpleImputer(strategy='median'), 'select': SelectKBest(score_func=<function mutual_info_classif at 0x766691e17420>), 'select__k': 5, 'transform': None}",,,,,,451,,,,,,451,,,,,,451
0.0006608963012695312,1.1225101861815081e-05,0.0,0.0,SMOTE(random_state=42),10.0,1000,2,l2,42,lbfgs,1e-08,,SelectKBest(score_func=<function mutual_info_classif at 0x766691e17420>),9,,"{'balance': SMOTE(random_state=42), 'classify__C': 10.0, 'classify__max_iter': 1000, 'classify__n_jobs': 2, 'classify__penalty': 'l2', 'classify__random_state': 42, 'classify__solver': 'lbfgs', 'classify__tol': 1e-08, 'impute': None, 'select': SelectKBest(score_func=<function mutual_info_classif at 0x766691e17420>), 'select__k': 9, 'transform': None}",,,,,,451,,,,,,451,,,,,,451
0.0006822745005289713,5.948510368439802e-05,0.0,0.0,SMOTE(random_state=42),10.0,1000,2,l2,42,lbfgs,1e-08,,SelectKBest(score_func=<function mutual_info_classif at 0x766691e17420>),7,,"{'balance': SMOTE(random_state=42), 'classify__C': 10.0, 'classify__max_iter': 1000, 'classify__n_jobs': 2, 'classify__penalty': 'l2', 'classify__random_state': 42, 'classify__solver': 'lbfgs', 'classify__tol': 1e-08, 'impute': None, 'select': SelectKBest(score_func=<function mutual_info_classif at 0x766691e17420>), 'select__k': 7, 'transform': None}",,,,,,451,,,,,,451,,,,,,451
0.0007108052571614584,3.461934827711426e-05,0.0,0.0,SMOTE(random_state=42),10.0,1000,2,l2,42,lbfgs,1e-08,,SelectKBest(score_func=<function mutual_info_classif at 0x766691e17420>),5,,"{'balance': SMOTE(random_state=42), 'classify__C': 10.0, 'classify__max_iter': 1000, 'classify__n_jobs': 2, 'classify__penalty': 'l2', 'classify__random_state': 42, 'classify__solver': 'lbfgs', 'classify__tol': 1e-08, 'impute': None, 'select': SelectKBest(score_func=<function mutual_info_classif at 0x766691e17420>), 'select__k': 5, 'transform': None}",,,,,,451,,,,,,451,,,,,,451
0.0007102489471435547,5.878843310326553e-06,0.0,0.0,SMOTE(random_state=42),10.0,500,2,l2,42,lbfgs,0.0001,SimpleImputer(strategy='median'),SelectKBest(score_func=<function mutual_info_classif at 0x766691e17420>),9,,"{'balance': SMOTE(random_state=42), 'classify__C': 10.0, 'classify__max_iter': 500, 'classify__n_jobs': 2, 'classify__penalty': 'l2', 'classify__random_state': 42, 'classify__solver': 'lbfgs', 'classify__tol': 0.0001, 'impute': SimpleImputer(strategy='median'), 'select': SelectKBest(score_func=<function mutual_info_classif at 0x766691e17420>), 'select__k': 9, 'transform': None}",,,,,,451,,,,,,451,,,,,,451
0.0013655821482340496,0.0008059550100136334,0.0,0.0,SMOTE(random_state=42),10.0,500,2,l2,42,lbfgs,0.0001,SimpleImputer(strategy='median'),SelectKBest(score_func=<function mutual_info_classif at 0x766691e17420>),7,,"{'balance': SMOTE(random_state=42), 'classify__C': 10.0, 'classify__max_iter': 500, 'classify__n_jobs': 2, 'classify__penalty': 'l2', 'classify__random_state': 42, 'classify__solver': 'lbfgs', 'classify__tol': 0.0001, 'impute': SimpleImputer(strategy='median'), 'select': SelectKBest(score_func=<function mutual_info_classif at 0x766691e17420>), 'select__k': 7, 'transform': None}",,,,,,451,,,,,,451,,,,,,451
0.0009010632832845052,1.7037987680084688e-05,0.0,0.0,SMOTE(random_state=42),10.0,2000,2,l2,42,lbfgs,1e-06,SimpleImputer(strategy='median'),SelectKBest(score_func=<function mutual_info_classif at 0x766691e17420>),9,,"{'balance': SMOTE(random_state=42), 'classify__C': 10.0, 'classify__max_iter': 2000, 'classify__n_jobs': 2, 'classify__penalty': 'l2', 'classify__random_state': 42, 'classify__solver': 'lbfgs', 'classify__tol': 1e-06, 'impute': SimpleImputer(strategy='median'), 'select': SelectKBest(score_func=<function mutual_info_classif at 0x766691e17420>), 'select__k': 9, 'transform': None}",,,,,,451,,,,,,451,,,,,,451
0.0035434563954671225,0.0038639228608777242,0.0,0.0,SMOTE(random_state=42),10.0,2000,2,l2,42,lbfgs,1e-06,SimpleImputer(strategy='median'),SelectKBest(score_func=<function mutual_info_classif at 0x766691e17420>),7,,"{'balance': SMOTE(random_state=42), 'classify__C': 10.0, 'classify__max_iter': 2000, 'classify__n_jobs': 2, 'classify__penalty': 'l2', 'classify__random_state': 42, 'classify__solver': 'lbfgs', 'classify__tol': 1e-06, 'impute': SimpleImputer(strategy='median'), 'select': SelectKBest(score_func=<function mutual_info_classif at 0x766691e17420>), 'select__k': 7, 'transform': None}",,,,,,451,,,,,,451,,,,,,451
0.0009433428446451823,2.8553438335604006e-05,0.0,0.0,SMOTE(random_state=42),10.0,2000,2,l2,42,lbfgs,1e-06,SimpleImputer(strategy='median'),SelectKBest(score_func=<function mutual_info_classif at 0x766691e17420>),5,,"{'balance': SMOTE(random_state=42), 'classify__C': 10.0, 'classify__max_iter': 2000, 'classify__n_jobs': 2, 'classify__penalty': 'l2', 'classify__random_state': 42, 'classify__solver': 'lbfgs', 'classify__tol': 1e-06, 'impute': SimpleImputer(strategy='median'), 'select': SelectKBest(score_func=<function mutual_info_classif at 0x766691e17420>), 'select__k': 5, 'transform': None}",,,,,,451,,,,,,451,,,,,,451
0.0007040500640869141,9.18034343017265e-05,0.0,0.0,SMOTE(random_state=42),10.0,2000,2,l2,42,lbfgs,1e-06,,SelectKBest(score_func=<function mutual_info_classif at 0x766691e17420>),9,,"{'balance': SMOTE(random_state=42), 'classify__C': 10.0, 'classify__max_iter': 2000, 'classify__n_jobs': 2, 'classify__penalty': 'l2', 'classify__random_state': 42, 'classify__solver': 'lbfgs', 'classify__tol': 1e-06, 'impute': None, 'select': SelectKBest(score_func=<function mutual_info_classif at 0x766691e17420>), 'select__k': 9, 'transform': None}",,,,,,451,,,,,,451,,,,,,451
0.0006487369537353516,6.523555236254098e-06,0.0,0.0,SMOTE(random_state=42),10.0,2000,2,l2,42,lbfgs,1e-06,,SelectKBest(score_func=<function mutual_info_classif at 0x766691e17420>),7,,"{'balance': SMOTE(random_state=42), 'classify__C': 10.0, 'classify__max_iter': 2000, 'classify__n_jobs': 2, 'classify__penalty': 'l2', 'classify__random_state': 42, 'classify__solver': 'lbfgs', 'classify__tol': 1e-06, 'impute': None, 'select': SelectKBest(score_func=<function mutual_info_classif at 0x766691e17420>), 'select__k': 7, 'transform': None}",,,,,,451,,,,,,451,,,,,,451
0.0006258487701416016,1.877309769156411e-06,0.0,0.0,SMOTE(random_state=42),10.0,2000,2,l2,42,lbfgs,1e-06,,SelectKBest(score_func=<function mutual_info_classif at 0x766691e17420>),5,,"{'balance': SMOTE(random_state=42), 'classify__C': 10.0, 'classify__max_iter': 2000, 'classify__n_jobs': 2, 'classify__penalty': 'l2', 'classify__random_state': 42, 'classify__solver': 'lbfgs', 'classify__tol': 1e-06, 'impute': None, 'select': SelectKBest(score_func=<function mutual_info_classif at 0x766691e17420>), 'select__k': 5, 'transform': None}",,,,,,451,,,,,,451,,,,,,451
0.000675201416015625,1.382553687285273e-05,0.0,0.0,SMOTE(random_state=42),10.0,2000,2,l2,42,lbfgs,1e-08,SimpleImputer(strategy='median'),SelectKBest(score_func=<function mutual_info_classif at 0x766691e17420>),9,,"{'balance': SMOTE(random_state=42), 'classify__C': 10.0, 'classify__max_iter': 2000, 'classify__n_jobs': 2, 'classify__penalty': 'l2', 'classify__random_state': 42, 'classify__solver': 'lbfgs', 'classify__tol': 1e-08, 'impute': SimpleImputer(strategy='median'), 'select': SelectKBest(score_func=<function mutual_info_classif at 0x766691e17420>), 'select__k': 9, 'transform': None}",,,,,,451,,,,,,451,,,,,,451
0.0007128715515136719,4.796106424209153e-05,0.0,0.0,SMOTE(random_state=42),10.0,2000,2,l2,42,lbfgs,1e-08,SimpleImputer(strategy='median'),SelectKBest(score_func=<function mutual_info_classif at 0x766691e17420>),7,,"{'balance': SMOTE(random_state=42), 'classify__C': 10.0, 'classify__max_iter': 2000, 'classify__n_jobs': 2, 'classify__penalty': 'l2', 'classify__random_state': 42, 'classify__solver': 'lbfgs', 'classify__tol': 1e-08, 'impute': SimpleImputer(strategy='median'), 'select': SelectKBest(score_func=<function mutual_info_classif at 0x766691e17420>), 'select__k': 7, 'transform': None}",,,,,,451,,,,,,451,,,,,,451
0.0007296403249104818,2.152849213598836e-05,0.0,0.0,SMOTE(random_state=42),10.0,2000,2,l2,42,lbfgs,1e-08,SimpleImputer(strategy='median'),SelectKBest(score_func=<function mutual_info_classif at 0x766691e17420>),5,,"{'balance': SMOTE(random_state=42), 'classify__C': 10.0, 'classify__max_iter': 2000, 'classify__n_jobs': 2, 'classify__penalty': 'l2', 'classify__random_state': 42, 'classify__solver': 'lbfgs', 'classify__tol': 1e-08, 'impute': SimpleImputer(strategy='median'), 'select': SelectKBest(score_func=<function mutual_info_classif at 0x766691e17420>), 'select__k': 5, 'transform': None}",,,,,,451,,,,,,451,,,,,,451
0.0006479422251383463,2.025045815611901e-05,0.0,0.0,SMOTE(random_state=42),10.0,2000,2,l2,42,lbfgs,1e-08,,SelectKBest(score_func=<function mutual_info_classif at 0x766691e17420>),9,,"{'balance': SMOTE(random_state=42), 'classify__C': 10.0, 'classify__max_iter': 2000, 'classify__n_jobs': 2, 'classify__penalty': 'l2', 'classify__random_state': 42, 'classify__solver': 'lbfgs', 'classify__tol': 1e-08, 'impute': None, 'select': SelectKBest(score_func=<function mutual_info_classif at 0x766691e17420>), 'select__k': 9, 'transform': None}",,,,,,451,,,,,,451,,,,,,451
0.002765099207560221,0.002959268783376652,0.0,0.0,SMOTE(random_state=42),10.0,2000,2,l2,42,lbfgs,1e-08,,SelectKBest(score_func=<function mutual_info_classif at 0x766691e17420>),7,,"{'balance': SMOTE(random_state=42), 'classify__C': 10.0, 'classify__max_iter': 2000, 'classify__n_jobs': 2, 'classify__penalty': 'l2', 'classify__random_state': 42, 'classify__solver': 'lbfgs', 'classify__tol': 1e-08, 'impute': None, 'select': SelectKBest(score_func=<function mutual_info_classif at 0x766691e17420>), 'select__k': 7, 'transform': None}",,,,,,451,,,,,,451,,,,,,451
0.0007785956064860026,5.431770838706505e-05,0.0,0.0,SMOTE(random_state=42),10.0,2000,2,l2,42,lbfgs,1e-08,,SelectKBest(score_func=<function mutual_info_classif at 0x766691e17420>),5,,"{'balance': SMOTE(random_state=42), 'classify__C': 10.0, 'classify__max_iter': 2000, 'classify__n_jobs': 2, 'classify__penalty': 'l2', 'classify__random_state': 42, 'classify__solver': 'lbfgs', 'classify__tol': 1e-08, 'impute': None, 'select': SelectKBest(score_func=<function mutual_info_classif at 0x766691e17420>), 'select__k': 5, 'transform': None}",,,,,,451,,,,,,451,,,,,,451
0.006930430730183919,9.511702830392483e-05,0.0,0.0,SMOTE(random_state=42),10.0,1000,2,l2,42,lbfgs,0.0001,SimpleImputer(strategy='median'),SelectKBest(score_func=<function mutual_info_classif at 0x766691e17420>),9,,"{'balance': SMOTE(random_state=42), 'classify__C': 10.0, 'classify__max_iter': 1000, 'classify__n_jobs': 2, 'classify__penalty': 'l2', 'classify__random_state': 42, 'classify__solver': 'lbfgs', 'classify__tol': 0.0001, 'impute': SimpleImputer(strategy='median'), 'select': SelectKBest(score_func=<function mutual_info_classif at 0x766691e17420>), 'select__k': 9, 'transform': None}",,,,,,451,,,,,,451,,,,,,451
0.0008717377980550131,1.1605758870422868e-05,0.0,0.0,SMOTE(random_state=42),10.0,1000,2,l2,42,lbfgs,0.0001,SimpleImputer(strategy='median'),SelectKBest(score_func=<function mutual_info_classif at 0x766691e17420>),7,,"{'balance': SMOTE(random_state=42), 'classify__C': 10.0, 'classify__max_iter': 1000, 'classify__n_jobs': 2, 'classify__penalty': 'l2', 'classify__random_state': 42, 'classify__solver': 'lbfgs', 'classify__tol': 0.0001, 'impute': SimpleImputer(strategy='median'), 'select': SelectKBest(score_func=<function mutual_info_classif at 0x766691e17420>), 'select__k': 7, 'transform': None}",,,,,,451,,,,,,451,,,,,,451
0.002740065256754557,0.0028464989384543,0.0,0.0,SMOTE(random_state=42),10.0,1000,2,l2,42,lbfgs,0.0001,SimpleImputer(strategy='median'),SelectKBest(score_func=<function mutual_info_classif at 0x766691e17420>),5,,"{'balance': SMOTE(random_state=42), 'classify__C': 10.0, 'classify__max_iter': 1000, 'classify__n_jobs': 2, 'classify__penalty': 'l2', 'classify__random_state': 42, 'classify__solver': 'lbfgs', 'classify__tol': 0.0001, 'impute': SimpleImputer(strategy='median'), 'select': SelectKBest(score_func=<function mutual_info_classif at 0x766691e17420>), 'select__k': 5, 'transform': None}",,,,,,451,,,,,,451,,,,,,451
0.002646366755167643,0.002824357222028167,0.0,0.0,SMOTE(random_state=42),10.0,1000,2,l2,42,lbfgs,0.0001,,SelectKBest(score_func=<function mutual_info_classif at 0x766691e17420>),9,,"{'balance': SMOTE(random_state=42), 'classify__C': 10.0, 'classify__max_iter': 1000, 'classify__n_jobs': 2, 'classify__penalty': 'l2', 'classify__random_state': 42, 'classify__solver': 'lbfgs', 'classify__tol': 0.0001, 'impute': None, 'select': SelectKBest(score_func=<function mutual_info_classif at 0x766691e17420>), 'select__k': 9, 'transform': None}",,,,,,451,,,,,,451,,,,,,451
0.0007189909617106119,3.2668469097529524e-05,0.0,0.0,SMOTE(random_state=42),100.0,100,2,l2,42,lbfgs,1e-06,SimpleImputer(strategy='median'),SelectKBest(score_func=<function mutual_info_classif at 0x766691e17420>),5,,"{'balance': SMOTE(random_state=42), 'classify__C': 100.0, 'classify__max_iter': 100, 'classify__n_jobs': 2, 'classify__penalty': 'l2', 'classify__random_state': 42, 'classify__solver': 'lbfgs', 'classify__tol': 1e-06, 'impute': SimpleImputer(strategy='median'), 'select': SelectKBest(score_func=<function mutual_info_classif at 0x766691e17420>), 'select__k': 5, 'transform': None}",,,,,,451,,,,,,451,,,,,,451
0.0006697972615559896,3.121513450828388e-05,0.0,0.0,SMOTE(random_state=42),100.0,100,2,l2,42,lbfgs,1e-06,,SelectKBest(score_func=<function mutual_info_classif at 0x766691e17420>),9,,"{'balance': SMOTE(random_state=42), 'classify__C': 100.0, 'classify__max_iter': 100, 'classify__n_jobs': 2, 'classify__penalty': 'l2', 'classify__random_state': 42, 'classify__solver': 'lbfgs', 'classify__tol': 1e-06, 'impute': None, 'select': SelectKBest(score_func=<function mutual_info_classif at 0x766691e17420>), 'select__k': 9, 'transform': None}",,,,,,451,,,,,,451,,,,,,451
0.0006237030029296875,4.188755020492693e-06,0.0,0.0,SMOTE(random_state=42),100.0,100,2,l2,42,lbfgs,1e-06,,SelectKBest(score_func=<function mutual_info_classif at 0x766691e17420>),7,,"{'balance': SMOTE(random_state=42), 'classify__C': 100.0, 'classify__max_iter': 100, 'classify__n_jobs': 2, 'classify__penalty': 'l2', 'classify__random_state': 42, 'classify__solver': 'lbfgs', 'classify__tol': 1e-06, 'impute': None, 'select': SelectKBest(score_func=<function mutual_info_classif at 0x766691e17420>), 'select__k': 7, 'transform': None}",,,,,,451,,,,,,451,,,,,,451
0.0006837844848632812,6.753855928211972e-05,0.0,0.0,SMOTE(random_state=42),100.0,100,2,l2,42,lbfgs,1e-06,,SelectKBest(score_func=<function mutual_info_classif at 0x766691e17420>),5,,"{'balance': SMOTE(random_state=42), 'classify__C': 100.0, 'classify__max_iter': 100, 'classify__n_jobs': 2, 'classify__penalty': 'l2', 'classify__random_state': 42, 'classify__solver': 'lbfgs', 'classify__tol': 1e-06, 'impute': None, 'select': SelectKBest(score_func=<function mutual_info_classif at 0x766691e17420>), 'select__k': 5, 'transform': None}",,,,,,451,,,,,,451,,,,,,451
0.0007120768229166666,1.6684001505212945e-05,0.0,0.0,SMOTE(random_state=42),100.0,100,2,l2,42,lbfgs,1e-08,SimpleImputer(strategy='median'),SelectKBest(score_func=<function mutual_info_classif at 0x766691e17420>),9,,"{'balance': SMOTE(random_state=42), 'classify__C': 100.0, 'classify__max_iter': 100, 'classify__n_jobs': 2, 'classify__penalty': 'l2', 'classify__random_state': 42, 'classify__solver': 'lbfgs', 'classify__tol': 1e-08, 'impute': SimpleImputer(strategy='median'), 'select': SelectKBest(score_func=<function mutual_info_classif at 0x766691e17420>), 'select__k': 9, 'transform': None}",,,,,,451,,,,,,451,,,,,,451
0.0007337729136149088,2.0305587818986807e-05,0.0,0.0,SMOTE(random_state=42),100.0,100,2,l2,42,lbfgs,1e-08,SimpleImputer(strategy='median'),SelectKBest(score_func=<function mutual_info_classif at 0x766691e17420>),7,,"{'balance': SMOTE(random_state=42), 'classify__C': 100.0, 'classify__max_iter': 100, 'classify__n_jobs': 2, 'classify__penalty': 'l2', 'classify__random_state': 42, 'classify__solver': 'lbfgs', 'classify__tol': 1e-08, 'impute': SimpleImputer(strategy='median'), 'select': SelectKBest(score_func=<function mutual_info_classif at 0x766691e17420>), 'select__k': 7, 'transform': None}",,,,,,451,,,,,,451,,,,,,451
0.001894076665242513,0.0015148702052517778,0.0,0.0,SMOTE(random_state=42),100.0,100,2,l2,42,lbfgs,1e-08,SimpleImputer(strategy='median'),SelectKBest(score_func=<function mutual_info_classif at 0x766691e17420>),5,,"{'balance': SMOTE(random_state=42), 'classify__C': 100.0, 'classify__max_iter': 100, 'classify__n_jobs': 2, 'classify__penalty': 'l2', 'classify__random_state': 42, 'classify__solver': 'lbfgs', 'classify__tol': 1e-08, 'impute': SimpleImputer(strategy='median'), 'select': SelectKBest(score_func=<function mutual_info_classif at 0x766691e17420>), 'select__k': 5, 'transform': None}",,,,,,451,,,,,,451,,,,,,451
0.0007310708363850912,1.9283266902827698e-05,0.0,0.0,SMOTE(random_state=42),100.0,100,2,l2,42,lbfgs,1e-08,,SelectKBest(score_func=<function mutual_info_classif at 0x766691e17420>),9,,"{'balance': SMOTE(random_state=42), 'classify__C': 100.0, 'classify__max_iter': 100, 'classify__n_jobs': 2, 'classify__penalty': 'l2', 'classify__random_state': 42, 'classify__solver': 'lbfgs', 'classify__tol': 1e-08, 'impute': None, 'select': SelectKBest(score_func=<function mutual_info_classif at 0x766691e17420>), 'select__k': 9, 'transform': None}",,,,,,451,,,,,,451,,,,,,451
0.0017358462015787761,0.0014830657275402516,0.0,0.0,SMOTE(random_state=42),100.0,100,2,l2,42,lbfgs,1e-08,,SelectKBest(score_func=<function mutual_info_classif at 0x766691e17420>),7,,"{'balance': SMOTE(random_state=42), 'classify__C': 100.0, 'classify__max_iter': 100, 'classify__n_jobs': 2, 'classify__penalty': 'l2', 'classify__random_state': 42, 'classify__solver': 'lbfgs', 'classify__tol': 1e-08, 'impute': None, 'select': SelectKBest(score_func=<function mutual_info_classif at 0x766691e17420>), 'select__k': 7, 'transform': None}",,,,,,451,,,,,,451,,,,,,451
0.0014431476593017578,0.0006559057608102605,0.0,0.0,SMOTE(random_state=42),100.0,100,2,l2,42,lbfgs,1e-08,,SelectKBest(score_func=<function mutual_info_classif at 0x766691e17420>),5,,"{'balance': SMOTE(random_state=42), 'classify__C': 100.0, 'classify__max_iter': 100, 'classify__n_jobs': 2, 'classify__penalty': 'l2', 'classify__random_state': 42, 'classify__solver': 'lbfgs', 'classify__tol': 1e-08, 'impute': None, 'select': SelectKBest(score_func=<function mutual_info_classif at 0x766691e17420>), 'select__k': 5, 'transform': None}",,,,,,451,,,,,,451,,,,,,451
0.0009528795878092448,0.0003330577747537511,0.0,0.0,SMOTE(random_state=42),10.0,2000,2,l2,42,lbfgs,0.0001,SimpleImputer(strategy='median'),SelectKBest(score_func=<function mutual_info_classif at 0x766691e17420>),9,,"{'balance': SMOTE(random_state=42), 'classify__C': 10.0, 'classify__max_iter': 2000, 'classify__n_jobs': 2, 'classify__penalty': 'l2', 'classify__random_state': 42, 'classify__solver': 'lbfgs', 'classify__tol': 0.0001, 'impute': SimpleImputer(strategy='median'), 'select': SelectKBest(score_func=<function mutual_info_classif at 0x766691e17420>), 'select__k': 9, 'transform': None}",,,,,,451,,,,,,451,,,,,,451
0.0012140274047851562,0.0006674857027014868,0.0,0.0,SMOTE(random_state=42),10.0,2000,2,l2,42,lbfgs,0.0001,SimpleImputer(strategy='median'),SelectKBest(score_func=<function mutual_info_classif at 0x766691e17420>),7,,"{'balance': SMOTE(random_state=42), 'classify__C': 10.0, 'classify__max_iter': 2000, 'classify__n_jobs': 2, 'classify__penalty': 'l2', 'classify__random_state': 42, 'classify__solver': 'lbfgs', 'classify__tol': 0.0001, 'impute': SimpleImputer(strategy='median'), 'select': SelectKBest(score_func=<function mutual_info_classif at 0x766691e17420>), 'select__k': 7, 'transform': None}",,,,,,451,,,,,,451,,,,,,451
0.0012383460998535156,0.0007262979732986331,0.0,0.0,SMOTE(random_state=42),10.0,2000,2,l2,42,lbfgs,0.0001,SimpleImputer(strategy='median'),SelectKBest(score_func=<function mutual_info_classif at 0x766691e17420>),5,,"{'balance': SMOTE(random_state=42), 'classify__C': 10.0, 'classify__max_iter': 2000, 'classify__n_jobs': 2, 'classify__penalty': 'l2', 'classify__random_state': 42, 'classify__solver': 'lbfgs', 'classify__tol': 0.0001, 'impute': SimpleImputer(strategy='median'), 'select': SelectKBest(score_func=<function mutual_info_classif at 0x766691e17420>), 'select__k': 5, 'transform': None}",,,,,,451,,,,,,451,,,,,,451
0.0006616910298665365,3.650339931011009e-05,0.0,0.0,SMOTE(random_state=42),10.0,2000,2,l2,42,lbfgs,0.0001,,SelectKBest(score_func=<function mutual_info_classif at 0x766691e17420>),9,,"{'balance': SMOTE(random_state=42), 'classify__C': 10.0, 'classify__max_iter': 2000, 'classify__n_jobs': 2, 'classify__penalty': 'l2', 'classify__random_state': 42, 'classify__solver': 'lbfgs', 'classify__tol': 0.0001, 'impute': None, 'select': SelectKBest(score_func=<function mutual_info_classif at 0x766691e17420>), 'select__k': 9, 'transform': None}",,,,,,451,,,,,,451,,,,,,451
0.0029633045196533203,0.0017759204567655673,0.0,0.0,SMOTE(random_state=42),10.0,2000,2,l2,42,lbfgs,0.0001,,SelectKBest(score_func=<function mutual_info_classif at 0x766691e17420>),7,,"{'balance': SMOTE(random_state=42), 'classify__C': 10.0, 'classify__max_iter': 2000, 'classify__n_jobs': 2, 'classify__penalty': 'l2', 'classify__random_state': 42, 'classify__solver': 'lbfgs', 'classify__tol': 0.0001, 'impute': None, 'select': SelectKBest(score_func=<function mutual_info_classif at 0x766691e17420>), 'select__k': 7, 'transform': None}",,,,,,451,,,,,,451,,,,,,451
0.0007279713948567709,4.0819662187865254e-05,0.0,0.0,SMOTE(random_state=42),10.0,2000,2,l2,42,lbfgs,0.0001,,SelectKBest(score_func=<function mutual_info_classif at 0x766691e17420>),5,,"{'balance': SMOTE(random_state=42), 'classify__C': 10.0, 'classify__max_iter': 2000, 'classify__n_jobs': 2, 'classify__penalty': 'l2', 'classify__random_state': 42, 'classify__solver': 'lbfgs', 'classify__tol': 0.0001, 'impute': None, 'select': SelectKBest(score_func=<function mutual_info_classif at 0x766691e17420>), 'select__k': 5, 'transform': None}",,,,,,451,,,,,,451,,,,,,451
0.0022745132446289062,0.0022305363371043635,0.0,0.0,SMOTE(random_state=42),100.0,200,2,l2,42,lbfgs,1e-06,,SelectKBest(score_func=<function mutual_info_classif at 0x766691e17420>),7,,"{'balance': SMOTE(random_state=42), 'classify__C': 100.0, 'classify__max_iter': 200, 'classify__n_jobs': 2, 'classify__penalty': 'l2', 'classify__random_state': 42, 'classify__solver': 'lbfgs', 'classify__tol': 1e-06, 'impute': None, 'select': SelectKBest(score_func=<function mutual_info_classif at 0x766691e17420>), 'select__k': 7, 'transform': None}",,,,,,451,,,,,,451,,,,,,451
0.0023729801177978516,0.002358201271367223,0.0,0.0,SMOTE(random_state=42),100.0,200,2,l2,42,lbfgs,1e-06,,SelectKBest(score_func=<function mutual_info_classif at 0x766691e17420>),5,,"{'balance': SMOTE(random_state=42), 'classify__C': 100.0, 'classify__max_iter': 200, 'classify__n_jobs': 2, 'classify__penalty': 'l2', 'classify__random_state': 42, 'classify__solver': 'lbfgs', 'classify__tol': 1e-06, 'impute': None, 'select': SelectKBest(score_func=<function mutual_info_classif at 0x766691e17420>), 'select__k': 5, 'transform': None}",,,,,,451,,,,,,451,,,,,,451
0.0017883777618408203,0.0014536090155206443,0.0,0.0,SMOTE(random_state=42),100.0,200,2,l2,42,lbfgs,1e-08,SimpleImputer(strategy='median'),SelectKBest(score_func=<function mutual_info_classif at 0x766691e17420>),9,,"{'balance': SMOTE(random_state=42), 'classify__C': 100.0, 'classify__max_iter': 200, 'classify__n_jobs': 2, 'classify__penalty': 'l2', 'classify__random_state': 42, 'classify__solver': 'lbfgs', 'classify__tol': 1e-08, 'impute': SimpleImputer(strategy='median'), 'select': SelectKBest(score_func=<function mutual_info_classif at 0x766691e17420>), 'select__k': 9, 'transform': None}",,,,,,451,,,,,,451,,,,,,451
0.0038351217905680337,0.004355869405854511,0.0,0.0,SMOTE(random_state=42),100.0,200,2,l2,42,lbfgs,1e-08,SimpleImputer(strategy='median'),SelectKBest(score_func=<function mutual_info_classif at 0x766691e17420>),7,,"{'balance': SMOTE(random_state=42), 'classify__C': 100.0, 'classify__max_iter': 200, 'classify__n_jobs': 2, 'classify__penalty': 'l2', 'classify__random_state': 42, 'classify__solver': 'lbfgs', 'classify__tol': 1e-08, 'impute': SimpleImputer(strategy='median'), 'select': SelectKBest(score_func=<function mutual_info_classif at 0x766691e17420>), 'select__k': 7, 'transform': None}",,,,,,451,,,,,,451,,,,,,451
0.0023698806762695312,0.0012601169168839684,0.0,0.0,SMOTE(random_state=42),100.0,200,2,l2,42,lbfgs,1e-08,SimpleImputer(strategy='median'),SelectKBest(score_func=<function mutual_info_classif at 0x766691e17420>),5,,"{'balance': SMOTE(random_state=42), 'classify__C': 100.0, 'classify__max_iter': 200, 'classify__n_jobs': 2, 'classify__penalty': 'l2', 'classify__random_state': 42, 'classify__solver': 'lbfgs', 'classify__tol': 1e-08, 'impute': SimpleImputer(strategy='median'), 'select': SelectKBest(score_func=<function mutual_info_classif at 0x766691e17420>), 'select__k': 5, 'transform': None}",,,,,,451,,,,,,451,,,,,,451
0.0006163914998372396,1.027200161976806e-05,0.0,0.0,SMOTE(random_state=42),100.0,200,2,l2,42,lbfgs,1e-08,,SelectKBest(score_func=<function mutual_info_classif at 0x766691e17420>),9,,"{'balance': SMOTE(random_state=42), 'classify__C': 100.0, 'classify__max_iter': 200, 'classify__n_jobs': 2, 'classify__penalty': 'l2', 'classify__random_state': 42, 'classify__solver': 'lbfgs', 'classify__tol': 1e-08, 'impute': None, 'select': SelectKBest(score_func=<function mutual_info_classif at 0x766691e17420>), 'select__k': 9, 'transform': None}",,,,,,451,,,,,,451,,,,,,451
0.0006288687388102213,1.3183395280982627e-05,0.0,0.0,SMOTE(random_state=42),100.0,200,2,l2,42,lbfgs,1e-08,,SelectKBest(score_func=<function mutual_info_classif at 0x766691e17420>),7,,"{'balance': SMOTE(random_state=42), 'classify__C': 100.0, 'classify__max_iter': 200, 'classify__n_jobs': 2, 'classify__penalty': 'l2', 'classify__random_state': 42, 'classify__solver': 'lbfgs', 'classify__tol': 1e-08, 'impute': None, 'select': SelectKBest(score_func=<function mutual_info_classif at 0x766691e17420>), 'select__k': 7, 'transform': None}",,,,,,451,,,,,,451,,,,,,451
0.0006492137908935547,1.2581334337861918e-05,0.0,0.0,SMOTE(random_state=42),100.0,200,2,l2,42,lbfgs,1e-08,,SelectKBest(score_func=<function mutual_info_classif at 0x766691e17420>),5,,"{'balance': SMOTE(random_state=42), 'classify__C': 100.0, 'classify__max_iter': 200, 'classify__n_jobs': 2, 'classify__penalty': 'l2', 'classify__random_state': 42, 'classify__solver': 'lbfgs', 'classify__tol': 1e-08, 'impute': None, 'select': SelectKBest(score_func=<function mutual_info_classif at 0x766691e17420>), 'select__k': 5, 'transform': None}",,,,,,451,,,,,,451,,,,,,451
0.0007072289784749349,2.6808635256841042e-05,0.0,0.0,SMOTE(random_state=42),100.0,100,2,l2,42,lbfgs,0.0001,SimpleImputer(strategy='median'),SelectKBest(score_func=<function mutual_info_classif at 0x766691e17420>),9,,"{'balance': SMOTE(random_state=42), 'classify__C': 100.0, 'classify__max_iter': 100, 'classify__n_jobs': 2, 'classify__penalty': 'l2', 'classify__random_state': 42, 'classify__solver': 'lbfgs', 'classify__tol': 0.0001, 'impute': SimpleImputer(strategy='median'), 'select': SelectKBest(score_func=<function mutual_info_classif at 0x766691e17420>), 'select__k': 9, 'transform': None}",,,,,,451,,,,,,451,,,,,,451
0.000690460205078125,9.843733100373595e-06,0.0,0.0,SMOTE(random_state=42),100.0,100,2,l2,42,lbfgs,0.0001,SimpleImputer(strategy='median'),SelectKBest(score_func=<function mutual_info_classif at 0x766691e17420>),7,,"{'balance': SMOTE(random_state=42), 'classify__C': 100.0, 'classify__max_iter': 100, 'classify__n_jobs': 2, 'classify__penalty': 'l2', 'classify__random_state': 42, 'classify__solver': 'lbfgs', 'classify__tol': 0.0001, 'impute': SimpleImputer(strategy='median'), 'select': SelectKBest(score_func=<function mutual_info_classif at 0x766691e17420>), 'select__k': 7, 'transform': None}",,,,,,451,,,,,,451,,,,,,451
0.0007068316141764323,4.495663841162029e-06,0.0,0.0,SMOTE(random_state=42),100.0,100,2,l2,42,lbfgs,0.0001,SimpleImputer(strategy='median'),SelectKBest(score_func=<function mutual_info_classif at 0x766691e17420>),5,,"{'balance': SMOTE(random_state=42), 'classify__C': 100.0, 'classify__max_iter': 100, 'classify__n_jobs': 2, 'classify__penalty': 'l2', 'classify__random_state': 42, 'classify__solver': 'lbfgs', 'classify__tol': 0.0001, 'impute': SimpleImputer(strategy='median'), 'select': SelectKBest(score_func=<function mutual_info_classif at 0x766691e17420>), 'select__k': 5, 'transform': None}",,,,,,451,,,,,,451,,,,,,451
0.0006195704142252604,9.873203502959755e-06,0.0,0.0,SMOTE(random_state=42),100.0,100,2,l2,42,lbfgs,0.0001,,SelectKBest(score_func=<function mutual_info_classif at 0x766691e17420>),9,,"{'balance': SMOTE(random_state=42), 'classify__C': 100.0, 'classify__max_iter': 100, 'classify__n_jobs': 2, 'classify__penalty': 'l2', 'classify__random_state': 42, 'classify__solver': 'lbfgs', 'classify__tol': 0.0001, 'impute': None, 'select': SelectKBest(score_func=<function mutual_info_classif at 0x766691e17420>), 'select__k': 9, 'transform': None}",,,,,,451,,,,,,451,,,,,,451
0.0006396770477294922,4.224787985484445e-06,0.0,0.0,SMOTE(random_state=42),100.0,100,2,l2,42,lbfgs,0.0001,,SelectKBest(score_func=<function mutual_info_classif at 0x766691e17420>),7,,"{'balance': SMOTE(random_state=42), 'classify__C': 100.0, 'classify__max_iter': 100, 'classify__n_jobs': 2, 'classify__penalty': 'l2', 'classify__random_state': 42, 'classify__solver': 'lbfgs', 'classify__tol': 0.0001, 'impute': None, 'select': SelectKBest(score_func=<function mutual_info_classif at 0x766691e17420>), 'select__k': 7, 'transform': None}",,,,,,451,,,,,,451,,,,,,451
0.0006924470265706381,5.4077529146439255e-05,0.0,0.0,SMOTE(random_state=42),100.0,100,2,l2,42,lbfgs,0.0001,,SelectKBest(score_func=<function mutual_info_classif at 0x766691e17420>),5,,"{'balance': SMOTE(random_state=42), 'classify__C': 100.0, 'classify__max_iter': 100, 'classify__n_jobs': 2, 'classify__penalty': 'l2', 'classify__random_state': 42, 'classify__solver': 'lbfgs', 'classify__tol': 0.0001, 'impute': None, 'select': SelectKBest(score_func=<function mutual_info_classif at 0x766691e17420>), 'select__k': 5, 'transform': None}",,,,,,451,,,,,,451,,,,,,451
0.0006814797719319662,4.380389461364959e-06,0.0,0.0,SMOTE(random_state=42),100.0,100,2,l2,42,lbfgs,1e-06,SimpleImputer(strategy='median'),SelectKBest(score_func=<function mutual_info_classif at 0x766691e17420>),9,,"{'balance': SMOTE(random_state=42), 'classify__C': 100.0, 'classify__max_iter': 100, 'classify__n_jobs': 2, 'classify__penalty': 'l2', 'classify__random_state': 42, 'classify__solver': 'lbfgs', 'classify__tol': 1e-06, 'impute': SimpleImputer(strategy='median'), 'select': SelectKBest(score_func=<function mutual_info_classif at 0x766691e17420>), 'select__k': 9, 'transform': None}",,,,,,451,,,,,,451,,,,,,451
0.0006761550903320312,1.0852629353276293e-05,0.0,0.0,SMOTE(random_state=42),100.0,100,2,l2,42,lbfgs,1e-06,SimpleImputer(strategy='median'),SelectKBest(score_func=<function mutual_info_classif at 0x766691e17420>),7,,"{'balance': SMOTE(random_state=42), 'classify__C': 100.0, 'classify__max_iter': 100, 'classify__n_jobs': 2, 'classify__penalty': 'l2', 'classify__random_state': 42, 'classify__solver': 'lbfgs', 'classify__tol': 1e-06, 'impute': SimpleImputer(strategy='median'), 'select': SelectKBest(score_func=<function mutual_info_classif at 0x766691e17420>), 'select__k': 7, 'transform': None}",,,,,,451,,,,,,451,,,,,,451
0.0008020401000976562,4.421020255238146e-05,0.0,0.0,SMOTE(random_state=42),100.0,500,2,l2,42,lbfgs,1e-08,SimpleImputer(strategy='median'),SelectKBest(score_func=<function mutual_info_classif at 0x766691e17420>),9,,"{'balance': SMOTE(random_state=42), 'classify__C': 100.0, 'classify__max_iter': 500, 'classify__n_jobs': 2, 'classify__penalty': 'l2', 'classify__random_state': 42, 'classify__solver': 'lbfgs', 'classify__tol': 1e-08, 'impute': SimpleImputer(strategy='median'), 'select': SelectKBest(score_func=<function mutual_info_classif at 0x766691e17420>), 'select__k': 9, 'transform': None}",,,,,,451,,,,,,451,,,,,,451
0.0007110436757405599,3.1606027578899e-05,0.0,0.0,SMOTE(random_state=42),100.0,500,2,l2,42,lbfgs,1e-08,SimpleImputer(strategy='median'),SelectKBest(score_func=<function mutual_info_classif at 0x766691e17420>),7,,"{'balance': SMOTE(random_state=42), 'classify__C': 100.0, 'classify__max_iter': 500, 'classify__n_jobs': 2, 'classify__penalty': 'l2', 'classify__random_state': 42, 'classify__solver': 'lbfgs', 'classify__tol': 1e-08, 'impute': SimpleImputer(strategy='median'), 'select': SelectKBest(score_func=<function mutual_info_classif at 0x766691e17420>), 'select__k': 7, 'transform': None}",,,,,,451,,,,,,451,,,,,,451
0.0027080376942952475,0.0028317089384721056,0.0,0.0,SMOTE(random_state=42),100.0,500,2,l2,42,lbfgs,1e-08,SimpleImputer(strategy='median'),SelectKBest(score_func=<function mutual_info_classif at 0x766691e17420>),5,,"{'balance': SMOTE(random_state=42), 'classify__C': 100.0, 'classify__max_iter': 500, 'classify__n_jobs': 2, 'classify__penalty': 'l2', 'classify__random_state': 42, 'classify__solver': 'lbfgs', 'classify__tol': 1e-08, 'impute': SimpleImputer(strategy='median'), 'select': SelectKBest(score_func=<function mutual_info_classif at 0x766691e17420>), 'select__k': 5, 'transform': None}",,,,,,451,,,,,,451,,,,,,451
0.0006171067555745443,1.1428075638550041e-05,0.0,0.0,SMOTE(random_state=42),100.0,500,2,l2,42,lbfgs,1e-08,,SelectKBest(score_func=<function mutual_info_classif at 0x766691e17420>),9,,"{'balance': SMOTE(random_state=42), 'classify__C': 100.0, 'classify__max_iter': 500, 'classify__n_jobs': 2, 'classify__penalty': 'l2', 'classify__random_state': 42, 'classify__solver': 'lbfgs', 'classify__tol': 1e-08, 'impute': None, 'select': SelectKBest(score_func=<function mutual_info_classif at 0x766691e17420>), 'select__k': 9, 'transform': None}",,,,,,451,,,,,,451,,,,,,451
0.002659877141316732,0.002816118954501413,0.0,0.0,SMOTE(random_state=42),100.0,500,2,l2,42,lbfgs,1e-08,,SelectKBest(score_func=<function mutual_info_classif at 0x766691e17420>),7,,"{'balance': SMOTE(random_state=42), 'classify__C': 100.0, 'classify__max_iter': 500, 'classify__n_jobs': 2, 'classify__penalty': 'l2', 'classify__random_state': 42, 'classify__solver': 'lbfgs', 'classify__tol': 1e-08, 'impute': None, 'select': SelectKBest(score_func=<function mutual_info_classif at 0x766691e17420>), 'select__k': 7, 'transform': None}",,,,,,451,,,,,,451,,,,,,451
0.0026624202728271484,0.0028368666485302815,0.0,0.0,SMOTE(random_state=42),100.0,500,2,l2,42,lbfgs,1e-08,,SelectKBest(score_func=<function mutual_info_classif at 0x766691e17420>),5,,"{'balance': SMOTE(random_state=42), 'classify__C': 100.0, 'classify__max_iter': 500, 'classify__n_jobs': 2, 'classify__penalty': 'l2', 'classify__random_state': 42, 'classify__solver': 'lbfgs', 'classify__tol': 1e-08, 'impute': None, 'select': SelectKBest(score_func=<function mutual_info_classif at 0x766691e17420>), 'select__k': 5, 'transform': None}",,,,,,451,,,,,,451,,,,,,451
0.002751588821411133,0.002838677771544856,0.0,0.0,SMOTE(random_state=42),100.0,200,2,l2,42,lbfgs,0.0001,SimpleImputer(strategy='median'),SelectKBest(score_func=<function mutual_info_classif at 0x766691e17420>),9,,"{'balance': SMOTE(random_state=42), 'classify__C': 100.0, 'classify__max_iter': 200, 'classify__n_jobs': 2, 'classify__penalty': 'l2', 'classify__random_state': 42, 'classify__solver': 'lbfgs', 'classify__tol': 0.0001, 'impute': SimpleImputer(strategy='median'), 'select': SelectKBest(score_func=<function mutual_info_classif at 0x766691e17420>), 'select__k': 9, 'transform': None}",,,,,,451,,,,,,451,,,,,,451
0.0007909138997395834,3.477443930681146e-05,0.0,0.0,SMOTE(random_state=42),100.0,200,2,l2,42,lbfgs,0.0001,SimpleImputer(strategy='median'),SelectKBest(score_func=<function mutual_info_classif at 0x766691e17420>),7,,"{'balance': SMOTE(random_state=42), 'classify__C': 100.0, 'classify__max_iter': 200, 'classify__n_jobs': 2, 'classify__penalty': 'l2', 'classify__random_state': 42, 'classify__solver': 'lbfgs', 'classify__tol': 0.0001, 'impute': SimpleImputer(strategy='median'), 'select': SelectKBest(score_func=<function mutual_info_classif at 0x766691e17420>), 'select__k': 7, 'transform': None}",,,,,,451,,,,,,451,,,,,,451
0.004163583119710286,0.004775883917434889,0.0,0.0,SMOTE(random_state=42),100.0,200,2,l2,42,lbfgs,0.0001,SimpleImputer(strategy='median'),SelectKBest(score_func=<function mutual_info_classif at 0x766691e17420>),5,,"{'balance': SMOTE(random_state=42), 'classify__C': 100.0, 'classify__max_iter': 200, 'classify__n_jobs': 2, 'classify__penalty': 'l2', 'classify__random_state': 42, 'classify__solver': 'lbfgs', 'classify__tol': 0.0001, 'impute': SimpleImputer(strategy='median'), 'select': SelectKBest(score_func=<function mutual_info_classif at 0x766691e17420>), 'select__k': 5, 'transform': None}",,,,,,451,,,,,,451,,,,,,451
0.003949324289957683,0.002885050132760741,0.0,0.0,SMOTE(random_state=42),100.0,200,2,l2,42,lbfgs,0.0001,,SelectKBest(score_func=<function mutual_info_classif at 0x766691e17420>),9,,"{'balance': SMOTE(random_state=42), 'classify__C': 100.0, 'classify__max_iter': 200, 'classify__n_jobs': 2, 'classify__penalty': 'l2', 'classify__random_state': 42, 'classify__solver': 'lbfgs', 'classify__tol': 0.0001, 'impute': None, 'select': SelectKBest(score_func=<function mutual_info_classif at 0x766691e17420>), 'select__k': 9, 'transform': None}",,,,,,451,,,,,,451,,,,,,451
0.0006242593129475912,1.1193548456145567e-05,0.0,0.0,SMOTE(random_state=42),100.0,200,2,l2,42,lbfgs,0.0001,,SelectKBest(score_func=<function mutual_info_classif at 0x766691e17420>),7,,"{'balance': SMOTE(random_state=42), 'classify__C': 100.0, 'classify__max_iter': 200, 'classify__n_jobs': 2, 'classify__penalty': 'l2', 'classify__random_state': 42, 'classify__solver': 'lbfgs', 'classify__tol': 0.0001, 'impute': None, 'select': SelectKBest(score_func=<function mutual_info_classif at 0x766691e17420>), 'select__k': 7, 'transform': None}",,,,,,451,,,,,,451,,,,,,451
0.000629266103108724,5.062614539029753e-06,0.0,0.0,SMOTE(random_state=42),100.0,200,2,l2,42,lbfgs,0.0001,,SelectKBest(score_func=<function mutual_info_classif at 0x766691e17420>),5,,"{'balance': SMOTE(random_state=42), 'classify__C': 100.0, 'classify__max_iter': 200, 'classify__n_jobs': 2, 'classify__penalty': 'l2', 'classify__random_state': 42, 'classify__solver': 'lbfgs', 'classify__tol': 0.0001, 'impute': None, 'select': SelectKBest(score_func=<function mutual_info_classif at 0x766691e17420>), 'select__k': 5, 'transform': None}",,,,,,451,,,,,,451,,,,,,451
0.001821279525756836,0.001572078320264987,0.0,0.0,SMOTE(random_state=42),100.0,200,2,l2,42,lbfgs,1e-06,SimpleImputer(strategy='median'),SelectKBest(score_func=<function mutual_info_classif at 0x766691e17420>),9,,"{'balance': SMOTE(random_state=42), 'classify__C': 100.0, 'classify__max_iter': 200, 'classify__n_jobs': 2, 'classify__penalty': 'l2', 'classify__random_state': 42, 'classify__solver': 'lbfgs', 'classify__tol': 1e-06, 'impute': SimpleImputer(strategy='median'), 'select': SelectKBest(score_func=<function mutual_info_classif at 0x766691e17420>), 'select__k': 9, 'transform': None}",,,,,,451,,,,,,451,,,,,,451
0.0018874804178873699,0.001630086061235766,0.0,0.0,SMOTE(random_state=42),100.0,200,2,l2,42,lbfgs,1e-06,SimpleImputer(strategy='median'),SelectKBest(score_func=<function mutual_info_classif at 0x766691e17420>),7,,"{'balance': SMOTE(random_state=42), 'classify__C': 100.0, 'classify__max_iter': 200, 'classify__n_jobs': 2, 'classify__penalty': 'l2', 'classify__random_state': 42, 'classify__solver': 'lbfgs', 'classify__tol': 1e-06, 'impute': SimpleImputer(strategy='median'), 'select': SelectKBest(score_func=<function mutual_info_classif at 0x766691e17420>), 'select__k': 7, 'transform': None}",,,,,,451,,,,,,451,,,,,,451
0.0017247994740804036,0.0014135146802869184,0.0,0.0,SMOTE(random_state=42),100.0,200,2,l2,42,lbfgs,1e-06,SimpleImputer(strategy='median'),SelectKBest(score_func=<function mutual_info_classif at 0x766691e17420>),5,,"{'balance': SMOTE(random_state=42), 'classify__C': 100.0, 'classify__max_iter': 200, 'classify__n_jobs': 2, 'classify__penalty': 'l2', 'classify__random_state': 42, 'classify__solver': 'lbfgs', 'classify__tol': 1e-06, 'impute': SimpleImputer(strategy='median'), 'select': SelectKBest(score_func=<function mutual_info_classif at 0x766691e17420>), 'select__k': 5, 'transform': None}",,,,,,451,,,,,,451,,,,,,451
0.0018486181894938152,0.0016386342066681636,0.0,0.0,SMOTE(random_state=42),100.0,200,2,l2,42,lbfgs,1e-06,,SelectKBest(score_func=<function mutual_info_classif at 0x766691e17420>),9,,"{'balance': SMOTE(random_state=42), 'classify__C': 100.0, 'classify__max_iter': 200, 'classify__n_jobs': 2, 'classify__penalty': 'l2', 'classify__random_state': 42, 'classify__solver': 'lbfgs', 'classify__tol': 1e-06, 'impute': None, 'select': SelectKBest(score_func=<function mutual_info_classif at 0x766691e17420>), 'select__k': 9, 'transform': None}",,,,,,451,,,,,,451,,,,,,451
0.0027196407318115234,0.00143789045249476,0.0,0.0,SMOTE(random_state=42),100.0,1000,2,l2,42,lbfgs,1e-08,SimpleImputer(strategy='median'),SelectKBest(score_func=<function mutual_info_classif at 0x766691e17420>),5,,"{'balance': SMOTE(random_state=42), 'classify__C': 100.0, 'classify__max_iter': 1000, 'classify__n_jobs': 2, 'classify__penalty': 'l2', 'classify__random_state': 42, 'classify__solver': 'lbfgs', 'classify__tol': 1e-08, 'impute': SimpleImputer(strategy='median'), 'select': SelectKBest(score_func=<function mutual_info_classif at 0x766691e17420>), 'select__k': 5, 'transform': None}",,,,,,451,,,,,,451,,,,,,451
0.0006315708160400391,1.5019739733173143e-05,0.0,0.0,SMOTE(random_state=42),100.0,1000,2,l2,42,lbfgs,1e-08,,SelectKBest(score_func=<function mutual_info_classif at 0x766691e17420>),9,,"{'balance': SMOTE(random_state=42), 'classify__C': 100.0, 'classify__max_iter': 1000, 'classify__n_jobs': 2, 'classify__penalty': 'l2', 'classify__random_state': 42, 'classify__solver': 'lbfgs', 'classify__tol': 1e-08, 'impute': None, 'select': SelectKBest(score_func=<function mutual_info_classif at 0x766691e17420>), 'select__k': 9, 'transform': None}",,,,,,451,,,,,,451,,,,,,451
0.0006455580393473307,1.2850051200490147e-05,0.0,0.0,SMOTE(random_state=42),100.0,1000,2,l2,42,lbfgs,1e-08,,SelectKBest(score_func=<function mutual_info_classif at 0x766691e17420>),7,,"{'balance': SMOTE(random_state=42), 'classify__C': 100.0, 'classify__max_iter': 1000, 'classify__n_jobs': 2, 'classify__penalty': 'l2', 'classify__random_state': 42, 'classify__solver': 'lbfgs', 'classify__tol': 1e-08, 'impute': None, 'select': SelectKBest(score_func=<function mutual_info_classif at 0x766691e17420>), 'select__k': 7, 'transform': None}",,,,,,451,,,,,,451,,,,,,451
0.0006886323293050131,4.16590939088202e-05,0.0,0.0,SMOTE(random_state=42),100.0,1000,2,l2,42,lbfgs,1e-08,,SelectKBest(score_func=<function mutual_info_classif at 0x766691e17420>),5,,"{'balance': SMOTE(random_state=42), 'classify__C': 100.0, 'classify__max_iter': 1000, 'classify__n_jobs': 2, 'classify__penalty': 'l2', 'classify__random_state': 42, 'classify__solver': 'lbfgs', 'classify__tol': 1e-08, 'impute': None, 'select': SelectKBest(score_func=<function mutual_info_classif at 0x766691e17420>), 'select__k': 5, 'transform': None}",,,,,,451,,,,,,451,,,,,,451
0.0006869633992513021,8.793161065371024e-06,0.0,0.0,SMOTE(random_state=42),100.0,500,2,l2,42,lbfgs,0.0001,SimpleImputer(strategy='median'),SelectKBest(score_func=<function mutual_info_classif at 0x766691e17420>),9,,"{'balance': SMOTE(random_state=42), 'classify__C': 100.0, 'classify__max_iter': 500, 'classify__n_jobs': 2, 'classify__penalty': 'l2', 'classify__random_state': 42, 'classify__solver': 'lbfgs', 'classify__tol': 0.0001, 'impute': SimpleImputer(strategy='median'), 'select': SelectKBest(score_func=<function mutual_info_classif at 0x766691e17420>), 'select__k': 9, 'transform': None}",,,,,,451,,,,,,451,,,,,,451
0.0006955464680989584,1.0505458375814605e-05,0.0,0.0,SMOTE(random_state=42),100.0,500,2,l2,42,lbfgs,0.0001,SimpleImputer(strategy='median'),SelectKBest(score_func=<function mutual_info_classif at 0x766691e17420>),7,,"{'balance': SMOTE(random_state=42), 'classify__C': 100.0, 'classify__max_iter': 500, 'classify__n_jobs': 2, 'classify__penalty': 'l2', 'classify__random_state': 42, 'classify__solver': 'lbfgs', 'classify__tol': 0.0001, 'impute': SimpleImputer(strategy='median'), 'select': SelectKBest(score_func=<function mutual_info_classif at 0x766691e17420>), 'select__k': 7, 'transform': None}",,,,,,451,,,,,,451,,,,,,451
0.0016934871673583984,0.0014107464184002134,0.0,0.0,SMOTE(random_state=42),100.0,500,2,l2,42,lbfgs,0.0001,SimpleImputer(strategy='median'),SelectKBest(score_func=<function mutual_info_classif at 0x766691e17420>),5,,"{'balance': SMOTE(random_state=42), 'classify__C': 100.0, 'classify__max_iter': 500, 'classify__n_jobs': 2, 'classify__penalty': 'l2', 'classify__random_state': 42, 'classify__solver': 'lbfgs', 'classify__tol': 0.0001, 'impute': SimpleImputer(strategy='median'), 'select': SelectKBest(score_func=<function mutual_info_classif at 0x766691e17420>), 'select__k': 5, 'transform': None}",,,,,,451,,,,,,451,,,,,,451
0.002687374750773112,0.0028355043752249357,0.0,0.0,SMOTE(random_state=42),100.0,500,2,l2,42,lbfgs,0.0001,,SelectKBest(score_func=<function mutual_info_classif at 0x766691e17420>),9,,"{'balance': SMOTE(random_state=42), 'classify__C': 100.0, 'classify__max_iter': 500, 'classify__n_jobs': 2, 'classify__penalty': 'l2', 'classify__random_state': 42, 'classify__solver': 'lbfgs', 'classify__tol': 0.0001, 'impute': None, 'select': SelectKBest(score_func=<function mutual_info_classif at 0x766691e17420>), 'select__k': 9, 'transform': None}",,,,,,451,,,,,,451,,,,,,451
0.0029349327087402344,0.0016138691630829779,0.0,0.0,SMOTE(random_state=42),100.0,500,2,l2,42,lbfgs,0.0001,,SelectKBest(score_func=<function mutual_info_classif at 0x766691e17420>),7,,"{'balance': SMOTE(random_state=42), 'classify__C': 100.0, 'classify__max_iter': 500, 'classify__n_jobs': 2, 'classify__penalty': 'l2', 'classify__random_state': 42, 'classify__solver': 'lbfgs', 'classify__tol': 0.0001, 'impute': None, 'select': SelectKBest(score_func=<function mutual_info_classif at 0x766691e17420>), 'select__k': 7, 'transform': None}",,,,,,451,,,,,,451,,,,,,451
0.0034291744232177734,0.0038588792081523794,0.0,0.0,SMOTE(random_state=42),100.0,500,2,l2,42,lbfgs,0.0001,,SelectKBest(score_func=<function mutual_info_classif at 0x766691e17420>),5,,"{'balance': SMOTE(random_state=42), 'classify__C': 100.0, 'classify__max_iter': 500, 'classify__n_jobs': 2, 'classify__penalty': 'l2', 'classify__random_state': 42, 'classify__solver': 'lbfgs', 'classify__tol': 0.0001, 'impute': None, 'select': SelectKBest(score_func=<function mutual_info_classif at 0x766691e17420>), 'select__k': 5, 'transform': None}",,,,,,451,,,,,,451,,,,,,451
0.0037572383880615234,0.004284223461778522,0.0,0.0,SMOTE(random_state=42),100.0,500,2,l2,42,lbfgs,1e-06,SimpleImputer(strategy='median'),SelectKBest(score_func=<function mutual_info_classif at 0x766691e17420>),9,,"{'balance': SMOTE(random_state=42), 'classify__C': 100.0, 'classify__max_iter': 500, 'classify__n_jobs': 2, 'classify__penalty': 'l2', 'classify__random_state': 42, 'classify__solver': 'lbfgs', 'classify__tol': 1e-06, 'impute': SimpleImputer(strategy='median'), 'select': SelectKBest(score_func=<function mutual_info_classif at 0x766691e17420>), 'select__k': 9, 'transform': None}",,,,,,451,,,,,,451,,,,,,451
0.0017057259877522786,0.0014070530052859153,0.0,0.0,SMOTE(random_state=42),100.0,500,2,l2,42,lbfgs,1e-06,SimpleImputer(strategy='median'),SelectKBest(score_func=<function mutual_info_classif at 0x766691e17420>),7,,"{'balance': SMOTE(random_state=42), 'classify__C': 100.0, 'classify__max_iter': 500, 'classify__n_jobs': 2, 'classify__penalty': 'l2', 'classify__random_state': 42, 'classify__solver': 'lbfgs', 'classify__tol': 1e-06, 'impute': SimpleImputer(strategy='median'), 'select': SelectKBest(score_func=<function mutual_info_classif at 0x766691e17420>), 'select__k': 7, 'transform': None}",,,,,,451,,,,,,451,,,,,,451
0.0006998380025227865,7.797255570990903e-06,0.0,0.0,SMOTE(random_state=42),100.0,500,2,l2,42,lbfgs,1e-06,SimpleImputer(strategy='median'),SelectKBest(score_func=<function mutual_info_classif at 0x766691e17420>),5,,"{'balance': SMOTE(random_state=42), 'classify__C': 100.0, 'classify__max_iter': 500, 'classify__n_jobs': 2, 'classify__penalty': 'l2', 'classify__random_state': 42, 'classify__solver': 'lbfgs', 'classify__tol': 1e-06, 'impute': SimpleImputer(strategy='median'), 'select': SelectKBest(score_func=<function mutual_info_classif at 0x766691e17420>), 'select__k': 5, 'transform': None}",,,,,,451,,,,,,451,,,,,,451
0.0020124117533365884,0.0018859116610325881,0.0,0.0,SMOTE(random_state=42),100.0,500,2,l2,42,lbfgs,1e-06,,SelectKBest(score_func=<function mutual_info_classif at 0x766691e17420>),9,,"{'balance': SMOTE(random_state=42), 'classify__C': 100.0, 'classify__max_iter': 500, 'classify__n_jobs': 2, 'classify__penalty': 'l2', 'classify__random_state': 42, 'classify__solver': 'lbfgs', 'classify__tol': 1e-06, 'impute': None, 'select': SelectKBest(score_func=<function mutual_info_classif at 0x766691e17420>), 'select__k': 9, 'transform': None}",,,,,,451,,,,,,451,,,,,,451
0.002659956614176432,0.002829632081437577,0.0,0.0,SMOTE(random_state=42),100.0,500,2,l2,42,lbfgs,1e-06,,SelectKBest(score_func=<function mutual_info_classif at 0x766691e17420>),7,,"{'balance': SMOTE(random_state=42), 'classify__C': 100.0, 'classify__max_iter': 500, 'classify__n_jobs': 2, 'classify__penalty': 'l2', 'classify__random_state': 42, 'classify__solver': 'lbfgs', 'classify__tol': 1e-06, 'impute': None, 'select': SelectKBest(score_func=<function mutual_info_classif at 0x766691e17420>), 'select__k': 7, 'transform': None}",,,,,,451,,,,,,451,,,,,,451
0.0026613076527913413,0.00282535070183923,0.0,0.0,SMOTE(random_state=42),100.0,500,2,l2,42,lbfgs,1e-06,,SelectKBest(score_func=<function mutual_info_classif at 0x766691e17420>),5,,"{'balance': SMOTE(random_state=42), 'classify__C': 100.0, 'classify__max_iter': 500, 'classify__n_jobs': 2, 'classify__penalty': 'l2', 'classify__random_state': 42, 'classify__solver': 'lbfgs', 'classify__tol': 1e-06, 'impute': None, 'select': SelectKBest(score_func=<function mutual_info_classif at 0x766691e17420>), 'select__k': 5, 'transform': None}",,,,,,451,,,,,,451,,,,,,451
0.0031213760375976562,0.00325816399499514,0.0,0.0,SMOTE(random_state=42),100.0,2000,2,l2,42,lbfgs,1e-08,,SelectKBest(score_func=<function mutual_info_classif at 0x766691e17420>),7,,"{'balance': SMOTE(random_state=42), 'classify__C': 100.0, 'classify__max_iter': 2000, 'classify__n_jobs': 2, 'classify__penalty': 'l2', 'classify__random_state': 42, 'classify__solver': 'lbfgs', 'classify__tol': 1e-08, 'impute': None, 'select': SelectKBest(score_func=<function mutual_info_classif at 0x766691e17420>), 'select__k': 7, 'transform': None}",,,,,,451,,,,,,451,,,,,,451
0.0007317066192626953,5.150429962800233e-07,0.0,0.0,SMOTE(random_state=42),100.0,2000,2,l2,42,lbfgs,1e-08,,SelectKBest(score_func=<function mutual_info_classif at 0x766691e17420>),5,,"{'balance': SMOTE(random_state=42), 'classify__C': 100.0, 'classify__max_iter': 2000, 'classify__n_jobs': 2, 'classify__penalty': 'l2', 'classify__random_state': 42, 'classify__solver': 'lbfgs', 'classify__tol': 1e-08, 'impute': None, 'select': SelectKBest(score_func=<function mutual_info_classif at 0x766691e17420>), 'select__k': 5, 'transform': None}",,,,,,451,,,,,,451,,,,,,451
0.0016252994537353516,0.0012480770307887463,0.0,0.0,SMOTE(random_state=42),100.0,1000,2,l2,42,lbfgs,0.0001,SimpleImputer(strategy='median'),SelectKBest(score_func=<function mutual_info_classif at 0x766691e17420>),9,,"{'balance': SMOTE(random_state=42), 'classify__C': 100.0, 'classify__max_iter': 1000, 'classify__n_jobs': 2, 'classify__penalty': 'l2', 'classify__random_state': 42, 'classify__solver': 'lbfgs', 'classify__tol': 0.0001, 'impute': SimpleImputer(strategy='median'), 'select': SelectKBest(score_func=<function mutual_info_classif at 0x766691e17420>), 'select__k': 9, 'transform': None}",,,,,,451,,,,,,451,,,,,,451
0.0007182757059733073,3.885824642050627e-05,0.0,0.0,SMOTE(random_state=42),100.0,1000,2,l2,42,lbfgs,0.0001,SimpleImputer(strategy='median'),SelectKBest(score_func=<function mutual_info_classif at 0x766691e17420>),7,,"{'balance': SMOTE(random_state=42), 'classify__C': 100.0, 'classify__max_iter': 1000, 'classify__n_jobs': 2, 'classify__penalty': 'l2', 'classify__random_state': 42, 'classify__solver': 'lbfgs', 'classify__tol': 0.0001, 'impute': SimpleImputer(strategy='median'), 'select': SelectKBest(score_func=<function mutual_info_classif at 0x766691e17420>), 'select__k': 7, 'transform': None}",,,,,,451,,,,,,451,,,,,,451
0.003017902374267578,0.0016423595415179636,0.0,0.0,SMOTE(random_state=42),100.0,1000,2,l2,42,lbfgs,0.0001,SimpleImputer(strategy='median'),SelectKBest(score_func=<function mutual_info_classif at 0x766691e17420>),5,,"{'balance': SMOTE(random_state=42), 'classify__C': 100.0, 'classify__max_iter': 1000, 'classify__n_jobs': 2, 'classify__penalty': 'l2', 'classify__random_state': 42, 'classify__solver': 'lbfgs', 'classify__tol': 0.0001, 'impute': SimpleImputer(strategy='median'), 'select': SelectKBest(score_func=<function mutual_info_classif at 0x766691e17420>), 'select__k': 5, 'transform': None}",,,,,,451,,,,,,451,,,,,,451
0.0006421407063802084,3.280737447882672e-05,0.0,0.0,SMOTE(random_state=42),100.0,1000,2,l2,42,lbfgs,0.0001,,SelectKBest(score_func=<function mutual_info_classif at 0x766691e17420>),9,,"{'balance': SMOTE(random_state=42), 'classify__C': 100.0, 'classify__max_iter': 1000, 'classify__n_jobs': 2, 'classify__penalty': 'l2', 'classify__random_state': 42, 'classify__solver': 'lbfgs', 'classify__tol': 0.0001, 'impute': None, 'select': SelectKBest(score_func=<function mutual_info_classif at 0x766691e17420>), 'select__k': 9, 'transform': None}",,,,,,451,,,,,,451,,,,,,451
0.0016544659932454426,0.0014450964527228595,0.0,0.0,SMOTE(random_state=42),100.0,1000,2,l2,42,lbfgs,0.0001,,SelectKBest(score_func=<function mutual_info_classif at 0x766691e17420>),7,,"{'balance': SMOTE(random_state=42), 'classify__C': 100.0, 'classify__max_iter': 1000, 'classify__n_jobs': 2, 'classify__penalty': 'l2', 'classify__random_state': 42, 'classify__solver': 'lbfgs', 'classify__tol': 0.0001, 'impute': None, 'select': SelectKBest(score_func=<function mutual_info_classif at 0x766691e17420>), 'select__k': 7, 'transform': None}",,,,,,451,,,,,,451,,,,,,451
0.002722660700480143,0.0028679031212958646,0.0,0.0,SMOTE(random_state=42),100.0,1000,2,l2,42,lbfgs,0.0001,,SelectKBest(score_func=<function mutual_info_classif at 0x766691e17420>),5,,"{'balance': SMOTE(random_state=42), 'classify__C': 100.0, 'classify__max_iter': 1000, 'classify__n_jobs': 2, 'classify__penalty': 'l2', 'classify__random_state': 42, 'classify__solver': 'lbfgs', 'classify__tol': 0.0001, 'impute': None, 'select': SelectKBest(score_func=<function mutual_info_classif at 0x766691e17420>), 'select__k': 5, 'transform': None}",,,,,,451,,,,,,451,,,,,,451
0.0028754075368245444,0.0028615482585396417,0.0,0.0,SMOTE(random_state=42),100.0,1000,2,l2,42,lbfgs,1e-06,SimpleImputer(strategy='median'),SelectKBest(score_func=<function mutual_info_classif at 0x766691e17420>),9,,"{'balance': SMOTE(random_state=42), 'classify__C': 100.0, 'classify__max_iter': 1000, 'classify__n_jobs': 2, 'classify__penalty': 'l2', 'classify__random_state': 42, 'classify__solver': 'lbfgs', 'classify__tol': 1e-06, 'impute': SimpleImputer(strategy='median'), 'select': SelectKBest(score_func=<function mutual_info_classif at 0x766691e17420>), 'select__k': 9, 'transform': None}",,,,,,451,,,,,,451,,,,,,451
0.007711648941040039,0.0009803682101427785,0.0,0.0,SMOTE(random_state=42),100.0,1000,2,l2,42,lbfgs,1e-06,SimpleImputer(strategy='median'),SelectKBest(score_func=<function mutual_info_classif at 0x766691e17420>),7,,"{'balance': SMOTE(random_state=42), 'classify__C': 100.0, 'classify__max_iter': 1000, 'classify__n_jobs': 2, 'classify__penalty': 'l2', 'classify__random_state': 42, 'classify__solver': 'lbfgs', 'classify__tol': 1e-06, 'impute': SimpleImputer(strategy='median'), 'select': SelectKBest(score_func=<function mutual_info_classif at 0x766691e17420>), 'select__k': 7, 'transform': None}",,,,,,451,,,,,,451,,,,,,451
0.0009008248647054037,2.061305993900738e-05,0.0,0.0,SMOTE(random_state=42),100.0,1000,2,l2,42,lbfgs,1e-06,SimpleImputer(strategy='median'),SelectKBest(score_func=<function mutual_info_classif at 0x766691e17420>),5,,"{'balance': SMOTE(random_state=42), 'classify__C': 100.0, 'classify__max_iter': 1000, 'classify__n_jobs': 2, 'classify__penalty': 'l2', 'classify__random_state': 42, 'classify__solver': 'lbfgs', 'classify__tol': 1e-06, 'impute': SimpleImputer(strategy='median'), 'select': SelectKBest(score_func=<function mutual_info_classif at 0x766691e17420>), 'select__k': 5, 'transform': None}",,,,,,451,,,,,,451,,,,,,451
0.003760178883870443,0.004262895126786529,0.0,0.0,SMOTE(random_state=42),100.0,1000,2,l2,42,lbfgs,1e-06,,SelectKBest(score_func=<function mutual_info_classif at 0x766691e17420>),9,,"{'balance': SMOTE(random_state=42), 'classify__C': 100.0, 'classify__max_iter': 1000, 'classify__n_jobs': 2, 'classify__penalty': 'l2', 'classify__random_state': 42, 'classify__solver': 'lbfgs', 'classify__tol': 1e-06, 'impute': None, 'select': SelectKBest(score_func=<function mutual_info_classif at 0x766691e17420>), 'select__k': 9, 'transform': None}",,,,,,451,,,,,,451,,,,,,451
0.0006815592447916666,6.442195695965022e-05,0.0,0.0,SMOTE(random_state=42),100.0,1000,2,l2,42,lbfgs,1e-06,,SelectKBest(score_func=<function mutual_info_classif at 0x766691e17420>),7,,"{'balance': SMOTE(random_state=42), 'classify__C': 100.0, 'classify__max_iter': 1000, 'classify__n_jobs': 2, 'classify__penalty': 'l2', 'classify__random_state': 42, 'classify__solver': 'lbfgs', 'classify__tol': 1e-06, 'impute': None, 'select': SelectKBest(score_func=<function mutual_info_classif at 0x766691e17420>), 'select__k': 7, 'transform': None}",,,,,,451,,,,,,451,,,,,,451
0.0006701946258544922,4.195399286383399e-05,0.0,0.0,SMOTE(random_state=42),100.0,1000,2,l2,42,lbfgs,1e-06,,SelectKBest(score_func=<function mutual_info_classif at 0x766691e17420>),5,,"{'balance': SMOTE(random_state=42), 'classify__C': 100.0, 'classify__max_iter': 1000, 'classify__n_jobs': 2, 'classify__penalty': 'l2', 'classify__random_state': 42, 'classify__solver': 'lbfgs', 'classify__tol': 1e-06, 'impute': None, 'select': SelectKBest(score_func=<function mutual_info_classif at 0x766691e17420>), 'select__k': 5, 'transform': None}",,,,,,451,,,,,,451,,,,,,451
0.0027504762013753257,0.0028329205668706147,0.0,0.0,SMOTE(random_state=42),100.0,1000,2,l2,42,lbfgs,1e-08,SimpleImputer(strategy='median'),SelectKBest(score_func=<function mutual_info_classif at 0x766691e17420>),9,,"{'balance': SMOTE(random_state=42), 'classify__C': 100.0, 'classify__max_iter': 1000, 'classify__n_jobs': 2, 'classify__penalty': 'l2', 'classify__random_state': 42, 'classify__solver': 'lbfgs', 'classify__tol': 1e-08, 'impute': SimpleImputer(strategy='median'), 'select': SelectKBest(score_func=<function mutual_info_classif at 0x766691e17420>), 'select__k': 9, 'transform': None}",,,,,,451,,,,,,451,,,,,,451
0.002704064051310221,0.0028134466701223537,0.0,0.0,SMOTE(random_state=42),100.0,1000,2,l2,42,lbfgs,1e-08,SimpleImputer(strategy='median'),SelectKBest(score_func=<function mutual_info_classif at 0x766691e17420>),7,,"{'balance': SMOTE(random_state=42), 'classify__C': 100.0, 'classify__max_iter': 1000, 'classify__n_jobs': 2, 'classify__penalty': 'l2', 'classify__random_state': 42, 'classify__solver': 'lbfgs', 'classify__tol': 1e-08, 'impute': SimpleImputer(strategy='median'), 'select': SelectKBest(score_func=<function mutual_info_classif at 0x766691e17420>), 'select__k': 7, 'transform': None}",,,,,,451,,,,,,451,,,,,,451
0.0007619857788085938,2.9178771867526953e-05,0.0,0.0,RandomUnderSampler(random_state=42),0.01,100,2,l2,42,lbfgs,1e-08,SimpleImputer(strategy='median'),SelectKBest(score_func=<function mutual_info_classif at 0x766691e17420>),5,,"{'balance': RandomUnderSampler(random_state=42), 'classify__C': 0.01, 'classify__max_iter': 100, 'classify__n_jobs': 2, 'classify__penalty': 'l2', 'classify__random_state': 42, 'classify__solver': 'lbfgs', 'classify__tol': 1e-08, 'impute': SimpleImputer(strategy='median'), 'select': SelectKBest(score_func=<function mutual_info_classif at 0x766691e17420>), 'select__k': 5, 'transform': None}",,,,,,451,,,,,,451,,,,,,451
0.0006602605183919271,1.478622402134925e-05,0.0,0.0,RandomUnderSampler(random_state=42),0.01,100,2,l2,42,lbfgs,1e-08,,SelectKBest(score_func=<function mutual_info_classif at 0x766691e17420>),9,,"{'balance': RandomUnderSampler(random_state=42), 'classify__C': 0.01, 'classify__max_iter': 100, 'classify__n_jobs': 2, 'classify__penalty': 'l2', 'classify__random_state': 42, 'classify__solver': 'lbfgs', 'classify__tol': 1e-08, 'impute': None, 'select': SelectKBest(score_func=<function mutual_info_classif at 0x766691e17420>), 'select__k': 9, 'transform': None}",,,,,,451,,,,,,451,,,,,,451
0.0007311503092447916,5.431421994557685e-05,0.0,0.0,RandomUnderSampler(random_state=42),0.01,100,2,l2,42,lbfgs,1e-08,,SelectKBest(score_func=<function mutual_info_classif at 0x766691e17420>),7,,"{'balance': RandomUnderSampler(random_state=42), 'classify__C': 0.01, 'classify__max_iter': 100, 'classify__n_jobs': 2, 'classify__penalty': 'l2', 'classify__random_state': 42, 'classify__solver': 'lbfgs', 'classify__tol': 1e-08, 'impute': None, 'select': SelectKBest(score_func=<function mutual_info_classif at 0x766691e17420>), 'select__k': 7, 'transform': None}",,,,,,451,,,,,,451,,,,,,451
0.0007245540618896484,2.4138826378592975e-05,0.0,0.0,RandomUnderSampler(random_state=42),0.01,100,2,l2,42,lbfgs,1e-08,,SelectKBest(score_func=<function mutual_info_classif at 0x766691e17420>),5,,"{'balance': RandomUnderSampler(random_state=42), 'classify__C': 0.01, 'classify__max_iter': 100, 'classify__n_jobs': 2, 'classify__penalty': 'l2', 'classify__random_state': 42, 'classify__solver': 'lbfgs', 'classify__tol': 1e-08, 'impute': None, 'select': SelectKBest(score_func=<function mutual_info_classif at 0x766691e17420>), 'select__k': 5, 'transform': None}",,,,,,451,,,,,,451,,,,,,451
